0.00113658532567922
0.00164193525685508
0.00078078335944324
0.00105512989139906
0.00141949750282368
0.000745723048561808
0.000467856641383678
0.00115012644460508
0.00136419714616075
0.000302476959117072
0.000939930208677671
0.00124375860407117
0.00143347468242727
0.000187431159357688
0.00036536984064147
0.00154518924221677
0.00127918331979402
0.00122279553546671
0.000373143362171518
0.00090970774587742
0.0017287577007124
0.00129791875217549
0.000795473528153847
0.00058775846138036
0.00101548390107287
0.00130705472698701
0.00157569899810926
0.00122670264190304
0.000507230590811722
5.23411425927302e-05
0.000962259479417373
0.00150583395469969
0.00120128432060481
0.00121614107567825
0.00108903185120096
0.000145761341026658
0.000314014521427283
0.000501641106957259
0.000970402071852446
0.00133794186442241
0.00105879045301788
0.00089126243914462
0.000873609200416067
0.000536334539801316
0.00022403058806088
0.000562886188516388
0.000738446672361824
0.000511218558696031
0.000801829852326737
0.000943265419315557
0.000788444178238333
0.00075438518962309
0.00100913310376529
0.000927359859314942
0.000626016414775791
0.000336351796447574
0.000294602577545524
0.000474285589760363
0.000396125199148682
0.000604093427632567
0.000955322755102106
0.00102954118959749
0.00103189062238356
0.00101546386686491
0.000989330206030503
0.00096819680667581
0.00100956446481676
0.00106251025586304
0.000680302977125147
0.000250817671160612
0.000177727815375285
0.000365873807008032
0.000521436777558138
0.000684446315504747
0.000933907423293453
0.00121875012150489
0.00144910823205833
0.00150803836588585
0.00139453237736889
0.00123493387151967
0.00108352085366293
0.000941781849537593
0.000806503339519567
0.000680869409349218
0.000575971916484935
0.000507957841806133
0.000503767265797335
0.000589024043585666
0.000693135646884765
0.00079331093493223
0.000890642346877739
0.000980554720575914
0.0010588336012951
0.0011236588788565
0.00117535619226094
0.00121582579787558
0.0012486492954021
0.00127902206672248
0.00131297263460777
0.00134813931329066
0.00112217859477823
0.00165700989271937
0.000798085057347976
0.00106144036038923
0.0014429840589005
0.000744118588422311
0.000516854793617821
0.00116166739285658
0.00135538391916003
0.000306305554711913
0.000957197428544936
0.00123791641981698
0.00141896760392963
0.000221596269935175
0.000382682170532021
0.00153087784276339
0.00127746101071008
0.00121201956060736
0.000379507018002231
0.000902191649320474
0.00171581219705676
0.00130080310329768
0.000809970763843306
0.000580185639078228
0.00100227176576113
0.00131039773287389
0.0015781504235804
0.00123220150971688
0.000543832598970622
0.00010975265889307
0.000957199546462391
0.00149758246041406
0.00122028172728633
0.00123781462251385
0.00109538513885942
0.000196940326231118
0.000315961953653204
0.000518883474325144
0.000987129150186424
0.00134269084644497
0.00107561412275632
0.000916839932993578
0.000892267770705076
0.000540711089802282
0.000222850413675281
0.000560193870537574
0.000742955453183624
0.000553837541589619
0.000835373424685324
0.000957271143097924
0.000798536837843701
0.000758717873016047
0.00100081835444943
0.000915591911630136
0.000617263306795194
0.000350179178200065
0.000318430753050036
0.000487319404298106
0.000420179162817683
0.000619468003980264
0.000957814660006618
0.00102758837604947
0.00102313852246369
0.00100168457983717
0.000977491738441013
0.000958337293013355
0.000998634536050781
0.00104994133845034
0.00067596282786432
0.000269053883472262
0.000213610537123231
0.000379562189976539
0.000522569495297164
0.000678697218797145
0.000923431704753008
0.00120397922321946
0.00143088862790451
0.001489057594842
0.00137772949193167
0.00122174747791687
0.00107537063100292
0.000939729395413427
0.000809310746438872
0.00068562942571197
0.000579925324255501
0.000509131579965033
0.000501056299417499
0.000582383430102329
0.000683986347127406
0.000782480405647005
0.000878343624934709
0.000966964562465144
0.00104456884975875
0.00110997006240131
0.00116354034213836
0.00120629826898985
0.00124087851713816
0.00127207891371177
0.00130591017354722
0.00134030622663846
0.00107962287871442
0.00169966901347303
0.000845929208593892
0.00107940460176693
0.00150857004651433
0.000739479286774297
0.000637233437354863
0.00119427550157576
0.00132968102995758
0.000317071462426422
0.00100526124194894
0.00122093839957212
0.00137634238476514
0.000298902629460754
0.000428643428731922
0.00148890170845196
0.0012724887997211
0.00118044208963806
0.000397261504861035
0.000880191525189768
0.00167797939055908
0.00130907276699752
0.000850334582637888
0.000557806659772662
0.000963217297301263
0.00131997624863224
0.00158518784870565
0.00124789954415564
0.00063759453640088
0.000197082094134096
0.000942478339603734
0.00147356518747653
0.00127340065217895
0.00129820175767671
0.00111347625553797
0.000298809948996607
0.000321503485264123
0.000565602749750596
0.00103378233228272
0.00135627212592277
0.00112264874154892
0.000986791572113949
0.000943935320419248
0.000553119487714143
0.000219416786650007
0.000552368362741971
0.000755787756997833
0.000661389407105211
0.000925190693727216
0.00099650019624028
0.000826909783094576
0.000771057374360106
0.000976481640462211
0.000880829797691167
0.000591336539123194
0.000387245719793198
0.000378759377316449
0.000523037890137128
0.000482792172271787
0.000661745306429633
0.000964953873973392
0.00102194463235276
0.000997509062761648
0.000960905753146212
0.00094257415531168
0.000929363943354613
0.000966472943634399
0.00101287985243435
0.000663307276303118
0.000315734017127368
0.000293364296340918
0.000416471086375256
0.000525817397931518
0.000661864504135397
0.000892581662531966
0.00116039847039521
0.00137708169815387
0.00143300117900281
0.00132816077101751
0.00118295810793424
0.00105155024874337
0.000933794393828108
0.000817340497481536
0.000699154370863103
0.000591161064224821
0.00051249621092966
0.000493167158531099
0.000562825117331378
0.000656930686818477
0.000750422622804997
0.0008419280554399
0.000926720833039612
0.00100236197502663
0.00106957665208894
0.00112882739631841
0.00117843470428663
0.00121822664128671
0.00125187184667879
0.00128535791481413
0.00131749167205619
0.00101095499333193
0.00176302555696096
0.000914387732400791
0.0011063617732101
0.00160385979976523
0.000732314457883169
0.00078671204952028
0.0012425753080437
0.00128930840804215
0.00033289111883489
0.00107473799762815
0.00119445855806189
0.0013083458623251
0.000388575324831019
0.000490781098863552
0.00142218941945665
0.00126483301716204
0.00113035279755331
0.000423020017176238
0.000845375569841798
0.00161830149807436
0.00132164226278913
0.000908704449163689
0.000521661192209666
0.000900101486889247
0.00133451803918617
0.00159590961680248
0.00127157447571644
0.000759105208426243
0.000282656602118595
0.000919467079642198
0.00143598963759435
0.00135073770984319
0.00138562481583339
0.00114063702466757
0.000408241075126483
0.000329813050784958
0.000630501320464701
0.00110143281249497
0.00137682001917764
0.0011911127963275
0.00108525289577235
0.00101802082560632
0.000571608019202476
0.000214049353622221
0.000540159128383554
0.000775035979771449
0.000798548590195032
0.00104797213552908
0.00105377368561542
0.000868583760686117
0.000789588627863643
0.000937971624677383
0.000824733981508813
0.000549245631139902
0.000437992059718928
0.00045595956324834
0.000573462571752804
0.000565428283899484
0.000721730108086666
0.000975790473816743
0.00101323694153932
0.000956911881454029
0.00089483156398269
0.000886413322521793
0.000883132356386187
0.000915008427725853
0.000953307680091966
0.000643435201865712
0.000376179341938373
0.000384720402728843
0.00046739921333777
0.00053075492304124
0.000635210663687625
0.000843129966307719
0.00109025505632807
0.00129029971565623
0.00134258556610358
0.00124840528357584
0.00112092872548247
0.00101397044804981
0.000924627553052642
0.000829492030068847
0.000719382734291936
0.000607972584369567
0.000517608702902283
0.000480829285156391
0.000531465760189003
0.00061316773253383
0.000698459024634975
0.000782857358248561
0.000861424748684079
0.000934005029236567
0.00100454474450786
0.00107346894092328
0.00113441852709195
0.00118268071520418
0.00122026393510077
0.00125321642660988
0.00128175030177833
0.000919746178502514
0.00183776327923372
0.000991932824728263
0.00113855830024837
0.00171352816232557
0.000723428588983059
0.000938090765777291
0.00129937412306909
0.00123798724363137
0.000351325296219393
0.00115426664274565
0.00116115180556043
0.001219769989247
0.000476039128210569
0.000557626674578199
0.00133581225004999
0.00125537804881082
0.00106569876636058
0.000452619900799319
0.000800602383425476
0.00154194453531733
0.00133689964417163
0.000975547617349894
0.000473569314986427
0.00081603857181126
0.00135214261668465
0.00160896423861
0.00130002738862748
0.000885678082330245
0.000360907479197031
0.000890427799705504
0.00138850835194755
0.00143994408767541
0.00148585678335071
0.001173096117947
0.000511442361150862
0.00033972877768639
0.000701964115484846
0.00117912948756003
0.00140161440040244
0.0012700660250238
0.0011950049439526
0.00110211961836667
0.000593501500921271
0.000207275487689099
0.00052479450374354
0.000798013611253137
0.000939848584450207
0.00118128363254539
0.00112003736991932
0.000917121894010625
0.00081174301626771
0.000888455345376405
0.000750215561011638
0.000492727168418097
0.00049316099513944
0.000535674384791261
0.000629828063073316
0.000652660219659389
0.00078910936244748
0.000988921369571804
0.00100245208230594
0.000904627297305538
0.000806419445416128
0.000812235778935183
0.000822881212148893
0.00084762103726482
0.000874708088881036
0.000618186686343531
0.000439106266268387
0.000473285591790143
0.000523144049833533
0.000536749667091138
0.000600902411948471
0.000778188469423734
0.000997497707705652
0.00117512565553737
0.0012225761462456
0.00114299539450448
0.00103979698156195
0.000965877200841664
0.000913257104143792
0.00084415923540374
0.000743445195903651
0.000627980617509872
0.000523811959665285
0.000465248013183671
0.000490265980406663
0.000554789786524516
0.000628879361331786
0.000703656286550857
0.000773838870774111
0.000842613046987631
0.000918504401805956
0.00100139092899445
0.00107797290315643
0.00113756126431888
0.00118033568854605
0.00121262611584078
0.00123649688209319
0.000811501420948501
0.00191409503736934
0.00106829006507452
0.00117184995386326
0.00182300300194027
0.000713850969900918
0.00107604341772588
0.00135720993062131
0.00118092529891391
0.000369934997857041
0.00123327935896862
0.00112462462259647
0.00111782709971902
0.00055415611670932
0.00062090788278546
0.00123728615257301
0.00124523743458769
0.000992279236913939
0.000482127605165252
0.000750025915667166
0.0014562965457419
0.00135294724585887
0.0010419816130889
0.000416333620892423
0.000715818894302671
0.00137064941291322
0.00162274133293017
0.00132963778326731
0.00100298128587192
0.000428772223830687
0.000858446599525903
0.00133612788139269
0.00152917050379487
0.00158557746845769
0.0012066797588279
0.000602143733527346
0.000349972444843478
0.000770770030958318
0.00125654695543687
0.00142752711647492
0.00134902061495629
0.00130167626704876
0.00118507885061753
0.000615945940569238
0.000199814830715345
0.000507933600286685
0.0008217605370006
0.001069913647173
0.00130831538349808
0.00118649606380017
0.000966100400808076
0.000834673619986785
0.000832532841299435
0.00066176170613012
0.000424393552813456
0.000545779578615294
0.000609153584374347
0.000684733710621781
0.000734194025995191
0.000855000626406227
0.00100270613199436
0.000990846153206754
0.000845443277408508
0.000700177163179069
0.000725009544533388
0.000753490168059867
0.000769453995494176
0.000782439648348373
0.000590132506694055
0.000497403526119224
0.000552146311217513
0.000576577068855316
0.000543056463203562
0.000562097075911549
0.000702516274426931
0.000888211099447245
0.00103862591059075
0.00108032039224594
0.00101891286836587
0.000945845512505979
0.000911915911870775
0.000900999336820158
0.000859492887557135
0.000768224582464034
0.000648595174398734
0.000530333640350587
0.000448072065528198
0.000442226229012789
0.000485008160432455
0.000545166310680649
0.000608147041223844
0.000668138213675492
0.000732944500722831
0.000817050602270476
0.000918495573458786
0.00101446106723605
0.00108749204161228
0.00113630500009867
0.00116788238809468
0.00118644493716709
0.000694577274699495
0.00198314764152448
0.00113537195082864
0.00120229403400892
0.00192019594074733
0.000704732335970088
0.00119120437910879
0.00140939650606878
0.00112466919845708
0.000386606866731752
0.00130316832998182
0.00108918447031602
0.00101272274392877
0.000618636783748347
0.000674987422182493
0.00113694707261075
0.00123563253139091
0.000917951250174236
0.000508297026678411
0.000699173223482648
0.00137094596555253
0.00136785548866574
0.00110076112749421
0.000354219113720239
0.000606739609242844
0.00138781521538734
0.00163558180771346
0.00135687368556511
0.00110188765664665
0.000483947387375776
0.000827268106589551
0.00128496183584722
0.00160851143748346
0.00167387877663127
0.00123740766131046
0.000676379766984061
0.000359332305908989
0.00083024583404168
0.00132518012330877
0.00145145555580527
0.00141921620407947
0.00139449778504202
0.00125805927284884
0.000636315727986301
0.000192540823163431
0.000491562742163521
0.00084346626131477
0.00117913134264054
0.00141734772246369
0.00124571972727957
0.001009962773367
0.000855661483946536
0.000776320207047264
0.000566185308383123
0.000348165459000995
0.000590970448655002
0.000670906858334526
0.000732587416145865
0.0008033038565197
0.000912592629894916
0.00101548905141465
0.00097981486870948
0.0007857763889794
0.0005829552760572
0.000632168665707954
0.000681878408350064
0.00068795381471908
0.000684492886112847
0.000562496484992836
0.000546547055220912
0.000617134517031222
0.000622622508890627
0.000548916878058075
0.000523014573574523
0.000623087690211229
0.000771533891809401
0.000891510365743976
0.000926956623020198
0.000886626275901962
0.000848127519174634
0.000858121977291413
0.000889326841692906
0.000873656574708224
0.00079080228250619
0.00066738646440904
0.000536389755546942
0.000431309040264709
0.000391751087959243
0.000408717450933209
0.000452604185040455
0.000502104919302704
0.00055062026193102
0.000612240960288061
0.00070859853167295
0.000833116044743314
0.000950921364923755
0.00103824414110191
0.00109331483095997
0.00112421526289071
0.00113740594874773
0.000582135747766748
0.00203770923520055
0.00118725657123342
0.001226553310345
0.0019959296387714
0.000697210524171268
0.00127742603229489
0.00145055090700545
0.00107663612031964
0.000399683692584265
0.001357482705322
0.00105941657611873
0.000918181840069338
0.000666602933818267
0.000716057901367748
0.00104806635919953
0.00122774694807995
0.000852577514155947
0.00052867296036171
0.000654802206398062
0.00129721923513081
0.00137988963303909
0.00114645101652989
0.000294029437804306
0.000500527799731251
0.00140165337085192
0.00164597534581843
0.00137867856064065
0.00117638018194863
0.000524650814009463
0.000800953687864396
0.00124169190909815
0.00167040479655027
0.00174255515995182
0.00126190378819692
0.000731343270281822
0.000366785855099198
0.00087574744619993
0.00137860461667271
0.00147067417062096
0.00147396883637185
0.00146582410727686
0.00131455910716646
0.000652450967974127
0.000186401094703815
0.00047780226590224
0.000860756045746029
0.00126118778390408
0.00150038073283355
0.00129199225164951
0.00104435758413363
0.000872397444864484
0.000727287727388617
0.000474226539940123
0.000270575401071723
0.000625398967110129
0.000717325916144105
0.000769399122028007
0.0008555220327532
0.000956981089925899
0.00102579192989529
0.000970729336658523
0.000733553373692063
0.000466069217341328
0.00054490344280939
0.000617384469728937
0.000613555965840514
0.000592790391786135
0.000538919856595131
0.000583555148465579
0.000665433835944365
0.000657778570203882
0.000553648436629312
0.000488847838902378
0.000549913070848894
0.000661359224600289
0.000750539862406568
0.000779930897097754
0.000761978261835682
0.000759217762743869
0.000811635060724084
0.000879696750746959
0.000885035225093205
0.000808741574371745
0.000682322469486491
0.000541276614088067
0.000417145590201326
0.000345184959799584
0.000333866284063295
0.000359946446839992
0.000395135600541082
0.000431768187925916
0.000492417362726267
0.000605993240980013
0.000756416962036639
0.000895794889810512
0.000996297355766979
0.001056976002754
0.00108732074387724
0.00109580647124303
0.000495159358685213
0.00207254720043069
0.00121993222481059
0.0012421319087642
0.00204384826098353
0.000692256929868121
0.00133069336963167
0.00147679408715376
0.00104409358234244
0.000407992982238735
0.0013917911275044
0.0010395272939433
0.000850827356478773
0.000696130265413462
0.000741639038524264
0.000985740544600222
0.00122257256637411
0.000807056707634577
0.000541559069307253
0.000624142033848088
0.00124674820375486
0.00138768807558332
0.00117531536085073
0.000246953850323774
0.000416853628606448
0.00141061236725511
0.00165272399246786
0.00139272656516827
0.00122255602310338
0.000549594561777031
0.000783301512176624
0.00121261697708836
0.00170959466288374
0.00178595667623842
0.00127763920567592
0.000765091414479176
0.000371570179618224
0.000904212364505473
0.00141238544332043
0.00148308391082897
0.00150863467626329
0.00151056362247262
0.00135016212386892
0.000662770662193323
0.000182282164501315
0.000468602860503038
0.000871856237289988
0.00131198115520994
0.00155218278709276
0.00132132077029801
0.00106620892489295
0.000883150024360055
0.000693416508288628
0.000403042671489944
0.000204636165553289
0.000646883033256925
0.000746067685528576
0.000792504537331476
0.000887950280852794
0.00098487514391527
0.00103246120479669
0.00096475302852702
0.000697361058703699
0.000370389503494802
0.000479453544701254
0.000571376019351418
0.000559687356836581
0.000524356014431854
0.00052295832527532
0.000606493683941202
0.000695151306419767
0.000679745067761588
0.000556715052728402
0.000465195568154814
0.000496367098462216
0.000578234091104496
0.000642045031898161
0.000666702379262606
0.000668194097730449
0.000695078842000684
0.000779799591821698
0.000873353883952935
0.000892383860329872
0.000820239025535906
0.000691897372815193
0.00054444262641549
0.000407635712974389
0.000311053547662389
0.000274203026718
0.000283584153627823
0.000305757207418511
0.000331986152468888
0.000395070001654598
0.00052838289467043
0.00070184883226534
0.000857905194709508
0.000967938570547588
0.00103256797751766
0.0010625488166983
0.00106778057070249
0.000461130552579505
0.00208451008509868
0.00123107747016183
0.0012474967854508
0.00206022948907219
0.000690528251000802
0.00134870081366509
0.00148579980781344
0.00103255175338236
0.000410839452348685
0.00140351012202565
0.00103253018943935
0.000826151672741726
0.000706096178842301
0.000750319256487438
0.000963151907266017
0.00122077039130864
0.000790634569871783
0.000545963216278663
0.000613135276762362
0.00122873487431668
0.00139038621304101
0.00118517538859809
0.000228345289109074
0.000383546720473805
0.00141371051125544
0.00165506133484042
0.0013975723502634
0.00123818990993899
0.000557996624775753
0.000777077167981214
0.00120235488094651
0.0017229966298216
0.00180078515463623
0.00128305891111058
0.00077646892794741
0.000373217409657028
0.0009138907264339
0.00142392992053534
0.00148736954490551
0.00152048910028813
0.00152579460768447
0.00136230925281944
0.000666317262807901
0.000180829726493306
0.000465365396475541
0.000875678374744182
0.00132916746850986
0.00156977356683562
0.00133135531251145
0.0010736937788387
0.000886853856076885
0.000681259283573464
0.00037517413958808
0.000176049420897386
0.000654179321430187
0.000755793925075806
0.000800372927354756
0.000898938850385415
0.000994379599422849
0.00103476736318784
0.00096266879847965
0.000684343938222814
0.000330746907580899
0.000454523424789573
0.000554505064190474
0.000539722581865161
0.000498395425588454
0.000517299733175926
0.000614259779495322
0.000705179143217643
0.000687209699110428
0.000557776132834045
0.000456694725857222
0.000476364707441847
0.000546414472165081
0.000599791147177338
0.00062257920804297
0.000632377540437427
0.000671371603038231
0.000768434744858856
0.000871140224706171
0.000894921897051662
0.000824194525477258
0.00069519184952223
0.000545537872309089
0.000404280634694653
0.000298287521108555
0.000250175134527136
0.000251700850072445
0.000267826815871497
0.000289391966804089
0.000355071532035595
0.000498610816944859
0.000681876625533982
0.000844348545387508
0.00095789326531748
0.00102395504966848
0.00105380938979128
0.00105787358427924
