2.5e-07
2.53e-07
2.56e-07
2.59e-07
2.62e-07
2.65e-07
2.68e-07
2.71e-07
2.74e-07
2.77e-07
2.8e-07
2.83e-07
2.86e-07
2.89e-07
2.92e-07
2.95e-07
2.98e-07
3.01e-07
3.04e-07
3.07e-07
3.1e-07
3.13e-07
3.16e-07
3.19e-07
3.22e-07
3.25e-07
3.28e-07
3.31e-07
3.34e-07
3.37e-07
3.4e-07
3.43e-07
3.46e-07
3.49e-07
3.52e-07
3.55e-07
3.58e-07
3.61e-07
3.64e-07
3.67e-07
3.7e-07
3.73e-07
3.76e-07
3.79e-07
3.82e-07
3.85e-07
3.88e-07
3.91e-07
3.94e-07
3.97e-07
4e-07
4.03e-07
4.06e-07
4.09e-07
4.12e-07
4.15e-07
4.18e-07
4.21e-07
4.24e-07
4.27e-07
4.3e-07
4.33e-07
4.36e-07
4.39e-07
4.42e-07
4.45e-07
4.48e-07
4.51e-07
4.54e-07
4.57e-07
4.6e-07
4.63e-07
4.66e-07
4.69e-07
4.72e-07
4.75e-07
4.78e-07
4.81e-07
4.84e-07
4.87e-07
4.9e-07
4.93e-07
4.96e-07
4.99e-07
5.02e-07
5.05e-07
5.08e-07
5.11e-07
5.14e-07
5.17e-07
5.2e-07
5.23e-07
5.26e-07
5.29e-07
5.32e-07
5.35e-07
5.38e-07
5.41e-07
5.44e-07
5.47e-07
5.5e-07
5.53e-07
5.56e-07
5.59e-07
5.62e-07
5.65e-07
5.68e-07
5.71e-07
5.74e-07
5.77e-07
5.8e-07
5.83e-07
5.86e-07
5.89e-07
5.92e-07
5.95e-07
5.98e-07
6.01e-07
6.04e-07
6.07e-07
6.1e-07
6.13e-07
6.16e-07
6.19e-07
6.22e-07
6.25e-07
6.28e-07
6.31e-07
6.34e-07
6.37e-07
6.4e-07
6.43e-07
6.46e-07
6.49e-07
6.52e-07
6.55e-07
6.58e-07
6.61e-07
6.64e-07
6.67e-07
6.7e-07
6.73e-07
6.76e-07
6.79e-07
6.82e-07
6.85e-07
6.88e-07
6.91e-07
6.94e-07
6.97e-07
7e-07
7.03e-07
7.06e-07
7.09e-07
7.12e-07
7.15e-07
7.18e-07
7.21e-07
7.24e-07
7.27e-07
7.3e-07
7.33e-07
7.36e-07
7.39e-07
7.42e-07
7.45e-07
7.48e-07
