0.00086217987120468
5.96060711529561e-05
0.00166798241725662
0.00162616728490154
0.00161583157352261
0.000311360129285286
0.000538882067434634
0.00159179566294897
0.00128408877840617
0.00124027157996936
0.000290385456988718
0.000625439593581436
0.000985021654043273
0.0015346826624457
0.00109862147389176
0.00121276986373241
0.000406623236624352
0.000568155260224362
0.000596982279284198
0.00135468422806545
0.0014537033425946
0.00117562625674204
0.00105853824285076
0.000244740124054603
0.00054230603020949
0.000817622614925874
0.00141303915007461
0.00156849592583768
0.00125713910798758
0.00103989348099425
0.000921644763114208
0.00037267953880404
0.000706573335623087
0.00108459161232147
0.00135855309541277
0.00163903077510521
0.00184409182228278
0.00124472885581755
0.000797314012055047
0.000379774402700449
0.000477110044406191
0.00107645134799674
0.00131917006401651
0.00134005026247644
0.00142934324330589
0.00149518634444639
0.00153880638164911
0.0012098641101858
0.000428736345818105
0.000162563896308252
0.000171590448774267
0.000548409960148227
0.00108064014591244
0.00144208426511409
0.00163838757750839
0.0013456006788891
0.00124850181216951
0.00119076584841058
0.00109234001882802
0.000939838360219946
0.000262689185565708
0.000196549356001467
0.00042390191734065
0.000595590633801038
0.000832285946919169
0.00106675827887944
0.00126579803176503
0.00143338738451079
0.00155240990677395
0.00100248518583594
0.000729347127290532
0.000842339742416835
0.000760724284369771
0.000559542873102349
0.000277314190175999
0.000151391380896583
0.00040393904423258
0.000705761703519426
0.000979761880607619
0.000931030299603386
0.000630335104732714
0.000699357219941595
0.000845635583460898
0.000941232535610846
0.000967385670699801
0.00088416221548238
0.000649275768373924
0.00063334536734781
0.000779432524704972
0.000881448936833599
0.00088224376850988
0.000754094135813465
0.000564038878126831
0.00037987848963815
0.000271128961329255
0.000311601794328155
0.000436166541258807
0.000559295838878219
0.000624238362195738
0.000498831045237594
0.000279181456065177
0.000770818332262375
0.000965434379577655
0.00103079210911066
0.00104402545309056
0.00103264771502937
0.00101009979300913
0.000981658468655567
0.000948029324671479
0.000910279925498007
0.000872671222900929
0.000844581957341522
0.000840822162862102
0.000869511764008545
0.000881540635170267
0.000734831817656182
0.000446231794775427
0.000189701176240497
0.000127309229623323
0.000258468489460625
0.000383321875834259
0.000483281750794408
0.0005618627274235
0.000632493170249035
0.000718529130512329
0.000835611126185064
0.000974649750415858
0.00111831201501971
0.00125644444166989
0.00137784590803467
0.00145870667710412
0.00147271406463522
0.0014189611341919
0.00132477754320881
0.00121763249731262
0.00111129321592911
0.00100957771728356
0.000912449621647307
0.000819169019656212
0.00072991700177981
0.000645435512395845
0.000567835297220657
0.000500093875853936
0.000445374160526464
0.000408145350360899
0.0004004087541962
0.000450040559683087
0.000556209817315048
0.000665701389361416
0.000752244585548749
0.000821269304915109
0.000880981943445362
0.000934954070373928
0.000984601478309857
0.00102984287428038
0.0010704905654314
0.00110638166093776
0.00113753331464155
0.00116394073093167
0.0011859488904865
0.00120400640970005
0.00121872235744431
0.00123097459996777
0.00124187423792825
0.00125274244620351
0.00126514886700828
0.00128034720568733
0.000887197105842618
6.77807233711812e-05
0.00165268303452448
0.00164403909949209
0.00161660569374748
0.000344610136337266
0.00054682696623747
0.00159430648054965
0.0013132551936886
0.00125673596276984
0.00030251676844255
0.000620084952725849
0.00102009161961053
0.00154166489619564
0.00111569925788329
0.00121192914838424
0.000402134991873907
0.000574685558592493
0.000630985732088045
0.00136389187501672
0.00144687221028886
0.00116823344062737
0.00104625433033455
0.000270727484839286
0.000552306859865104
0.00082308235004123
0.00140892150674913
0.00155580079634366
0.00124389032026761
0.00103854311787875
0.00091433081493621
0.000378381172030253
0.000706749023298556
0.00107199650566467
0.00134636350301108
0.00162695084797687
0.00182631656446744
0.00124393353756758
0.000816462448966079
0.000396439563643833
0.000470791482547896
0.00106200991174043
0.00130337855773956
0.00132728555979037
0.00143431372033258
0.00150087569427866
0.00153799648538387
0.00121170187924208
0.000461927558474268
0.000222536120422879
0.000189582251398584
0.000548292095400006
0.00107618756225229
0.00143491876683489
0.00162995280627989
0.00135107891472566
0.00127297067939674
0.00121327805403164
0.00110501290878454
0.000944838249128242
0.000288779209118556
0.000206591919772304
0.000419352563099844
0.000592250522323818
0.000841588141304817
0.00108383480445441
0.00127695165861085
0.00143840024068009
0.00155306834445618
0.00102314727715414
0.000764698782689761
0.000867300919352874
0.000784562863225518
0.000581005245906349
0.000294258133912652
0.000161593795403882
0.000404801363428794
0.000703838361899569
0.000976526877996155
0.000936543409878755
0.000662966773179689
0.000740525158950757
0.000882572485159123
0.000967970554768157
0.000983843472087703
0.000896082892394336
0.000665025187494943
0.000643296170857802
0.00077894689409736
0.000874388062768711
0.000871884880582682
0.000743620461900785
0.000557396819323604
0.000387445646232627
0.000302579968792393
0.00034432562992982
0.000458108447804551
0.000574537069295632
0.000637943718315121
0.000522693609490805
0.000331881712464916
0.000782754559546347
0.000970024470943253
0.00103244669714438
0.00104314099177434
0.00102821981714033
0.00100103510083441
0.00096890792068005
0.000934719394554749
0.000898616335377577
0.000862851667102762
0.000835821464681276
0.000832098736290673
0.000860028816100806
0.000871855514689404
0.000728745755284045
0.000450015502596029
0.000217462094356799
0.000177514474748217
0.00028876115497887
0.000402647408176695
0.000494731825085631
0.000566789612066692
0.00063220028424239
0.000714210064714175
0.000828062495051282
0.000964363831947806
0.00110560147298249
0.00124149576043063
0.00136090730101644
0.00144040209708349
0.00145412994209901
0.00140125198529984
0.0013087397559711
0.00120377203137188
0.00110009594615352
0.00100159577040411
0.000908107768619603
0.000818449948986959
0.000732235634067113
0.000649825141189701
0.000573215379595946
0.000505456208885698
0.000449876777522762
0.000411129293735147
0.000401224037632175
0.000447845980507517
0.00055082850571702
0.000657938241346229
0.000742935089689463
0.000810881297028115
0.000869704920371968
0.00092284290457887
0.000971666959774988
0.00101612877746106
0.00105613480305879
0.00109166811349857
0.0011229019619259
0.00114992178224836
0.00117302429183546
0.00119246530148619
0.00120860578169177
0.00122211214127173
0.0012339680181389
0.00124544031947325
0.00125808197688698
0.00127316378485819
0.00095558033360506
8.71358329547672e-05
0.00160781732347357
0.0016944464745921
0.00161883261658947
0.000426096777174352
0.000569084239448321
0.00160151410655213
0.00139383200056839
0.00130298183713976
0.000335002830309801
0.000604401984738609
0.00111492741155066
0.00156159508426747
0.00116347358243568
0.00120950514122779
0.000388922430786274
0.000593087351807898
0.000719980668797465
0.00139006363973759
0.00142702012375859
0.00114668050466975
0.00101005017965236
0.000334461637578257
0.000580141021115898
0.000838604527682322
0.0013969974418274
0.00151865402546493
0.00120492860712958
0.00103464505896134
0.000892936610957245
0.000394338210386473
0.000707254652049559
0.00103487454756017
0.00131063193887648
0.00159165611677238
0.00177414036382523
0.00124164066470108
0.000869245459226369
0.000440920944863105
0.000452104969768136
0.00101928532620261
0.00125680102819554
0.00128982571381219
0.00144853038371103
0.0015171383682738
0.00153566209644236
0.00121697802443446
0.000546349773504633
0.000340620909294381
0.000233777888830549
0.000547952575785745
0.00106326272398498
0.00141408375960124
0.00160541836051787
0.00136673023207251
0.00134093453951536
0.00127588279937811
0.00114071697963967
0.000959089288973245
0.000353300888751683
0.000233104310764133
0.000405968585133271
0.0005825261000592
0.00086781602286674
0.00113156631311925
0.00130853637367083
0.00145273757931615
0.00155496268300997
0.00108043675113371
0.000858396591031898
0.000935461181511632
0.000849475187893009
0.00063878884594303
0.000338339771259098
0.000187901624881198
0.000407274115498862
0.000698270732636239
0.000967151626266049
0.000952239524276673
0.000749027690017579
0.000847973349273524
0.000981192511752213
0.00104113147194828
0.00102976381172924
0.000929553697674811
0.000708420967683183
0.000671124837862537
0.000777546882476387
0.000853730990068662
0.000841345617476726
0.000712603466730464
0.000537813819820238
0.000408452163013484
0.000378826437370192
0.000424693527404743
0.000516103603959525
0.00061632095951801
0.00067585625643207
0.000586000915813713
0.0004504118655018
0.000816149154293188
0.0009831214267201
0.00103719615177911
0.0010405900882624
0.00101536235234301
0.000974463525427853
0.000931219615420363
0.000895290511939417
0.000864153575351603
0.000833931851091675
0.000810067666721389
0.000806453782259901
0.000832120396802863
0.000843347343447896
0.000710930706539149
0.000460736741558562
0.000282552836169954
0.000274912308153726
0.000362097641720005
0.000453718755457085
0.000526311580167988
0.000580742607948055
0.000631356193748664
0.000701625332736587
0.000805932289753172
0.000934114339288983
0.00106815851557863
0.00119741089552418
0.00131091269264846
0.00138634698226555
0.00139924121697465
0.00134896268899618
0.00126142246613827
0.00116294013874893
0.00106719873151048
0.000978248989684504
0.000895488331641257
0.000816375930110011
0.000738871233206807
0.000662302101421873
0.000588432038341667
0.000520588029287109
0.000462596840129855
0.000419602717372776
0.000403562353858614
0.00044146601487657
0.000535031427768507
0.000635055342921152
0.000715453228264531
0.000780198113424687
0.000836385246926315
0.000887047128161026
0.000933422986603997
0.000975564462304382
0.00101366415763356
0.00104814920515413
0.00107966580837455
0.00110856611785498
0.00113498768338457
0.00115859209080309
0.00117899153287549
0.00119622705066824
0.00121091469173323
0.00122417143735229
0.00123750830486523
0.00125224982360827
0.00105176045810554
0.000110392526699821
0.00153654008512791
0.00176889099515521
0.00162223853069438
0.000527045724882609
0.000601589210875832
0.00161249434020894
0.00150895984295741
0.00137081173618153
0.000379416953917674
0.000579551682938975
0.00124630441721831
0.00159164590629482
0.00123308301429348
0.00120578189466096
0.000367760011057477
0.000620222413405567
0.000838196837023395
0.00142923181141996
0.00139605749708547
0.00111285011336258
0.000951915077286464
0.000413472028459937
0.000620367774077716
0.00086184379141852
0.00137852866645834
0.00145990965482326
0.00114266183579585
0.00102864423398346
0.000859126009925589
0.000417604788540486
0.000708028619841166
0.000975263477835666
0.00125391455076268
0.00153600914688611
0.00169108208750731
0.00123811954342743
0.000944408777767627
0.00050147474594502
0.000421873124687126
0.00095010811929294
0.00118188496298417
0.00123022339814993
0.00147004491542242
0.00154172152175798
0.00153207870591156
0.001225017470413
0.000654912988017361
0.000466805036571041
0.000288649463534389
0.000547431993113878
0.00104315014421116
0.00138155334061927
0.00156708452287215
0.00139036773617566
0.00143884769792762
0.00136624571590087
0.00119334853150457
0.000980521468959914
0.000433927446359083
0.000268696464806971
0.000384560678714834
0.000567304183953788
0.000906528763587761
0.00120102131482961
0.00135550017886905
0.00147443325751191
0.00155786050999595
0.00116274698106022
0.000984807351497989
0.00103118655240917
0.000940274188920985
0.000718358605898709
0.000396481471322403
0.000222247069010655
0.000411033737774684
0.000689653450059537
0.000952608952489857
0.000975797758745369
0.00086441780984512
0.000990231138995275
0.0011155015279531
0.00114418225621927
0.00109639359693438
0.000978615948872701
0.00077017885777412
0.000711653139435366
0.000775397037131698
0.000821075073791122
0.000792276679282109
0.000662270929507227
0.000506343968065819
0.000438689213331814
0.000472344038337371
0.000524456392337218
0.000594075170935956
0.000675341578402589
0.000730133034384584
0.000671514734660817
0.000587311134703552
0.000864814969913127
0.00100285541334489
0.00104443084635318
0.00103666970208805
0.000995341465624526
0.000932285676684097
0.000870317829347135
0.000831262203286662
0.000808509202184544
0.00078756695491487
0.000768939269421213
0.000765498793282146
0.000787445957364527
0.000797696519182458
0.000682735378631275
0.000476695145945509
0.000360138855493268
0.000378270893744991
0.000451933518808197
0.000522367497012285
0.000571318662494346
0.000601492341425596
0.000630060778634288
0.000681894043954708
0.000770795394989148
0.000885767913170414
0.00100809862201188
0.00112652757899966
0.00123038240896548
0.00129917450577508
0.00131069578136768
0.00126466420506582
0.00118526981849474
0.00109743919011222
0.00101473066532963
0.000941357179275753
0.000875801602125394
0.000813188088432079
0.000748923529973893
0.000680974633431781
0.00061101069385258
0.000542953940338978
0.000481433656469027
0.000432262692254543
0.000407118812365083
0.000431508409027365
0.000509880450432691
0.000598301512006654
0.000671169416492558
0.000730693823765918
0.000782589671411254
0.000829212913021833
0.000871580874016158
0.000909915378989323
0.000944899826380618
0.00097772429031315
0.00100983987727499
0.00104202677199524
0.00107410268139198
0.00110468246523592
0.00113211827008997
0.00115544451757577
0.00117471773475805
0.00119084902023202
0.00120530662752481
0.00121951227860974
0.00115889211007838
0.000133497974742003
0.00144430958906996
0.001856137487472
0.00162640676199692
0.000629131897675902
0.000639208990938896
0.00162586231959116
0.00163917881343964
0.00144968950200705
0.000427644987206884
0.000547530100192483
0.00139061336150424
0.00162775119492865
0.00131344293914834
0.00120119889554319
0.000340006307917975
0.000651967920101362
0.000963603063542324
0.00147585971826461
0.00135711179398032
0.00106989104402826
0.000875344603845337
0.00049340580899612
0.000666405119202235
0.000889522176381689
0.00135552974462352
0.00138444898785248
0.00106130277758678
0.00102123497690825
0.000815739529776635
0.000444485283622534
0.000708976877973749
0.000896744063713732
0.00118062504259843
0.00146486387919392
0.0015832563808368
0.00123378652479925
0.00102914017870035
0.000566990557855122
0.000381530586642482
0.00085766301570713
0.00108293181408633
0.00115290983947792
0.00149601389543492
0.00157135206681149
0.00152767154736088
0.00123480782825525
0.000767389199684
0.000585565184243049
0.000344213701391816
0.000546792727043549
0.00101793583820812
0.00134057123141972
0.00151874026348438
0.00141882571280425
0.00155053459555445
0.00146952309452415
0.0012548996053459
0.00100618865607956
0.000515899566602651
0.000306767880771963
0.000356548840645176
0.000548054646120605
0.000951869135451857
0.00128108810553877
0.00141097658018017
0.00150061862099291
0.00156140787610353
0.00125637228306582
0.00112056384369419
0.00113766358501976
0.00104089406539704
0.000805298610806719
0.000457827481360775
0.000258212515649253
0.000415599151107099
0.000678933431072965
0.000934460681513987
0.00100394151231929
0.000987722844538724
0.00114076010017347
0.00126086606114908
0.00125912653765171
0.00117296942523855
0.00103563024321927
0.000839756009253754
0.000758416404648372
0.000772751693102501
0.000779149668719461
0.000727579138606467
0.000594739685100697
0.000464839844846666
0.000473148754845431
0.000566349746444763
0.000625466932703636
0.000677576405773833
0.000741351454106471
0.000791647314996841
0.000763441682192355
0.000720556087315822
0.000921007177744469
0.00102654476445627
0.00105323764583418
0.00103184029417542
0.000970218144971744
0.000877783392857728
0.000789218275059924
0.000745244487787054
0.000734516598643294
0.000726662934808948
0.000715265274988159
0.000712050208544367
0.000728914791685919
0.000737850173659219
0.000646471422859536
0.000495569689571849
0.000436883407168669
0.000475294340101659
0.000542171700927133
0.00059587261191848
0.000622096838853427
0.000626007058091162
0.000628468070108702
0.000656881094238746
0.000725372847377488
0.000822590698660719
0.000929137182080736
0.00103295450429229
0.00112374329475575
0.00118350490878969
0.00119313790135237
0.00115286911347529
0.00108457671792116
0.00101131300331605
0.00094640477215388
0.000894026013147809
0.000851030521102642
0.000809260471853799
0.000761073191320498
0.000703203059341593
0.000637616513974682
0.000569190794775105
0.000503579057104149
0.000447303363445464
0.000411439472156165
0.000418970510574188
0.000477221332925853
0.00054987134822083
0.000612490065584896
0.000664953410895496
0.000711062845440259
0.000752220323767035
0.000789128999346137
0.000822257453848646
0.000853010557303773
0.000883703406037141
0.000916952382555436
0.000954087432901729
0.000994337627419413
0.00103472369537858
0.00107182380611493
0.001103360561974
0.00112873139808125
0.00114865356953075
0.00116459002785366
0.00117811197710389
0.00126295726828521
0.000154332637857742
0.00133920157376967
0.00194468891126516
0.0016308308000595
0.000722088346102932
0.00067695082189535
0.00163996854890319
0.0017672475962767
0.00152916723343899
0.000473604515747476
0.000511255348856579
0.00152929982751869
0.00166531410331035
0.00139388099935632
0.00119630248622987
0.000307734464079635
0.000684134782101121
0.0010811980404888
0.00152391392787254
0.00131439982606983
0.00102219394542854
0.000785706471161724
0.000566208198703807
0.000712135701080953
0.000918060836804688
0.00133061826574851
0.00129934093381237
0.000967234834236565
0.00101329070791175
0.000766877359511175
0.000471410429460982
0.000709984602175593
0.000804815232186245
0.00109726855652387
0.00138514491993414
0.00145978917699538
0.00122915864618195
0.00111224232208792
0.000629263217338435
0.000333277895820842
0.000746820524399891
0.000966564862467544
0.00106448481789603
0.00152316329516357
0.00160228252049899
0.00152296753984095
0.00124514196311738
0.000871279630918072
0.000689845738486997
0.000394847330936031
0.000546111612412341
0.000990398542429993
0.00129553589298611
0.00146554287248923
0.00144849611328557
0.00166116215624309
0.00157199385750959
0.00131724576963174
0.00103280274304887
0.000590769443664676
0.000342667957995243
0.000324090906442705
0.000526797728971137
0.000997859183925442
0.00136113026908946
0.00146771206828791
0.00152799171778135
0.00156517407388506
0.00134888760041797
0.00124892925591909
0.00124098022042605
0.00113824376667111
0.000888523517093246
0.000515148430622604
0.000291654993233188
0.00042040311255279
0.000667336314445908
0.000914752324280174
0.00103304969201515
0.00110391643423261
0.0012816770990488
0.00139906837977089
0.00137090303515044
0.00124931514570965
0.00109304211003444
0.000907961282200969
0.000805203459972189
0.000769926594190512
0.000731900570055885
0.000651712980576884
0.00051320552599449
0.000416150288420139
0.000507255187832916
0.00065166072428093
0.000717508041412362
0.000756378837489229
0.000805679428059602
0.000852246709928027
0.000850423500364659
0.000839435423363859
0.000977263375238681
0.00105116824739298
0.00106252947641207
0.00102667599505582
0.000942747409025107
0.000815793762755247
0.000692560692259525
0.000641154314499116
0.000646540641302701
0.000655665834485455
0.00065332122366785
0.000650364737249502
0.000660958662884407
0.000668302540157824
0.0006054993706729
0.000514896205183809
0.000505924694940466
0.000560388692419115
0.000624030086065665
0.000665233580871278
0.000671932346478508
0.000651082069680287
0.00062676869985939
0.000629171641101027
0.000673679810907976
0.000749532824174715
0.000836965888079756
0.000923015312464262
0.000997820526990071
0.00104646231515426
0.00105372778324743
0.0010205359439037
0.000965960887148421
0.00091075755076567
0.000867805321685368
0.000840735695233419
0.000823852057838613
0.000805059744265872
0.000773793094743651
0.000726111053158896
0.000664761313236898
0.000595843935211764
0.000526122903741862
0.000462772716858334
0.000415988136133959
0.000405202083902862
0.000439810609897686
0.000493136510398399
0.000543125794935861
0.000586961902772004
0.000626033254451492
0.000660501761983114
0.000690657773440558
0.000717303266313268
0.000742842927777721
0.000771159310592204
0.000806436950558593
0.000850576448271811
0.000901736891614756
0.00095466088273465
0.00100368942878825
0.00104508692056334
0.00107764057586285
0.00110197697803301
0.00111963521785439
0.00113239349428595
0.00135347402009804
0.000171620984780793
0.00123228876934827
0.00202437298471788
0.00163497712626982
0.000799650753850766
0.000710591986107126
0.00165311437186054
0.00187965726698176
0.00160025849911856
0.000513053844639594
0.000474648384758451
0.00164902661690623
0.00169985538333463
0.00146544971753612
0.00119168303156587
0.00027396599072381
0.000713040480499807
0.00118107837556564
0.00156772829176012
0.00127295828249186
0.000975249677442361
0.000690956235908765
0.000626962437719609
0.000752580138283566
0.000944092517470171
0.00130677640530241
0.00121393972749882
0.000869615282346158
0.00100576835140807
0.000717937576701605
0.000495379855211681
0.000710930251370343
0.000707628873476926
0.00101270532522157
0.00130580570318435
0.00133338913376573
0.00122479392652092
0.00118503356531974
0.000682622566699518
0.000280468912810858
0.000624997044657586
0.000842696197683115
0.00097410441747312
0.00154824156568301
0.00163081309251469
0.00151853393867809
0.00125477530985411
0.000958698783336428
0.000775155975103411
0.000437114371960701
0.000545470798920171
0.000963805177506475
0.00125174072537
0.00141373052496125
0.00147583364635726
0.0017587878051413
0.00166253885884526
0.00137325479043983
0.00105720138414728
0.000653351260567332
0.000373269436078296
0.000290301697877638
0.000506009590079067
0.00103922249915878
0.00143227446563483
0.00151909607671848
0.00155327444594374
0.00156870490166735
0.00143038055434656
0.0013585441084193
0.00133077595195407
0.00122267893471368
0.000960177486888215
0.000563725421779013
0.000319910266530975
0.000424867859287934
0.000656251841313803
0.000895837465005691
0.00105967398777077
0.00120291718809581
0.00140123948122297
0.00151750845024557
0.00146820357381278
0.00131702949338464
0.00114436964290017
0.000967681958130165
0.000846816310614745
0.000767262389565838
0.000684535151699863
0.000571313290107498
0.000422483633854154
0.000364517393155207
0.000537335410987904
0.000722706610123045
0.000794337564221673
0.000823585710621737
0.000861762770015561
0.000905502997248138
0.000924733092959636
0.0009375065525206
0.00102732321781124
0.00107379227864824
0.00107118748780629
0.00102179935421813
0.000916183001841928
0.000752905415823859
0.000587411843660069
0.000524853647186263
0.000551218926128219
0.000581098097452467
0.000589207463327397
0.000586516315569556
0.000590010162463998
0.000595593340488603
0.000564293532857387
0.000532418216411699
0.000563140225142826
0.000629961369664301
0.000692184799153351
0.000724383934677232
0.000715606414896761
0.000673794969887168
0.00062516760432414
0.000601971958444232
0.000621196196383216
0.000673698831850056
0.000739962816114286
0.000806156243376021
0.000862904354085364
0.000898839724150719
0.000903325446080265
0.000878194314505542
0.000839358415649965
0.000804897838833463
0.000786822563187396
0.000787378995434011
0.000797468942823345
0.000801092276816225
0.000785558210619204
0.000746997558770659
0.000689295549432508
0.000619846089489696
0.000546460255658575
0.00047685202243778
0.000420217611804624
0.000391823315369995
0.000401491593242832
0.000433102087518401
0.000468680407025866
0.000502766198026027
0.000533930156523446
0.000560806506692903
0.000583163371339626
0.000602233592015447
0.000621777246549756
0.000647822201137271
0.000686560739749645
0.000740231943664187
0.000805071530255448
0.00087275837309176
0.000935150770381304
0.000987197633737105
0.00102731787846081
0.00105623713905683
0.00107568066250204
0.00108768224165757
0.00142301026360951
0.000184519969064182
0.00113772338404706
0.00208708228844467
0.00163834947839577
0.000857706278823322
0.000736881047234403
0.00166375409546379
0.00196654611010439
0.00165595604172822
0.000543097206864591
0.000442571444170508
0.00174054599210015
0.00172750276644281
0.00152130398597359
0.00118790392648479
0.00024298998464479
0.000735764882314277
0.0012566415174515
0.0016025600285288
0.00123814897751481
0.000935238540893536
0.000602794715380497
0.000672440651372016
0.000784008568366171
0.000964794200076105
0.00128701359947368
0.0011395945828168
0.000781059448438423
0.000999594187042261
0.000675422885148401
0.000514093703706513
0.000711700221990381
0.000617180803780865
0.000938145882655574
0.00123736956473304
0.00122070110108028
0.00122122423249009
0.00124121908705644
0.000723214497759191
0.000228562553139577
0.000504365113747294
0.000726250730012818
0.000893688230584463
0.00156838889518312
0.0016537072790796
0.00151491003349238
0.00126257410439158
0.00102445902994489
0.000838302525379672
0.000468759411283929
0.000544947845439513
0.000941570508958386
0.00121487102087373
0.00137004371709276
0.00149775026832178
0.00183453312918572
0.0017328548397483
0.00141727704048003
0.00107668233637401
0.000700242372608157
0.000396472246712367
0.000259521674025712
0.000488408727535995
0.00107176170505649
0.00148775670813421
0.00155973272838499
0.00157358458969371
0.00157157738962049
0.00149352787018424
0.00144174994593037
0.00139972237177726
0.00128742037924609
0.00101485403053568
0.0006004249390608
0.000341217405304462
0.000428473133684762
0.000647075223100401
0.000880117214854132
0.00108089320228037
0.00127796143563872
0.00149163366524621
0.00160761836587971
0.00154299061167662
0.00136975621841883
0.00118456784445567
0.0010137670233351
0.000879283519005507
0.000765083645875604
0.000643347532295003
0.000496224509612805
0.000330592655920716
0.000316249014416754
0.000560664249194445
0.000775824893399139
0.000851858017029623
0.000874560347513502
0.000904914246856012
0.000946703885365718
0.000981155573161993
0.00101043656722337
0.00106639508812906
0.00109188877550956
0.00107819412425655
0.00101780659249062
0.000893943633290207
0.000697455364692272
0.00048511424016199
0.000406107252839777
0.000459094797122551
0.00051234204889872
0.0005312470331506
0.000528793048388947
0.000525127387216761
0.000528976769101982
0.000528329744533843
0.00054628662285759
0.000605797658613868
0.000681442161265004
0.000743134576952331
0.000769245849972462
0.000749328816833163
0.000691759149959653
0.000623859339021895
0.000578853710704454
0.000574876856092421
0.000604884545325124
0.000650265473888151
0.000696533862967844
0.000734814744574664
0.00075750200721212
0.000758975829358479
0.00074222669670455
0.000719861413383754
0.000706967849791929
0.000714041270910476
0.000741045164349565
0.000775297239094498
0.000797843370517928
0.000795020412794013
0.000763601814192835
0.000708667876175205
0.000638745849104147
0.000562495635625327
0.000488029144612798
0.000423634270568923
0.000380569015080026
0.000367307697275944
0.000377156239388248
0.000397814514228237
0.000421874646993494
0.00044495811552183
0.000463945455298622
0.000477968896166004
0.000488779373707444
0.000501923900357445
0.000526309448793669
0.000570494495439907
0.000636273751084871
0.000716686610428019
0.000799809285973897
0.000875315775148537
0.000937364413929339
0.000984392903827011
0.00101742939552648
0.00103847298926175
0.00104982533583913
0.00146661967793346
0.00019247349403935
0.00107150820419712
0.00212701593161371
0.00164054688590025
0.000893567220853988
0.000753545498531481
0.00167066213512353
0.0020212451719732
0.00169132102214025
0.000561840793490981
0.000420316420989973
0.00179776988829025
0.00174531211051602
0.00155667972323239
0.00118543079279682
0.000220436471839936
0.000750226017721938
0.00130360157744894
0.00162489215667475
0.00121489099561513
0.000908172855993086
0.000537507870233322
0.000700533829006852
0.000803859547557417
0.000978069960381244
0.00127394899643682
0.00108833347111197
0.000717386702844724
0.000995543634959207
0.000646166407226911
0.000525949283690441
0.000712202335641994
0.000550182665695593
0.000886103320220805
0.00119058119087009
0.00114116300986521
0.00121888864149848
0.00127655848275245
0.000748522652808986
0.000187069838154037
0.000406769826243283
0.000638900056771234
0.000837043647767717
0.00158140069265626
0.00166848096893338
0.00151254001433768
0.00126763852768736
0.00106519355507172
0.000877069782294143
0.000488309386483583
0.000544606240949487
0.000926770184247078
0.00119019015670221
0.001340761629945
0.00151188397693207
0.00188232911329065
0.00177725045421091
0.00144528748300459
0.00108920971381437
0.000729223879730765
0.000410910745533751
0.000237287629736746
0.000476570101024707
0.00109247755234828
0.00152288031710888
0.00158569482776036
0.00158670088009381
0.00157344944455426
0.00153334233668463
0.00149356064016103
0.00144294818183396
0.00132797606958538
0.00104900562306643
0.000623214296119811
0.000354434456003708
0.000430810036572013
0.000641014758586325
0.000869703303789737
0.00109452120479375
0.00132465201809855
0.00154778948224075
0.00166380328280496
0.00158990810259756
0.00140310285733956
0.00121008532960985
0.00104274893672914
0.00089984337045433
0.000763658219238789
0.000614978183679115
0.00044036117789726
0.000253226802664036
0.000280296146454444
0.000575381126741696
0.000808615543601485
0.000887393111293062
0.000906286589061627
0.000932002400913923
0.000972654994428728
0.00101629460427489
0.00105532337882626
0.00109114308207048
0.00110354037693732
0.00108274292627679
0.00101519203246824
0.000879124526842219
0.000658750237210237
0.000404627284541065
0.000304578159133297
0.000387321721998061
0.000461978038345052
0.00048973004204028
0.000487443826516639
0.000478051841390374
0.000480540451425275
0.000503472355362956
0.000555151751108
0.00063208950784509
0.000713041939565164
0.000774584209093233
0.000797166827861008
0.000770543948391559
0.000703236968519461
0.000623003947718985
0.000563252793508483
0.000542515216032699
0.00055538933341335
0.000584339955739009
0.000614524655171823
0.000637476363978686
0.000648852097850366
0.000647631379970371
0.000638038932431109
0.000629751811192903
0.000634953701807969
0.000662236346298174
0.000709172006027641
0.000760477114465573
0.000795715642767974
0.000801136150864681
0.000774247434651642
0.000721031588118302
0.00065078581490704
0.000572719880606069
0.000495188439132899
0.000425849551224918
0.000373040205974128
0.000343163999375845
0.000335647714212926
0.000343769053396102
0.000359386750031236
0.000375687845591943
0.000387890405320198
0.000394456660362609
0.000397635013409098
0.000404996177746097
0.000428811289642933
0.000479826438416321
0.000558070800782897
0.000652572409595566
0.000748369582193853
0.000833948922463012
0.000903356582645088
0.00095533591472937
0.000991280330451928
0.00101345088359928
0.00102436167119946
0.00148146476637295
0.000195159905334201
0.0010475331498289
0.00214071046512899
0.0016413093492401
0.000905689457895106
0.000759247434476148
0.00167305459895217
0.00203989883527261
0.00170343138634139
0.000568205736321967
0.0004123063874493
0.00181722200754639
0.00175145486406705
0.00156877896845562
0.00118457067448012
0.000212043234373175
0.000755183533454546
0.00131951969483047
0.00163257655556785
0.00120670871210162
0.000898582334915168
0.000512893383393635
0.000710030484069862
0.000810639999784828
0.000982638622236762
0.00126938024959387
0.0010699562574581
0.000693907827771607
0.000994133031835902
0.000635690801879943
0.000530004643110226
0.000712376635083448
0.000524917620437131
0.000867298831597784
0.00117389554562746
0.0011122097642632
0.00121807645152336
0.00128860500411895
0.000757114187188636
0.00017031074514931
0.000366850432155428
0.000605623058940437
0.000816452276335287
0.00158589466607444
0.00167358130628613
0.00151171604602908
0.00126939265631905
0.00107898078056049
0.000890138588941792
0.00049491838202142
0.000544487552814213
0.000921574478052849
0.00118149796818993
0.00133044129705098
0.00151676175013786
0.00189864700941349
0.00179241164570165
0.00145488924677341
0.0010935268512426
0.000739023200025197
0.000415807903683152
0.000229061467468666
0.000472389182043957
0.00109958078581376
0.00153489058829176
0.0015946124820767
0.00159123082587164
0.00157409908152896
0.0015469300321592
0.00151113876993426
0.00145766048808132
0.00134177415793966
0.0010606091014865
0.000630936405819917
0.000358910835871477
0.000431618674282604
0.000638896531726638
0.000866057294513426
0.00109921463215824
0.00134048706339691
0.00156682139099808
0.0016828773025438
0.00160588171529263
0.00141450011310294
0.00121882247751415
0.00105262757975284
0.000906874688394206
0.000763162550880735
0.00060481437025633
0.000419222071118741
0.000220084618446478
0.000266678247839509
0.000580404947347521
0.000819696786133102
0.000899405912349212
0.000917048242869019
0.000941227647233987
0.000981507204806973
0.00102821735075257
0.00107047214795866
0.00109960766852876
0.00110755825873373
0.00108431824417088
0.0010142824285211
0.000873919116795345
0.000644764729409231
0.000372629103893361
0.000260208764534511
0.000359054162730762
0.000443149685836856
0.000474462171550131
0.00047223710293211
0.000460578353628571
0.000462533536615306
0.000494547255800219
0.000558197639431143
0.000640968308220365
0.000723693689606749
0.000785211908695531
0.000806637605285195
0.000777776513212311
0.000707179590890004
0.000622706598534111
0.000557732565428182
0.000530814752181144
0.000537133853013418
0.000559630269013865
0.000583352072060916
0.000599987875130302
0.000606582291481547
0.000604180086279485
0.000597620368844256
0.00059527435151108
0.000607950991808576
0.000643269350529842
0.000697762032636557
0.000755262106165102
0.000794975358346386
0.000803249230645547
0.000777910536967664
0.000725276152717023
0.000654915468835085
0.000576228282654566
0.000497650740376104
0.000426616218884649
0.00037038967611179
0.000334371368840507
0.00031997465162797
0.000322889753751077
0.000334968719094123
0.000348423336141476
0.000357713403945335
0.000360960754837388
0.000360631322221416
0.000365366357979925
0.000389278836433918
0.000444027234728879
0.0005282093324184
0.000628778154960315
0.000729656831807151
0.000819093740838862
0.000891242242875766
0.000945035532099381
0.000982035970008555
0.00100461500005903
0.0010153688440096
