50 2500 9.656044e-05 4.041590e-04 4.066154e-09 5.826519e-05 8.817872e-06 3.439672e-05 1.722503e-02 1.954687e-04 1.903665e-04 3.721446e-05 5.716790e-05 1.000101e-05 3.457986e-05 1.715531e-02 1.966636e-04 1.888616e-04 4.029178e-05 3.310387e-05 3.096936e-05 2.964854e-05 3.602707e-02 
50 10000 9.841012e-05 4.165639e-04 4.095957e-09 6.272136e-05 1.034206e-05 3.456867e-05 1.707689e-02 3.765482e-04 4.245978e-04 3.508217e-05 5.479111e-05 8.704774e-06 3.387996e-05 1.706625e-02 3.780608e-04 4.226014e-04 3.734066e-05 3.066591e-05 3.111840e-05 3.194708e-05 3.663122e-02 
50 22500 9.532561e-05 4.007962e-04 3.946014e-09 5.857866e-05 8.711444e-06 3.389679e-05 1.702812e-02 7.078370e-04 8.275486e-04 3.504860e-05 5.682518e-05 9.329589e-06 3.387226e-05 1.699095e-02 7.098303e-04 8.289350e-04 3.455472e-05 3.421813e-05 3.124272e-05 3.107399e-05 3.795682e-02 
50 40000 9.750564e-05 4.127816e-04 4.105736e-09 5.744809e-05 1.005261e-05 3.444655e-05 1.716333e-02 1.301606e-03 1.518454e-03 3.718121e-05 5.584182e-05 9.073114e-06 3.419562e-05 1.702148e-02 1.303200e-03 1.511386e-03 3.635723e-05 3.116783e-05 3.089178e-05 3.093136e-05 4.069747e-02 
50 62500 9.052006e-05 3.892532e-04 4.106201e-09 5.491832e-05 8.757533e-06 3.359200e-05 1.691460e-02 2.613928e-03 3.041074e-03 3.585393e-05 5.434556e-05 8.715259e-06 3.356904e-05 1.689554e-02 2.597920e-03 3.051764e-03 3.587740e-05 3.122703e-05 3.110483e-05 3.095421e-05 4.595363e-02 
50 90000 9.058927e-05 3.934570e-04 3.975816e-09 5.503388e-05 8.793196e-06 3.370515e-05 1.690183e-02 4.334063e-03 5.037235e-03 3.643897e-05 5.428020e-05 8.622260e-06 3.370328e-05 1.688610e-02 4.335956e-03 5.025524e-03 3.604644e-05 3.302464e-05 3.360591e-05 3.346283e-05 5.337163e-02 
100 2500 9.029436e-05 3.846373e-04 5.698763e-09 7.779107e-05 8.768779e-06 5.915323e-05 3.095764e-02 3.822368e-04 3.966065e-04 3.377340e-05 7.468008e-05 8.799075e-06 5.915555e-05 3.097150e-02 3.849025e-04 3.988908e-04 3.495662e-05 2.982859e-05 2.964969e-05 2.983718e-05 6.441324e-02 
100 10000 9.523441e-05 3.936815e-04 4.115980e-09 7.613157e-05 8.816411e-06 5.537205e-05 3.075407e-02 7.629952e-04 8.171688e-04 3.409440e-05 7.431898e-05 8.853225e-06 5.794423e-05 3.074040e-02 7.634678e-04 8.224017e-04 3.409494e-05 2.958563e-05 2.930931e-05 2.920158e-05 6.558726e-02 
100 22500 9.097503e-05 3.913287e-04 4.156027e-09 7.782702e-05 8.920416e-06 5.990812e-05 3.105268e-02 1.479884e-03 1.658155e-03 3.581575e-05 7.534407e-05 8.778353e-06 5.956518e-05 3.105226e-02 1.483940e-03 1.665298e-03 3.570185e-05 3.072417e-05 3.036906e-05 3.049611e-05 6.932809e-02 
100 40000 9.106528e-05 3.895161e-04 4.106201e-09 8.784224e-05 8.990721e-06 6.005488e-05 3.091489e-02 2.797870e-03 3.067182e-03 3.544555e-05 7.446860e-05 8.797722e-06 5.504017e-05 3.092732e-02 2.796394e-03 3.061311e-03 3.708713e-05 3.126892e-05 3.112758e-05 3.097210e-05 7.450678e-02 
100 62500 9.204096e-05 3.992823e-04 4.136004e-09 7.662710e-05 8.916840e-06 5.915439e-05 3.102658e-02 5.621687e-03 6.146555e-03 3.725503e-05 7.503191e-05 8.821237e-06 5.856301e-05 3.100583e-02 5.630392e-03 6.165984e-03 3.706872e-05 3.226200e-05 3.187080e-05 3.194510e-05 8.654607e-02 
100 90000 9.114928e-05 3.995616e-04 4.095957e-09 7.664990e-05 8.872464e-06 5.952719e-05 3.088436e-02 9.340713e-03 1.019393e-02 3.762594e-05 7.499629e-05 8.694219e-06 5.927895e-05 3.087747e-02 9.343918e-03 1.027656e-02 3.725381e-05 3.407298e-05 3.493476e-05 3.390664e-05 1.018737e-01 
150 2500 8.974233e-05 3.810800e-04 4.136004e-09 1.164975e-04 9.208658e-06 1.254608e-04 4.701947e-02 5.925546e-04 6.033421e-04 3.403340e-05 1.146689e-04 8.771835e-06 1.250205e-04 4.697115e-02 5.937883e-04 6.080380e-04 3.389097e-05 2.944220e-05 2.883439e-05 2.906307e-05 9.751419e-02 
150 10000 9.117424e-05 3.894335e-04 4.176982e-09 1.244258e-04 8.924561e-06 1.237215e-04 4.658842e-02 1.306914e-03 1.365489e-03 3.411954e-05 1.142978e-04 8.811623e-06 1.236256e-04 4.659654e-02 1.324555e-03 1.370906e-03 3.457284e-05 2.942336e-05 2.925400e-05 2.929835e-05 9.969405e-02 
150 22500 9.105394e-05 3.922041e-04 4.075933e-09 1.278993e-04 8.868260e-06 1.229972e-04 4.709213e-02 2.819429e-03 2.876395e-03 3.597842e-05 1.149168e-04 8.884953e-06 1.222787e-04 4.706909e-02 2.889821e-03 2.867287e-03 3.594155e-05 3.079057e-05 3.049362e-05 3.059298e-05 1.067672e-01 
150 40000 9.067432e-05 3.880412e-04 4.257075e-09 1.207426e-04 8.815329e-06 1.278237e-04 4.652426e-02 5.613566e-03 5.595056e-03 3.551788e-05 1.144343e-04 9.056018e-06 1.281342e-04 4.653073e-02 5.532869e-03 5.597221e-03 3.599152e-05 3.114670e-05 3.111139e-05 3.094259e-05 1.165463e-01 
