100 2500 7.723735e-02 2.691629e-05 3.511086e-08 1.752867e-03 4.394474e-05 3.854376e-04 2.010014e-01 6.520967e-03 6.941917e-03 7.181852e-05 1.648366e-03 4.137284e-05 3.943590e-04 2.038882e-01 6.563695e-03 6.956475e-03 1.400906e-04 7.149791e-05 7.264470e-05 7.127458e-05 5.138533e-01 
100 10000 3.939004e-04 9.002062e-05 3.110617e-08 1.860198e-03 4.179957e-05 4.039993e-04 2.113339e-01 2.520010e-02 2.676257e-02 1.951149e-04 1.636047e-03 4.342296e-05 4.053104e-04 2.031324e-01 2.501359e-02 2.653519e-02 5.671055e-04 1.215499e-04 1.131863e-04 1.135109e-04 5.239805e-01 
100 22500 4.167415e-04 2.070438e-04 3.301539e-08 1.672425e-03 5.004089e-05 4.236809e-04 2.092531e-01 5.786786e-02 8.887017e-02 4.974993e-04 1.680128e-03 3.906651e-05 3.769330e-04 1.973225e-01 6.331046e-02 6.696973e-02 1.426713e-03 1.689808e-04 1.161578e-04 1.152464e-04 6.908030e-01 
100 40000 3.874747e-04 4.081797e-04 2.053101e-07 1.687634e-03 4.374338e-05 4.101336e-04 1.957130e-01 1.218937e-01 1.411559e-01 8.180729e-04 1.628916e-03 3.745104e-05 3.725945e-04 1.976368e-01 1.150125e-01 1.114882e-01 2.495193e-03 1.412142e-04 1.317130e-04 1.310010e-04 8.916125e-01 
100 62500 3.874887e-04 8.085136e-04 7.711351e-08 1.647033e-03 4.513352e-05 3.872474e-04 1.947067e-01 1.691718e-01 1.854587e-01 1.206471e-03 1.617597e-03 3.880910e-05 3.635729e-04 1.902813e-01 1.606635e-01 1.760371e-01 4.001306e-03 2.438318e-04 1.731701e-04 1.826172e-04 1.087446e+00 
100 90000 3.920866e-04 1.258281e-03 9.308569e-08 1.779633e-03 4.790672e-05 4.319482e-04 1.939549e-01 2.608831e-01 2.915249e-01 1.804362e-03 1.746657e-03 3.916360e-05 4.040906e-04 1.954186e-01 2.628853e-01 2.992964e-01 6.156161e-03 2.565949e-02 2.506300e-04 2.611116e-04 1.544225e+00 
200 2500 3.968337e-04 2.643359e-05 2.509914e-08 6.553831e-03 4.438944e-05 1.180823e-03 6.869936e-01 1.336897e-02 1.372834e-02 6.272881e-05 6.375112e-03 4.689018e-05 1.190150e-03 7.008981e-01 1.349016e-02 1.385322e-02 1.402448e-04 6.071380e-05 6.204280e-05 5.680504e-05 1.458548e+00 
200 10000 3.824422e-04 8.764109e-05 3.799796e-08 6.527907e-03 5.158209e-05 1.165672e-03 7.126139e-01 5.615268e-02 5.305908e-02 1.954634e-04 6.413233e-03 4.983763e-05 1.157253e-03 7.098663e-01 5.185030e-02 5.475516e-02 5.605857e-04 9.594760e-05 9.574224e-05 8.675978e-05 1.655185e+00 
200 22500 3.988116e-04 2.042235e-04 4.000030e-08 6.782747e-03 5.354611e-05 1.172279e-03 7.579511e-01 1.259624e-01 1.323623e-01 4.467353e-04 6.447356e-03 5.804081e-05 1.176512e-03 7.588083e-01 1.206541e-01 1.523731e-01 1.531877e-03 1.316349e-04 1.213927e-04 1.171052e-04 2.066780e+00 
200 40000 4.650408e-04 4.045733e-04 7.608905e-08 6.779787e-03 5.260669e-05 1.170067e-03 7.845343e-01 2.352965e-01 2.392772e-01 8.111005e-04 6.529272e-03 6.040828e-05 1.181796e-03 7.330488e-01 2.262661e-01 2.326220e-01 2.737771e-03 1.690970e-04 1.348087e-04 1.394796e-04 2.471711e+00 
200 62500 3.764121e-04 8.269171e-04 7.911585e-08 6.567442e-03 4.353211e-05 1.169308e-03 7.124198e-01 3.524505e-01 3.616352e-01 1.219443e-03 6.583487e-03 5.585849e-05 1.245559e-03 7.633863e-01 3.718487e-01 3.688980e-01 4.235329e-03 2.558628e-04 2.084468e-04 2.070217e-04 2.953670e+00 
200 90000 4.182006e-04 1.256779e-03 9.909272e-08 6.588371e-03 4.847348e-05 1.254512e-03 7.585854e-01 5.174000e-01 5.316062e-01 1.807589e-03 6.805195e-03 5.259071e-05 1.256028e-03 7.319842e-01 5.269484e-01 5.324775e-01 6.120532e-03 3.338043e-04 2.841311e-04 2.852207e-04 3.625553e+00 
300 2500 4.802865e-04 2.785157e-05 3.110617e-08 1.526011e-02 5.556010e-05 2.579093e-03 1.607425e+00 2.193476e-02 2.232913e-02 6.117746e-05 1.521622e-02 5.167332e-05 2.600937e-03 1.597570e+00 2.187505e-02 2.231770e-02 1.408578e-04 6.315843e-05 6.290814e-05 6.385059e-05 3.330138e+00 
300 10000 4.037690e-04 8.955486e-05 3.399327e-08 1.478458e-02 5.167532e-05 2.564377e-03 1.613169e+00 1.009025e-01 1.310970e-01 2.158659e-04 1.481455e-02 5.867579e-05 2.612796e-03 1.637120e+00 9.617818e-02 1.119921e-01 6.815155e-04 1.048318e-04 9.672572e-05 9.605968e-05 3.727057e+00 
300 22500 4.376918e-04 2.024618e-04 4.605390e-08 1.476915e-02 6.176839e-05 2.576260e-03 1.654268e+00 2.147050e-01 2.514805e-01 8.293947e-03 1.521719e-02 6.149900e-05 2.572129e-03 1.708219e+00 2.208589e-01 2.035364e-01 1.572384e-03 1.293255e-04 1.224462e-04 1.269208e-04 4.299245e+00 
300 40000 4.381315e-04 4.106443e-04 5.410984e-08 1.525815e-02 5.935882e-05 2.522079e-03 1.758180e+00 3.377268e-01 3.785694e-01 7.936512e-04 1.469888e-02 6.026216e-05 2.594403e-03 1.757235e+00 3.580721e-01 3.614874e-01 2.736650e-03 1.737099e-04 1.314238e-04 1.262812e-04 4.991306e+00 
300 62500 3.994984e-04 8.194112e-04 8.409843e-08 1.529983e-02 5.800347e-05 2.839502e-03 1.774670e+00 5.888055e-01 5.960259e-01 1.287325e-02 1.545102e-02 5.683503e-05 2.844276e-03 1.628212e+00 5.800060e-01 5.723941e-01 4.322687e-03 1.472809e-02 2.014674e-04 1.982135e-04 5.810247e+00 
300 90000 3.229741e-02 2.215064e-03 1.712702e-07 1.525216e-02 6.243740e-05 2.563075e-03 1.790850e+00 7.467190e-01 7.783486e-01 1.760278e-03 1.482244e-02 6.090011e-05 2.596617e-03 1.838507e+00 7.418673e-01 7.838135e-01 6.253684e-03 2.889904e-04 2.533561e-04 2.485348e-04 6.758843e+00 
400 2500 1.157213e-03 2.621124e-05 5.210750e-08 2.615409e-02 7.196059e-05 4.492104e-03 3.113719e+00 2.707231e-02 2.740742e-02 6.291713e-05 2.561134e-02 6.513554e-05 4.474281e-03 3.103839e+00 2.704638e-02 2.739213e-02 1.426975e-04 6.108237e-05 5.948702e-05 5.741492e-05 6.388938e+00 
400 10000 4.013674e-04 9.029410e-05 3.301539e-08 2.626895e-02 6.885198e-05 4.547695e-03 3.117358e+00 1.154571e-01 1.571325e-01 2.279238e-04 2.616888e-02 6.677881e-05 4.562409e-03 3.130447e+00 1.351801e-01 1.367809e-01 6.842762e-04 9.693787e-05 9.189742e-05 9.406060e-05 6.855750e+00 
400 22500 4.735371e-04 2.036655e-04 3.203750e-08 2.762750e-02 7.149586e-05 5.110683e-03 2.767523e+00 2.707613e-01 2.921668e-01 4.549913e-04 2.746949e-02 7.151291e-05 5.158200e-03 2.861169e+00 2.836932e-01 3.262480e-01 1.529633e-03 2.771461e-02 2.680753e-02 1.269873e-04 6.924417e+00 
400 40000 3.901215e-04 3.958160e-04 6.211922e-08 2.622787e-02 7.242691e-05 4.452068e-03 2.923409e+00 4.607021e-01 4.785988e-01 8.455535e-04 2.615208e-02 6.834320e-05 4.553404e-03 3.032036e+00 4.731445e-01 4.823040e-01 2.706403e-03 1.734885e-04 1.338782e-04 1.334976e-04 7.916528e+00 
400 62500 3.986622e-04 7.700245e-04 9.220093e-08 2.630448e-02 6.530867e-05 4.455104e-03 2.704225e+00 6.882940e-01 7.188061e-01 1.305402e-03 2.695847e-02 6.898120e-05 4.503265e-03 3.012841e+00 6.913807e-01 7.198216e-01 4.229749e-03 2.536713e-04 1.686873e-04 1.808904e-04 8.605063e+00 
400 90000 4.527380e-04 1.207877e-03 9.210780e-08 2.620974e-02 7.207170e-05 4.458629e-03 3.071103e+00 1.005716e+00 1.010953e+00 1.745284e-03 2.617975e-02 7.041730e-05 4.474778e-03 3.115533e+00 9.975167e-01 1.021326e+00 6.095946e-03 2.956410e-04 2.526047e-04 2.533267e-04 1.029395e+01 
500 2500 4.228902e-04 2.647559e-05 3.399327e-08 4.150345e-02 7.516928e-05 7.128469e-03 5.291221e+00 3.890161e-02 3.391583e-02 6.369818e-05 4.029946e-02 7.428108e-05 7.043954e-03 5.288559e+00 3.363248e-02 3.358274e-02 1.419132e-04 6.210590e-05 5.997871e-05 6.029718e-05 1.081680e+01 
500 10000 4.695001e-04 8.921842e-05 5.909242e-08 4.106591e-02 7.754792e-05 7.026338e-03 5.316609e+00 1.370548e-01 1.586921e-01 9.649446e-03 4.117323e-02 7.661660e-05 7.020875e-03 5.182011e+00 1.460230e-01 1.363247e-01 6.259761e-04 9.399652e-05 8.455841e-05 8.824100e-05 1.118428e+01 
500 22500 5.901130e-03 1.985470e-04 4.097819e-08 4.147175e-02 7.454851e-05 7.231346e-03 5.494383e+00 2.982873e-01 3.240583e-01 4.551678e-04 4.075482e-02 7.869871e-05 7.141548e-03 5.480865e+00 3.006854e-01 3.241589e-01 1.540991e-03 1.367937e-04 1.257472e-04 1.260466e-04 1.232770e+01 
500 40000 5.040978e-04 3.968505e-04 5.210750e-08 4.103585e-02 6.980542e-05 6.996473e-03 5.539412e+00 5.508302e-01 5.752781e-01 7.920545e-04 4.207794e-02 7.462660e-05 7.015533e-03 5.467791e+00 5.759166e-01 5.789419e-01 2.709954e-03 1.646022e-04 1.284511e-04 1.311812e-04 1.339030e+01 
500 62500 7.687237e-02 7.095782e-04 8.111820e-08 4.026402e-02 7.140082e-05 6.827331e-03 5.203199e+00 8.690853e-01 8.714621e-01 1.319700e-03 4.121653e-02 7.497421e-05 6.985459e-03 4.969084e+00 8.590758e-01 8.979157e-01 4.237034e-03 2.301682e-04 1.766272e-04 1.773572e-04 1.384901e+01 
500 90000 6.355642e-03 1.218650e-03 1.051929e-07 4.098229e-02 7.164911e-05 7.131158e-03 4.985879e+00 1.232847e+00 1.251042e+00 1.813421e-03 4.093019e-02 8.059763e-05 7.071725e-03 5.130363e+00 1.248865e+00 1.246200e+00 6.091127e-03 3.525713e-04 2.828520e-04 2.944223e-04 1.520790e+01 
600 2500 5.102050e-04 2.822718e-05 4.600734e-08 5.972337e-02 8.661649e-05 1.031559e-02 7.599073e+00 4.716197e-02 4.063914e-02 6.133672e-05 5.832634e-02 7.969821e-05 1.019493e-02 7.929132e+00 4.072452e-02 4.093688e-02 1.410781e-04 5.443338e-05 5.369131e-05 5.099531e-05 1.583732e+01 
600 10000 4.340443e-04 8.910829e-05 4.000030e-08 5.956009e-02 8.515827e-05 1.034845e-02 7.712043e+00 1.728138e-01 1.900738e-01 2.263475e-04 5.887904e-02 9.293011e-05 1.035164e-02 7.888396e+00 1.783620e-01 1.877572e-01 6.822063e-04 9.466461e-05 8.286503e-05 7.881392e-05 1.647048e+01 
600 22500 3.162428e-03 2.004458e-04 9.010546e-08 5.904508e-02 8.866158e-05 1.056576e-02 8.291100e+00 3.681189e-01 4.672076e-01 4.653430e-04 6.038385e-02 9.061950e-05 1.049701e-02 8.510583e+00 3.928238e-01 3.849803e-01 1.533543e-03 1.250500e-04 1.141918e-04 1.171892e-04 1.856123e+01 
600 40000 4.267823e-04 4.064419e-04 7.213093e-08 5.893117e-02 8.510230e-05 1.032179e-02 7.585669e+00 6.796607e-01 6.871888e-01 7.909240e-04 6.039264e-02 9.519137e-05 1.043824e-02 7.944082e+00 6.714151e-01 6.876629e-01 2.713325e-03 1.673473e-04 1.293755e-04 1.335678e-04 1.840075e+01 
600 62500 4.561714e-04 7.887650e-04 8.209608e-08 6.128757e-02 8.548591e-05 1.061809e-02 7.985630e+00 1.011226e+00 1.127269e+00 1.214285e-03 6.116794e-02 8.696900e-05 1.075797e-02 7.903626e+00 1.037119e+00 1.159503e+00 4.239028e-03 2.786346e-02 4.938261e-03 1.918149e-04 2.040810e+01 
600 90000 5.022473e-04 1.222857e-03 1.060776e-07 5.896282e-02 8.626999e-05 1.016379e-02 7.887946e+00 1.472090e+00 1.484729e+00 1.806053e-03 5.883967e-02 9.056949e-05 1.011274e-02 8.229113e+00 1.485744e+00 1.484284e+00 6.126258e-03 3.283772e-04 2.799878e-04 2.874810e-04 2.219276e+01 
700 2500 5.206909e-04 2.737590e-05 5.308539e-08 8.300675e-02 9.373021e-05 2.815732e-02 1.534785e+01 5.459003e-02 5.906772e-02 7.638633e-05 8.322787e-02 9.398363e-05 2.866475e-02 1.519163e+01 5.501485e-02 4.671891e-02 1.706810e-04 6.601261e-05 6.519738e-05 5.703410e-05 3.097912e+01 
700 10000 5.158745e-04 9.054928e-05 5.406328e-08 8.202859e-02 9.257621e-05 2.831934e-02 1.486767e+01 2.008533e-01 2.884086e-01 1.425519e-02 1.403220e-01 1.475376e-02 3.109280e-02 1.546074e+01 1.962781e-01 1.930660e-01 6.820569e-04 1.043100e-04 9.025689e-05 9.004367e-05 3.151947e+01 
700 22500 5.109160e-04 2.045228e-04 6.407499e-08 8.150845e-02 9.523542e-05 2.875284e-02 1.556047e+01 4.801676e-01 4.815008e-01 4.634161e-04 8.152781e-02 9.743567e-05 2.934416e-02 1.454799e+01 4.223693e-01 4.438114e-01 1.532629e-03 1.287355e-04 1.165313e-04 1.200735e-04 3.216076e+01 
700 40000 4.522823e-04 3.984678e-04 1.021195e-07 8.752488e-02 9.324043e-05 1.598749e-02 1.111202e+01 8.676092e-01 8.858556e-01 7.958695e-04 8.684309e-02 9.822291e-05 1.598354e-02 1.096674e+01 8.624446e-01 8.795005e-01 2.709949e-03 1.570187e-04 1.286873e-04 1.304310e-04 2.578551e+01 
700 62500 4.283914e-04 7.780731e-04 8.610077e-08 7.975318e-02 9.132451e-05 1.362048e-02 1.106900e+01 1.206039e+00 1.230556e+00 1.217958e-03 8.134732e-02 9.312928e-05 1.356971e-02 1.181708e+01 1.211722e+00 1.221788e+00 4.234857e-03 6.709670e-03 1.972180e-04 1.984990e-04 2.795852e+01 
700 90000 5.227571e-04 2.254331e-03 1.521781e-07 8.100250e-02 1.031954e-04 1.837961e-02 1.432347e+01 1.727881e+00 1.939491e+00 1.856872e-03 9.989473e-02 1.072354e-04 2.023346e-02 1.466177e+01 1.711533e+00 1.704192e+00 6.122026e-03 3.960123e-04 3.598062e-04 3.570731e-04 3.629996e+01 
800 2500 1.126389e-03 2.667792e-05 7.310882e-08 1.045723e-01 1.066064e-04 4.153140e-02 2.044261e+01 5.241842e-02 5.804680e-02 7.311041e-05 1.163510e-01 1.102028e-04 3.996647e-02 2.023298e+01 6.520504e-02 9.608802e-02 1.719341e-04 2.873243e-02 2.752786e-02 1.239109e-02 4.132006e+01 
800 10000 5.291533e-04 9.086388e-05 4.912727e-08 1.083016e-01 1.027227e-04 3.897936e-02 2.060533e+01 2.270881e-01 2.213615e-01 5.136592e-04 1.026827e-01 1.086905e-04 3.947031e-02 2.061384e+01 2.277267e-01 2.927313e-01 6.822031e-04 2.646936e-02 8.834743e-03 1.152453e-04 4.251498e+01 
800 22500 5.235128e-04 2.027602e-04 6.612390e-08 1.111565e-01 1.108358e-04 3.983797e-02 2.013823e+01 5.485702e-01 6.260540e-01 4.644886e-04 1.098649e-01 1.082268e-04 4.080712e-02 1.911238e+01 5.052449e-01 6.028210e-01 1.532525e-03 2.789058e-02 2.695245e-02 9.549036e-03 4.190232e+01 
800 40000 7.177409e-03 3.658381e-04 9.508803e-08 1.044890e-01 1.045062e-04 3.899025e-02 2.004200e+01 9.170263e-01 9.454545e-01 7.980534e-04 1.055605e-01 1.148197e-04 3.948593e-02 1.942744e+01 9.283623e-01 9.128031e-01 2.711611e-03 1.773192e-04 1.483488e-04 1.507514e-04 4.347339e+01 
800 62500 5.274037e-04 7.620576e-04 1.711771e-07 1.045434e-01 1.089418e-04 3.928651e-02 1.918081e+01 1.385633e+00 1.404606e+00 1.238659e-03 1.043393e-01 1.043689e-04 3.978824e-02 1.946171e+01 1.420192e+00 1.453898e+00 4.311976e-03 2.770262e-04 2.521630e-04 2.578676e-04 4.460267e+01 
800 90000 2.921964e-02 1.207875e-03 2.322719e-07 1.038286e-01 1.031692e-04 3.941317e-02 2.049260e+01 2.037151e+00 2.025965e+00 1.812609e-03 1.038598e-01 1.093915e-04 3.940773e-02 2.037576e+01 2.046256e+00 1.965481e+00 6.095290e-03 3.635516e-04 3.088238e-04 2.937843e-04 4.926927e+01 
900 2500 5.299775e-04 2.812808e-05 6.309710e-08 1.345310e-01 1.099834e-04 5.161204e-02 2.768168e+01 6.852883e-02 6.857997e-02 1.395579e-02 1.546468e-01 1.097781e-04 5.286489e-02 2.808304e+01 1.170685e-01 1.185879e-01 1.774704e-04 2.746512e-02 2.763815e-02 2.375512e-03 5.660370e+01 
900 10000 1.320370e-03 8.992450e-05 7.110648e-08 1.629205e-01 1.200034e-04 2.905002e-02 2.024104e+01 2.825193e-01 3.112974e-01 2.200190e-04 1.674169e-01 7.831271e-03 2.826062e-02 2.102041e+01 3.174885e-01 2.999372e-01 6.838910e-04 1.102640e-04 9.893100e-05 9.894101e-05 4.287095e+01 
900 22500 5.451201e-04 2.032309e-04 2.905726e-08 1.443248e-01 1.276439e-04 2.379940e-02 2.080396e+01 6.872083e-01 5.965295e-01 4.625076e-04 1.429226e-01 1.396641e-02 2.694495e-02 2.085260e+01 6.152240e-01 6.455907e-01 1.536625e-03 1.384130e-04 1.346214e-04 1.301847e-04 4.455637e+01 
900 40000 7.409920e-02 3.723671e-04 9.709038e-08 1.415481e-01 1.171152e-04 2.438730e-02 2.086642e+01 1.022853e+00 1.027687e+00 7.932095e-04 1.357336e-01 1.314285e-02 3.879728e-02 2.042130e+01 1.054546e+00 1.058938e+00 2.713278e-03 1.589002e-04 1.301210e-04 1.288872e-04 4.588390e+01 
900 62500 4.807321e-04 7.868139e-04 5.513430e-08 1.391834e-01 1.339082e-02 3.242802e-02 2.143519e+01 1.592660e+00 1.656030e+00 1.222004e-03 1.605081e-01 1.168678e-04 2.406881e-02 2.161705e+01 1.652621e+00 1.667454e+00 4.225046e-03 2.423474e-04 1.940363e-04 2.070126e-04 4.999809e+01 
900 90000 4.643205e-04 1.263695e-03 7.110648e-08 1.350969e-01 1.090882e-04 2.497992e-02 2.148138e+01 2.310873e+00 2.350876e+00 1.745165e-03 1.362818e-01 6.495098e-03 2.486225e-02 2.093496e+01 2.367005e+00 2.415811e+00 6.092459e-03 3.188510e-04 2.639748e-04 2.715091e-04 5.219918e+01 
1000 2500 4.888553e-04 2.655881e-05 4.111789e-08 1.920571e-01 1.274717e-04 2.868314e-02 2.605107e+01 8.007350e-02 8.450803e-02 7.284703e-05 1.861535e-01 1.307896e-04 2.969937e-02 2.547053e+01 7.975094e-02 7.770322e-02 1.618391e-04 7.201778e-05 5.487408e-05 5.266680e-05 5.228144e+01 
1000 10000 4.669025e-04 8.991654e-05 4.698522e-08 1.803041e-01 1.627435e-04 2.924896e-02 2.486903e+01 3.081490e-01 2.988067e-01 2.171619e-04 1.726396e-01 1.319263e-04 2.909815e-02 2.483953e+01 3.090319e-01 2.921998e-01 6.831160e-04 9.669564e-05 8.850843e-05 8.806279e-05 5.133012e+01 
1000 22500 4.531068e-04 2.039982e-04 3.199093e-08 1.837117e-01 2.238579e-04 2.883376e-02 2.521336e+01 6.577170e-01 7.764152e-01 4.578900e-04 1.814802e-01 1.341176e-04 2.957261e-02 2.586272e+01 6.696943e-01 6.610829e-01 1.529245e-03 1.363159e-04 1.316239e-04 1.271021e-04 5.426804e+01 
1000 40000 7.676793e-02 3.678854e-04 5.606562e-08 2.204337e-01 1.434056e-04 2.996894e-02 2.546739e+01 1.162148e+00 1.195160e+00 8.456321e-04 1.848570e-01 1.277842e-04 2.949761e-02 2.514865e+01 1.170604e+00 1.175751e+00 2.711517e-03 1.837459e-04 1.460145e-04 1.357450e-04 5.586592e+01 
1000 62500 5.789892e-04 7.500942e-04 6.910414e-08 1.880733e-01 1.423209e-04 2.987518e-02 2.379314e+01 1.858242e+00 1.845112e+00 1.224304e-03 1.661773e-01 1.087133e-03 2.778236e-02 2.494994e+01 1.696199e+00 1.699693e+00 4.336474e-03 2.269976e-04 1.681736e-04 1.705581e-04 5.626295e+01 
1000 90000 4.760552e-04 1.209912e-03 1.032371e-07 1.633597e-01 1.265129e-02 2.869671e-02 2.488321e+01 2.382269e+00 2.448674e+00 1.748317e-03 1.720345e-01 1.367777e-02 2.959304e-02 2.564862e+01 2.410467e+00 2.469624e+00 6.241794e-03 3.270743e-04 2.755433e-04 2.757415e-04 6.067346e+01 
