50 400 1.079221e-05 4.973402e-06 1.062173e-07 1.677010e-01 7.755248e-04 8.269018e-04 3.230642e-05 7.441653e-02 7.688008e-04 8.190160e-04 3.068582e-05 3.518281e-05 3.459761e-05 3.355420e-05 2.455080e-01 
50 1600 2.059680e-05 1.770640e-05 8.000061e-08 7.689999e-02 2.527742e-03 2.741842e-03 5.700719e-05 3.958063e-01 2.527591e-03 2.714826e-03 1.124844e-04 6.471081e-05 5.562920e-05 5.260282e-05 4.836134e-01 
50 3600 9.444216e-06 3.791880e-05 5.001202e-08 9.885367e-02 5.554396e-03 6.126296e-03 9.919060e-05 1.118121e-01 5.519518e-03 6.104439e-03 2.442596e-04 8.809199e-05 8.660359e-05 7.908242e-05 2.346292e-01 
50 6400 1.351219e-05 6.587063e-05 7.622875e-08 1.661001e-01 9.498376e-03 1.070514e-02 1.585694e-04 1.061349e-01 9.512400e-03 1.064723e-02 4.357742e-04 1.128890e-04 1.055962e-04 1.039656e-04 3.136068e-01 
50 10000 9.580189e-06 9.909021e-05 6.821938e-08 3.164758e-01 1.475257e-02 1.663856e-02 2.353462e-04 7.472662e-02 1.472083e-02 1.662888e-02 6.788862e-04 1.255218e-04 1.194508e-04 1.175400e-04 4.553441e-01 
50 14400 9.536417e-06 1.443842e-04 8.000061e-08 7.241233e-02 2.132923e-02 2.387854e-02 3.279028e-04 9.580102e-02 2.101460e-02 2.376154e-02 9.769344e-04 1.400756e-04 1.441238e-04 1.359194e-04 2.600934e-01 
50 19600 1.383480e-05 1.953964e-04 5.401671e-08 7.248320e-02 5.696720e-02 6.668746e-02 4.184844e-04 8.146980e-02 2.877808e-02 4.960162e-02 1.347924e-03 2.265706e-02 2.348528e-02 5.799986e-03 4.099343e-01 
50 25600 1.356439e-05 2.624848e-04 1.280103e-07 2.057171e-01 7.873630e-02 5.043451e-02 5.420528e-03 7.867012e-02 3.744481e-02 8.487598e-02 1.742548e-03 2.326424e-02 2.220544e-03 2.054696e-04 5.690415e-01 
50 32400 1.293742e-05 3.320912e-04 2.464280e-07 1.733112e-01 4.759098e-02 5.721345e-02 1.727720e-03 6.002575e-02 4.713270e-02 5.350743e-02 2.266537e-03 1.645122e-04 1.480476e-04 1.470802e-04 4.435969e-01 
50 40000 1.392881e-05 4.413428e-04 1.884066e-07 7.003253e-02 6.068455e-02 6.669031e-02 8.129310e-04 7.070614e-02 5.893862e-02 6.978867e-02 2.798249e-03 2.301584e-04 1.717570e-04 1.695358e-04 4.014966e-01 
50 48400 9.650597e-06 5.747924e-04 4.386064e-07 7.110828e-02 7.123556e-02 8.840845e-02 9.752138e-04 6.036719e-02 7.450025e-02 8.353498e-02 3.274932e-03 2.195366e-04 1.962376e-04 1.904170e-04 4.546168e-01 
50 57600 1.368057e-05 7.447346e-04 2.144370e-07 6.926387e-02 8.440314e-02 9.514262e-02 1.158466e-03 5.850426e-02 9.580935e-02 9.487186e-02 3.902269e-03 2.566222e-04 2.091470e-04 2.103268e-04 5.045069e-01 
50 67600 1.287120e-05 9.222464e-04 3.684312e-07 6.939698e-02 9.926902e-02 1.119025e-01 1.404206e-03 7.996214e-02 9.991600e-02 1.428926e-01 4.824774e-03 2.662224e-04 2.558050e-04 2.467552e-04 6.112901e-01 
50 78400 9.576418e-06 1.115626e-03 4.006084e-07 7.202541e-02 1.149197e-01 1.503496e-01 1.619632e-03 5.957345e-02 1.293962e-01 1.634494e-01 5.313511e-03 4.071714e-04 2.776176e-04 2.875144e-04 6.987652e-01 
50 90000 9.522215e-06 1.340484e-03 3.383961e-07 7.231932e-02 1.345415e-01 1.519992e-01 1.986628e-03 5.815613e-02 1.335279e-01 1.519557e-01 6.218484e-03 4.482650e-04 3.063586e-04 2.957046e-04 7.131259e-01 
100 400 2.211719e-05 5.690567e-06 6.398186e-08 2.058868e-01 1.425560e-03 1.452626e-03 2.819421e-05 2.456253e-01 1.522156e-03 1.509299e-03 2.886723e-05 4.296019e-05 3.661080e-05 3.862781e-05 4.576344e-01 
100 1600 1.778658e-05 1.616622e-05 8.819625e-08 2.040693e-01 5.155062e-03 5.337059e-03 5.662479e-05 2.045404e-01 4.995421e-03 5.290491e-03 1.132896e-04 4.369342e-05 4.374557e-05 4.591458e-05 4.297352e-01 
100 3600 1.783660e-05 3.807079e-05 6.197952e-08 2.053322e-01 1.117608e-02 1.187505e-02 9.016898e-05 2.000088e-01 1.115441e-02 1.186981e-02 2.450128e-04 6.505740e-05 6.461679e-05 6.146799e-05 4.520102e-01 
100 6400 1.776456e-05 6.614700e-05 5.802140e-08 2.006715e-01 1.976481e-02 2.106375e-02 1.489570e-04 2.017756e-01 1.980598e-02 2.101006e-02 4.362690e-04 8.151596e-05 8.253558e-05 8.400180e-05 4.850217e-01 
100 10000 1.779459e-05 1.004684e-04 6.421469e-08 2.012148e-01 3.083303e-02 3.280603e-02 2.294736e-04 2.001162e-01 3.084279e-02 3.273772e-02 6.784496e-04 9.736363e-05 9.002476e-05 9.068763e-05 5.298674e-01 
100 14400 1.786281e-05 1.453554e-04 1.101755e-07 2.030599e-01 4.437741e-02 4.732515e-02 3.295112e-04 1.982652e-01 4.464009e-02 4.739149e-02 9.929162e-04 1.079396e-04 1.046548e-04 1.033268e-04 5.868861e-01 
100 19600 2.109162e-05 1.953664e-04 1.042150e-07 2.058184e-01 9.597545e-02 1.284058e-01 1.544008e-02 3.104664e-01 6.180085e-02 6.464221e-02 1.329748e-03 1.320198e-04 1.220268e-04 1.122940e-04 8.844805e-01 
100 25600 1.781681e-05 2.598810e-04 1.079869e-07 2.016953e-01 7.915901e-02 8.425023e-02 5.742036e-04 2.019645e-01 7.899405e-02 8.413687e-02 1.748097e-03 1.646866e-04 1.720856e-04 1.760756e-04 7.333268e-01 
100 32400 1.770440e-05 3.417196e-04 1.683831e-07 2.031326e-01 1.005151e-01 1.073311e-01 7.075394e-04 2.055139e-01 1.005705e-01 1.071056e-01 2.228609e-03 1.729328e-04 1.502028e-04 1.464654e-04 8.279481e-01 
100 40000 2.118377e-05 4.367220e-04 2.783723e-07 2.063671e-01 1.260689e-01 1.382591e-01 8.158092e-04 2.300543e-01 1.248315e-01 1.340664e-01 2.716976e-03 2.839092e-04 1.734198e-04 1.687146e-04 9.642862e-01 
100 48400 1.783259e-05 5.815766e-04 2.784189e-07 2.085263e-01 1.598882e-01 1.648556e-01 1.026320e-03 2.012307e-01 1.524095e-01 1.631366e-01 3.276105e-03 2.517290e-04 1.933774e-04 1.966284e-04 1.055606e+00 
100 57600 1.791082e-05 7.814658e-04 3.606081e-07 2.067645e-01 1.808417e-01 1.963671e-01 1.158388e-03 2.029014e-01 2.058766e-01 3.087676e-01 4.001288e-03 2.717385e-02 2.715146e-02 1.040029e-03 1.362874e+00 
100 67600 2.177041e-05 9.031460e-04 2.864283e-07 2.090482e-01 2.128733e-01 2.252284e-01 1.406125e-03 2.032834e-01 2.471447e-01 2.267290e-01 4.655576e-03 3.687800e-04 2.551760e-04 2.540622e-04 1.332189e+00 
100 78400 2.151621e-05 1.097028e-03 3.785826e-07 2.067593e-01 2.498597e-01 2.629339e-01 1.623881e-03 2.025607e-01 2.449287e-01 2.637359e-01 5.342108e-03 3.956924e-04 2.756686e-04 2.805220e-04 1.439837e+00 
100 90000 2.247361e-05 1.311377e-03 4.346017e-07 2.059643e-01 3.088995e-01 3.399736e-01 1.984265e-03 2.113690e-01 3.186710e-01 3.405016e-01 6.106075e-03 4.033158e-04 3.062404e-04 3.001814e-04 1.735841e+00 
150 400 2.619918e-05 5.372008e-06 4.819594e-08 5.874413e-01 2.259010e-03 2.337431e-03 3.198581e-05 5.965314e-01 2.291294e-03 2.348828e-03 2.927380e-05 4.439061e-05 4.229117e-05 3.861184e-05 1.193437e+00 
150 1600 3.030119e-05 1.638457e-05 8.223578e-08 6.266288e-01 7.630233e-03 7.922635e-03 5.539102e-05 5.786068e-01 7.562688e-03 7.883821e-03 1.090372e-04 5.742600e-05 5.344399e-05 5.330183e-05 1.236627e+00 
150 3600 2.961620e-05 3.833342e-05 6.021000e-08 8.058940e-01 1.725680e-02 1.796748e-02 9.877798e-05 5.725223e-01 1.702330e-02 1.783324e-02 2.456318e-04 8.673579e-05 8.757100e-05 7.730983e-05 1.449175e+00 
150 6400 2.614916e-05 6.600879e-05 8.400530e-08 5.751226e-01 3.012804e-02 3.132981e-02 1.491312e-04 5.726925e-01 3.014559e-02 3.126267e-02 4.343862e-04 8.351100e-05 8.628722e-05 8.232323e-05 1.271622e+00 
150 10000 2.631340e-05 1.008090e-04 7.618219e-08 5.767754e-01 4.725750e-02 4.923321e-02 2.012912e-04 5.406298e-01 4.743789e-02 4.914577e-02 5.648036e-04 9.580743e-05 9.063757e-05 8.983663e-05 1.311687e+00 
150 14400 2.689618e-05 1.485624e-04 1.482200e-07 4.953088e-01 7.038132e-02 7.282458e-02 3.357806e-04 4.858240e-01 7.108432e-02 7.298632e-02 8.063132e-04 1.622448e-04 9.537684e-05 9.205779e-05 1.270102e+00 
150 19600 3.043157e-05 1.932972e-04 1.623761e-07 5.170596e-01 9.455098e-02 9.837987e-02 4.108088e-04 5.144797e-01 9.525500e-02 9.831705e-02 1.330778e-03 1.183572e-04 1.055662e-04 1.024974e-04 1.420362e+00 
150 25600 2.690838e-05 2.675664e-04 1.822133e-07 5.071092e-01 1.248022e-01 1.454818e-01 5.851940e-04 4.870915e-01 1.242045e-01 1.302098e-01 1.443761e-03 1.556990e-04 1.430020e-04 1.390122e-04 1.521699e+00 
150 32400 2.696021e-05 3.531264e-04 1.261942e-07 4.776980e-01 1.583094e-01 1.648474e-01 5.938368e-04 4.694983e-01 1.579276e-01 1.625821e-01 1.834742e-03 1.538802e-04 1.263992e-04 1.232364e-04 1.594103e+00 
150 40000 3.523058e-05 4.634416e-04 1.622364e-07 5.044120e-01 1.899952e-01 2.237877e-01 1.079271e-02 4.956561e-01 1.925723e-01 2.007837e-01 2.300031e-03 1.629538e-04 1.435108e-04 1.380004e-04 1.821278e+00 
150 48400 2.655177e-05 5.741834e-04 3.864057e-07 9.592072e-01 2.348003e-01 2.426829e-01 9.814490e-04 6.072288e-01 2.349708e-01 2.594234e-01 3.281950e-03 2.398130e-04 2.004540e-04 1.985572e-04 2.543835e+00 
150 57600 2.992484e-05 7.369890e-04 3.283843e-07 6.177285e-01 2.781409e-01 3.242895e-01 1.161066e-03 5.967389e-01 2.783657e-01 3.262069e-01 4.000572e-03 3.264968e-04 2.278970e-04 2.250708e-04 2.428211e+00 
150 67600 3.929278e-05 9.967460e-04 3.083609e-07 5.957131e-01 3.405504e-01 3.559118e-01 1.408382e-03 5.802938e-01 3.359215e-01 3.680780e-01 4.616275e-03 2.665068e-04 2.568786e-04 2.491708e-04 2.584326e+00 
150 78400 2.983459e-05 1.092097e-03 2.964400e-07 5.721620e-01 3.854991e-01 4.253600e-01 1.681903e-03 5.691279e-01 3.843817e-01 3.949289e-01 5.297028e-03 3.762552e-04 2.847302e-04 2.873722e-04 2.740533e+00 
150 90000 2.603298e-05 1.323382e-03 3.343914e-07 5.665128e-01 5.097498e-01 4.594159e-01 1.806607e-03 5.592084e-01 4.326114e-01 4.507642e-01 6.162220e-03 4.846008e-04 3.045276e-04 2.870354e-04 2.988689e+00 
200 400 3.858982e-05 5.860813e-06 7.823110e-08 7.595748e-01 3.039978e-03 3.103378e-03 3.165137e-05 7.538330e-01 3.080913e-03 3.093225e-03 2.922979e-05 3.818120e-05 3.823321e-05 4.028017e-05 1.525957e+00 
200 1600 3.449959e-05 1.659081e-05 5.797483e-08 7.462578e-01 1.015059e-02 1.048825e-02 5.490421e-05 7.560545e-01 1.016472e-02 1.048074e-02 1.103512e-04 5.478798e-05 5.525080e-05 5.096220e-05 1.543996e+00 
200 3600 3.898842e-05 3.601601e-05 7.417984e-08 7.563243e-01 2.316629e-02 2.389048e-02 1.003280e-04 7.703346e-01 2.311550e-02 2.396566e-02 2.446960e-04 8.212477e-05 8.434020e-05 7.727761e-05 1.621475e+00 
200 6400 3.444939e-05 6.713639e-05 7.199124e-08 7.733377e-01 4.061742e-02 4.181697e-02 1.474004e-04 8.561357e-01 4.058295e-02 4.190513e-02 4.357740e-04 8.092923e-05 8.118339e-05 8.552000e-05 1.795342e+00 
200 10000 3.600582e-05 9.835721e-05 5.019829e-08 7.703848e-01 6.381025e-02 6.569630e-02 2.208564e-04 7.694626e-01 6.373133e-02 6.566385e-02 6.798870e-04 9.853723e-05 9.025503e-05 8.243523e-05 1.800069e+00 
200 14400 3.464180e-05 1.481256e-04 5.201437e-08 7.790567e-01 9.137965e-02 9.443861e-02 3.297994e-04 7.694265e-01 9.140446e-02 9.459509e-02 9.867642e-04 1.094558e-04 1.058122e-04 1.005544e-04 1.922136e+00 
200 19600 3.851159e-05 1.981162e-04 7.222407e-08 8.048435e-01 1.269100e-01 1.310664e-01 3.848156e-04 6.812848e-01 1.258218e-01 1.305832e-01 1.101472e-03 1.278874e-04 1.102630e-04 1.039334e-04 2.002618e+00 
200 25600 3.969138e-05 2.616376e-04 9.220093e-08 8.160071e-01 1.671051e-01 1.714280e-01 5.370098e-04 7.809889e-01 1.664248e-01 1.713998e-01 1.826978e-03 1.757290e-04 1.469320e-04 1.415678e-04 2.276524e+00 
200 32400 3.806502e-05 3.328742e-04 1.380220e-07 6.547503e-01 2.112150e-01 2.183264e-01 7.132116e-04 6.510353e-01 2.124744e-01 2.249245e-01 1.816961e-03 1.424694e-04 1.270842e-04 1.249930e-04 2.176051e+00 
200 40000 4.394581e-05 4.505760e-04 1.621898e-07 6.271647e-01 2.861421e-01 2.647247e-01 8.135928e-04 6.302964e-01 2.598020e-01 2.803672e-01 2.244700e-03 2.582429e-02 7.132284e-03 1.573094e-04 2.385201e+00 
200 48400 3.867797e-05 5.924802e-04 1.721550e-07 6.222850e-01 3.542622e-01 3.223074e-01 8.504982e-04 6.363771e-01 3.611481e-01 3.218222e-01 2.796785e-03 2.302898e-02 2.558860e-02 7.811224e-03 2.678956e+00 
200 57600 3.780862e-05 7.830372e-04 3.123656e-07 6.284657e-01 3.766316e-01 4.368516e-01 1.085552e-03 6.278793e-01 4.073339e-01 3.931515e-01 3.226168e-03 2.260060e-04 1.855436e-04 1.835146e-04 2.876079e+00 
200 67600 3.835540e-05 9.911272e-04 3.626104e-07 8.180735e-01 4.472873e-01 4.686080e-01 1.182083e-03 7.033653e-01 4.664346e-01 4.879784e-01 3.863069e-03 2.737198e-04 2.531628e-04 2.520712e-04 3.398652e+00 
200 78400 3.757020e-05 1.101416e-03 1.861714e-07 7.270020e-01 5.110220e-01 5.331354e-01 1.301674e-02 6.645398e-01 5.088738e-01 5.498389e-01 4.425667e-03 3.332708e-04 2.307274e-04 2.544066e-04 3.513858e+00 
200 90000 3.802497e-05 1.422929e-03 3.485940e-07 6.133653e-01 5.879654e-01 6.013810e-01 1.675648e-03 6.021431e-01 5.750778e-01 5.949306e-01 5.091109e-03 4.081108e-04 2.557228e-04 2.751838e-04 3.584068e+00 
250 400 4.593479e-05 6.137183e-06 1.461711e-07 9.984464e-01 3.859350e-03 3.861593e-03 2.522776e-05 9.209616e-01 3.808492e-03 3.818931e-03 2.848259e-05 3.452958e-05 3.405702e-05 3.276700e-05 1.934983e+00 
250 1600 4.607900e-05 1.917882e-05 1.182314e-07 1.037625e+00 1.342045e-02 1.333879e-02 5.609803e-05 9.941549e-01 1.304419e-02 1.346909e-02 9.146100e-05 4.973244e-05 4.981658e-05 5.077398e-05 2.085436e+00 
250 3600 4.326864e-05 3.557722e-05 1.322012e-07 1.013414e+00 3.122763e-02 3.110560e-02 8.827620e-05 1.002838e+00 3.258531e-02 3.219769e-02 2.040254e-04 8.964222e-05 8.388138e-05 7.922263e-05 2.144016e+00 
250 6400 4.342301e-05 6.636740e-05 1.521781e-07 1.059460e+00 5.341974e-02 5.353796e-02 1.257622e-04 9.719952e-01 5.654872e-02 5.487458e-02 3.609900e-04 8.724462e-05 8.424800e-05 8.449838e-05 2.250717e+00 
250 10000 4.790560e-05 9.805481e-05 1.220033e-07 1.084922e+00 8.195985e-02 8.398300e-02 1.904890e-04 9.422964e-01 8.902409e-02 8.326502e-02 5.596374e-04 8.860277e-05 8.219699e-05 7.999358e-05 2.366629e+00 
250 14400 4.535378e-05 1.481456e-04 1.322012e-07 9.730335e-01 1.160484e-01 1.193000e-01 3.264726e-04 9.538073e-01 1.189073e-01 1.200175e-01 9.853806e-04 9.449739e-05 8.717240e-05 8.703819e-05 2.402919e+00 
250 19600 4.647160e-05 1.926322e-04 2.223998e-07 9.328722e-01 1.620469e-01 1.628560e-01 4.117302e-04 9.351115e-01 1.603088e-01 1.622739e-01 1.245021e-03 1.135120e-04 9.797858e-05 9.688903e-05 2.517703e+00 
250 25600 4.621721e-05 2.606982e-04 1.561828e-07 9.279743e-01 2.097205e-01 2.151432e-01 4.644090e-04 9.627281e-01 2.120319e-01 2.146294e-01 1.747689e-03 1.652032e-04 1.492834e-04 1.569810e-04 2.745259e+00 
250 32400 4.541003e-05 3.363914e-04 1.581851e-07 1.097094e+00 2.631239e-01 2.742429e-01 5.863334e-04 9.128354e-01 2.738970e-01 2.744281e-01 1.818253e-03 1.444062e-04 1.302188e-04 1.208548e-04 3.098837e+00 
250 40000 4.800782e-05 4.466624e-04 2.103858e-07 9.467176e-01 3.288548e-01 3.308761e-01 1.124259e-02 9.537730e-01 3.509470e-01 3.453204e-01 2.243736e-03 1.631242e-04 1.418702e-04 1.449008e-04 3.270956e+00 
250 48400 4.661782e-05 6.343012e-04 2.543908e-07 9.207958e-01 3.960944e-01 4.020305e-01 8.553100e-04 9.739564e-01 3.990380e-01 4.035805e-01 2.717687e-03 1.823690e-04 1.663770e-04 1.587316e-04 3.500307e+00 
250 57600 4.528780e-05 7.719472e-04 3.303867e-07 9.991851e-01 4.753946e-01 4.926659e-01 1.097798e-02 9.801888e-01 4.790005e-01 5.169124e-01 3.524869e-03 2.997986e-04 2.454334e-04 2.099782e-04 3.959477e+00 
250 67600 5.458561e-05 9.043714e-04 3.745779e-07 1.247503e+00 6.408806e-01 5.663048e-01 1.219523e-03 1.076376e+00 6.266494e-01 6.817793e-01 4.475614e-03 2.723515e-02 2.859362e-02 2.714159e-02 4.929179e+00 
250 78400 4.627723e-05 1.204166e-03 3.504101e-07 9.374084e-01 7.189899e-01 6.495787e-01 1.360500e-03 9.501171e-01 7.239802e-01 6.659099e-01 4.580096e-03 3.438286e-04 2.588814e-04 2.336256e-04 4.654056e+00 
250 90000 5.663880e-05 1.367110e-03 3.104098e-07 9.144101e-01 7.382871e-01 7.478249e-01 1.555592e-03 9.667943e-01 7.361495e-01 7.481065e-01 5.043392e-03 2.199163e-02 8.373695e-03 2.856976e-04 4.890299e+00 
300 400 5.711140e-05 5.678367e-06 1.343898e-07 1.860095e+00 4.678884e-03 4.711749e-03 3.342200e-05 1.767526e+00 4.712184e-03 4.684807e-03 2.871100e-05 4.303441e-05 4.006000e-05 3.941283e-05 3.646671e+00 
300 1600 5.164337e-05 1.593782e-05 7.599592e-08 1.767215e+00 1.565202e-02 1.575449e-02 5.830522e-05 1.720790e+00 1.533841e-02 1.564853e-02 1.093296e-04 6.748699e-05 5.558720e-05 5.291118e-05 3.550833e+00 
300 3600 6.431621e-05 4.028021e-05 1.882203e-07 1.726402e+00 4.735530e-02 8.537345e-02 1.411652e-02 1.710330e+00 3.530555e-02 3.568016e-02 2.476946e-04 6.765542e-05 6.555398e-05 6.476901e-05 3.655136e+00 
300 6400 5.527679e-05 6.688819e-05 8.023344e-08 1.820704e+00 6.151828e-02 6.259714e-02 1.512144e-04 1.716207e+00 6.151727e-02 6.269706e-02 4.360524e-04 8.427398e-05 8.326638e-05 7.994580e-05 3.786215e+00 
300 10000 5.499236e-05 1.002100e-04 7.599592e-08 1.708349e+00 9.630435e-02 9.850071e-02 2.242676e-04 1.709557e+00 1.138844e-01 9.825045e-02 6.818804e-04 1.022892e-04 9.792056e-05 9.097201e-05 3.826219e+00 
300 14400 5.567740e-05 1.455880e-04 9.001233e-08 1.737696e+00 1.405047e-01 1.435195e-01 3.149194e-04 1.726704e+00 1.408365e-01 1.443434e-01 9.813204e-04 1.040216e-04 1.036410e-04 9.932062e-05 4.035422e+00 
300 19600 5.472200e-05 1.944590e-04 1.202337e-07 1.737370e+00 1.926747e-01 1.974243e-01 4.128498e-04 1.730827e+00 1.917926e-01 1.978912e-01 1.360228e-03 1.382810e-04 1.178864e-04 1.219866e-04 4.250400e+00 
300 25600 5.432921e-05 2.565820e-04 9.620562e-08 1.770375e+00 2.518702e-01 2.564416e-01 5.359262e-04 1.719205e+00 2.526040e-01 2.530875e-01 1.751775e-03 1.861906e-04 1.665894e-04 1.825290e-04 4.506740e+00 
300 32400 5.525462e-05 3.303082e-04 1.140404e-07 1.683136e+00 3.582466e-01 3.335788e-01 6.654398e-04 1.714532e+00 4.557845e-01 4.268701e-01 2.308256e-03 1.851892e-04 1.630400e-04 1.571512e-04 4.976038e+00 
300 40000 5.613402e-05 4.332964e-04 2.284069e-07 1.689372e+00 3.962181e-01 4.039537e-01 8.173612e-04 1.688693e+00 4.180412e-01 4.035265e-01 2.748601e-03 2.072482e-04 1.698902e-04 1.686864e-04 5.004433e+00 
300 48400 5.547721e-05 5.702794e-04 2.343673e-07 1.688660e+00 5.383648e-01 4.932369e-01 9.812344e-04 1.840272e+00 5.253161e-01 4.891661e-01 3.291347e-03 2.340802e-04 1.992742e-04 2.015816e-04 5.580588e+00 
300 57600 5.534077e-05 7.301708e-04 4.027970e-07 1.810676e+00 5.635300e-01 6.549055e-01 8.981281e-03 1.632657e+00 5.698555e-01 5.732337e-01 3.910148e-03 2.748012e-04 2.167484e-04 2.161854e-04 5.819312e+00 
300 67600 5.734181e-05 1.955230e-03 2.563931e-07 1.707411e+00 7.155749e-01 6.742675e-01 1.419923e-03 1.763270e+00 6.711901e-01 6.869328e-01 4.605432e-03 2.764676e-04 2.569986e-04 2.547512e-04 6.227538e+00 
300 78400 5.434123e-05 1.140337e-03 2.523884e-07 1.749147e+00 8.029656e-01 8.058295e-01 1.222919e-02 1.772415e+00 8.646128e-01 8.977082e-01 5.472344e-03 4.415970e-04 2.822364e-04 2.819038e-04 6.912653e+00 
300 90000 5.461378e-05 1.279449e-03 3.084075e-07 1.815080e+00 8.895428e-01 9.011641e-01 2.022593e-03 1.760615e+00 8.877706e-01 8.955853e-01 6.293633e-03 4.949026e-04 3.338376e-04 3.196104e-04 7.160590e+00 
350 400 6.346698e-05 5.796785e-06 7.199124e-08 2.475310e+00 5.423508e-03 5.482883e-03 3.456962e-05 2.486472e+00 5.375408e-03 5.485521e-03 2.902742e-05 4.505939e-05 3.942302e-05 3.835140e-05 4.983822e+00 
350 1600 6.366540e-05 1.660096e-05 8.619390e-08 2.481192e+00 1.793373e-02 1.825326e-02 5.752021e-05 2.496466e+00 1.793509e-02 1.826349e-02 1.102310e-04 5.634422e-05 5.149497e-05 5.124859e-05 5.050463e+00 
350 3600 5.928259e-05 3.615618e-05 9.420328e-08 2.484987e+00 4.644085e-02 4.158076e-02 9.345799e-05 2.449369e+00 4.075952e-02 5.136931e-02 2.466190e-04 6.181863e-05 6.398577e-05 5.962541e-05 5.115140e+00 
350 6400 5.933479e-05 6.488301e-05 7.799827e-08 2.548778e+00 7.182741e-02 7.279670e-02 1.510220e-04 2.506162e+00 8.647712e-02 7.367529e-02 4.335288e-04 8.743899e-05 8.361521e-05 8.185240e-05 5.360701e+00 
350 10000 6.358721e-05 1.025476e-04 8.800998e-08 2.452716e+00 1.166722e-01 1.171178e-01 2.266170e-04 2.455687e+00 1.158400e-01 1.167876e-01 6.785294e-04 1.008290e-04 9.645042e-05 8.802381e-05 5.376195e+00 
350 14400 5.938280e-05 1.479716e-04 9.019859e-08 2.450089e+00 1.642359e-01 1.676092e-01 3.102422e-04 2.392794e+00 1.731060e-01 1.680930e-01 8.327002e-04 1.105554e-04 9.902022e-05 9.657857e-05 5.517608e+00 
350 19600 6.447057e-05 3.075042e-04 1.482200e-07 2.084327e+00 2.260463e-01 2.276806e-01 4.113454e-04 2.120688e+00 2.258125e-01 2.273191e-01 1.332367e-03 1.243800e-04 9.828503e-05 1.031022e-04 5.114341e+00 
350 25600 6.359322e-05 2.617996e-04 1.101755e-07 2.315429e+00 3.207767e-01 3.433221e-01 5.328110e-04 2.338892e+00 3.283494e-01 3.483128e-01 1.738803e-03 1.858680e-04 1.624730e-04 1.566082e-04 5.998203e+00 
350 32400 6.491118e-05 3.431392e-04 1.102220e-07 2.245940e+00 3.741143e-01 3.824677e-01 6.615158e-04 2.238746e+00 3.799765e-01 4.402146e-01 2.194590e-03 1.780344e-04 1.511582e-04 1.481858e-04 6.065229e+00 
350 40000 6.304840e-05 4.316180e-04 1.442153e-07 2.310033e+00 5.059644e-01 6.252728e-01 8.271540e-04 2.352287e+00 4.576411e-01 4.667060e-01 2.717387e-03 1.897180e-04 1.711882e-04 1.688806e-04 6.722505e+00 
350 48400 6.501540e-05 5.744636e-04 1.663808e-07 2.357634e+00 6.562522e-01 5.980129e-01 1.460598e-02 2.414211e+00 5.682196e-01 5.655036e-01 3.287683e-03 2.308774e-04 2.030618e-04 2.019322e-04 7.179037e+00 
350 57600 6.358698e-05 7.603036e-04 2.603978e-07 2.312455e+00 6.743038e-01 6.827839e-01 1.183573e-03 2.376608e+00 6.581813e-01 6.701438e-01 3.900210e-03 2.640190e-04 2.139020e-04 2.179442e-04 7.381104e+00 
350 67600 6.261161e-05 9.060576e-04 2.523884e-07 2.371889e+00 8.323893e-01 9.734783e-01 1.464091e-03 2.533077e+00 7.827474e-01 7.994533e-01 4.876750e-03 2.809626e-04 2.713542e-04 2.688442e-04 8.301200e+00 
350 78400 6.362922e-05 1.086266e-03 2.863817e-07 2.339789e+00 1.005506e+00 9.266614e-01 1.209934e-02 2.394256e+00 9.387716e-01 9.055902e-01 5.335276e-03 2.425216e-02 2.868341e-02 9.980868e-03 8.592124e+00 
350 90000 6.298041e-05 1.317017e-03 2.844259e-07 2.388171e+00 1.194883e+00 1.052506e+00 1.234580e-02 2.183680e+00 1.064549e+00 1.101416e+00 6.113235e-03 4.374262e-04 3.103422e-04 2.959126e-04 9.006392e+00 
400 400 7.106438e-05 5.978765e-06 8.400530e-08 3.312426e+00 6.022545e-03 6.105607e-03 3.295117e-05 3.322112e+00 6.021295e-03 6.077533e-03 3.032940e-05 4.042238e-05 3.804504e-05 3.681500e-05 6.659038e+00 
400 1600 7.403283e-05 1.628837e-05 6.617047e-08 3.292360e+00 2.059834e-02 2.085664e-02 5.663261e-05 3.275330e+00 2.056538e-02 2.091728e-02 1.133116e-04 5.959319e-05 5.817120e-05 6.390382e-05 6.651085e+00 
400 3600 7.209778e-05 3.822716e-05 8.819625e-08 3.186884e+00 4.671420e-02 4.737704e-02 9.142878e-05 3.190107e+00 5.233571e-02 4.713228e-02 2.459820e-04 6.901519e-05 6.878502e-05 6.588860e-05 6.571217e+00 
400 6400 7.385644e-05 6.523561e-05 8.819625e-08 3.224189e+00 8.236608e-02 1.062678e-01 1.170726e-02 3.349419e+00 8.236778e-02 8.438186e-02 4.360626e-04 8.266158e-05 8.157999e-05 7.669479e-05 6.941533e+00 
400 10000 7.370636e-05 9.925058e-05 1.621898e-07 3.195507e+00 1.393681e-01 1.423064e-01 2.488866e-04 3.261520e+00 1.466170e-01 1.327129e-01 6.830222e-04 9.942679e-05 9.473981e-05 8.926364e-05 7.019440e+00 
400 14400 7.162523e-05 1.473144e-04 8.200295e-08 3.260528e+00 1.937019e-01 1.926972e-01 3.220940e-04 3.234484e+00 1.997164e-01 1.926294e-01 9.879004e-04 1.088670e-04 1.111862e-04 1.068080e-04 7.275640e+00 
400 19600 7.215822e-05 1.929788e-04 1.684297e-07 3.125293e+00 2.602087e-01 2.625937e-01 4.135530e-04 3.113493e+00 2.557652e-01 3.320922e-01 1.334118e-03 1.419806e-04 1.255880e-04 1.220626e-04 7.351869e+00 
400 25600 7.315939e-05 2.559110e-04 9.820797e-08 3.076485e+00 3.451010e-01 3.470493e-01 5.421052e-04 3.115339e+00 3.603905e-01 3.542185e-01 1.739002e-03 1.868136e-04 1.682318e-04 1.669538e-04 7.601736e+00 
400 32400 7.225019e-05 3.353138e-04 1.622364e-07 3.083273e+00 4.321669e-01 4.399892e-01 6.640636e-04 3.089756e+00 4.268578e-01 4.341723e-01 2.347295e-03 1.686164e-04 1.513706e-04 1.465894e-04 7.910119e+00 
400 40000 7.139081e-05 4.399364e-04 1.743902e-07 3.128396e+00 6.823139e-01 6.264670e-01 8.189216e-04 3.208000e+00 5.431656e-01 5.355240e-01 2.747970e-03 2.084080e-04 1.748558e-04 1.847586e-04 8.728538e+00 
400 48400 7.241243e-05 5.739648e-04 1.663808e-07 3.348582e+00 7.311963e-01 6.528304e-01 1.064944e-03 3.172871e+00 7.003539e-01 6.438725e-01 3.212119e-03 2.071120e-04 1.956948e-04 1.928726e-04 9.255261e+00 
400 57600 7.402282e-05 1.468555e-03 2.062414e-07 2.791030e+00 8.236402e-01 9.062334e-01 1.039551e-03 2.418849e+00 7.603691e-01 7.936958e-01 3.369222e-03 2.073177e-02 1.939502e-04 1.891130e-04 8.521014e+00 
400 67600 8.267583e-05 9.667142e-04 2.823770e-07 2.438076e+00 9.855999e-01 9.464236e-01 1.416329e-03 2.523755e+00 8.839330e-01 8.979948e-01 4.769976e-03 2.467952e-04 2.322874e-04 2.257818e-04 8.683766e+00 
400 78400 7.054163e-05 1.047277e-03 2.584420e-07 2.525761e+00 1.038637e+00 1.074372e+00 1.358224e-02 3.019994e+00 1.086717e+00 1.043254e+00 5.250226e-03 3.441088e-04 2.283756e-04 2.298958e-04 9.809537e+00 
400 90000 7.167123e-05 1.324936e-03 2.924353e-07 3.347030e+00 1.212258e+00 1.209709e+00 1.236785e-02 3.126073e+00 1.189917e+00 1.210099e+00 6.105445e-03 2.332247e-02 4.026052e-03 3.966554e-04 1.134276e+01 
450 400 8.919137e-05 7.086620e-06 1.102220e-07 4.255060e+00 6.822914e-03 6.921121e-03 3.643041e-05 4.307227e+00 6.896280e-03 6.982559e-03 2.983660e-05 5.083801e-05 3.590379e-05 3.808099e-05 8.590214e+00 
450 1600 8.020401e-05 1.653484e-05 7.022172e-08 4.383408e+00 2.313913e-02 2.341574e-02 5.713957e-05 4.250351e+00 2.317366e-02 2.338746e-02 1.115930e-04 5.582161e-05 5.358621e-05 5.310941e-05 8.727320e+00 
450 3600 8.165622e-05 3.633839e-05 9.201467e-08 4.294998e+00 5.273188e-02 5.317311e-02 9.294297e-05 4.217445e+00 5.264730e-02 5.316574e-02 2.450968e-04 6.724461e-05 6.445241e-05 6.124158e-05 8.724827e+00 
450 6400 7.624403e-05 6.717262e-05 7.217750e-08 4.181876e+00 9.254335e-02 9.428746e-02 1.599974e-04 4.177217e+00 9.274081e-02 1.182614e-01 4.349528e-04 9.012702e-05 8.030823e-05 7.981141e-05 8.757931e+00 
450 10000 8.217497e-05 9.859940e-05 8.023344e-08 4.113644e+00 1.477861e-01 1.497739e-01 2.239632e-04 4.081427e+00 1.486527e-01 1.494605e-01 6.817282e-04 9.900620e-05 8.950401e-05 8.505718e-05 8.792121e+00 
450 14400 8.112937e-05 1.435568e-04 7.222407e-08 4.142803e+00 2.148933e-01 2.133603e-01 3.327980e-04 4.071839e+00 2.796604e-01 2.840631e-01 9.798602e-04 2.832783e-02 2.838100e-02 2.152493e-03 9.267045e+00 
450 19600 8.099321e-05 1.960414e-04 9.220093e-08 4.182543e+00 3.527579e-01 3.205293e-01 4.208018e-04 4.237979e+00 3.271908e-01 3.347580e-01 1.332151e-03 1.369170e-04 1.286146e-04 1.213536e-04 9.758194e+00 
450 25600 8.166218e-05 2.557706e-04 1.021661e-07 4.221600e+00 3.916623e-01 3.932116e-01 5.717074e-04 4.228686e+00 4.103813e-01 4.103433e-01 1.748867e-03 1.795066e-04 1.604100e-04 1.644360e-04 1.005908e+01 
450 32400 8.032420e-05 3.396482e-04 1.602340e-07 4.011463e+00 4.761965e-01 4.895904e-01 6.624792e-04 3.930291e+00 5.930191e-01 5.415196e-01 2.213935e-03 1.788616e-04 1.605922e-04 1.559834e-04 1.004589e+01 
450 40000 8.028820e-05 4.421396e-04 1.924112e-07 3.945628e+00 6.015342e-01 6.155805e-01 8.137596e-04 3.919128e+00 6.457682e-01 8.046670e-01 2.713765e-03 1.969166e-04 1.779442e-04 1.791822e-04 1.053694e+01 
450 48400 8.173441e-05 5.738548e-04 1.020264e-07 3.981959e+00 7.804135e-01 7.452947e-01 1.017571e-03 4.260435e+00 7.781812e-01 8.064502e-01 3.280771e-03 2.859198e-04 2.256276e-04 1.934294e-04 1.135842e+01 
450 57600 8.035819e-05 7.737918e-04 2.424233e-07 4.357144e+00 8.854613e-01 8.644412e-01 1.068252e-03 4.279015e+00 8.599551e-01 8.568613e-01 3.222360e-03 2.691868e-04 2.152882e-04 2.162916e-04 1.210884e+01 
450 67600 7.933057e-05 9.860274e-04 3.725756e-07 4.279462e+00 9.988733e-01 1.041753e+00 1.383320e-03 4.228358e+00 1.009975e+00 1.000125e+00 4.573453e-03 3.243014e-04 2.462626e-04 2.498760e-04 1.256642e+01 
450 78400 8.021197e-05 1.214017e-03 3.546011e-07 4.113908e+00 1.225343e+00 1.175930e+00 1.533636e-02 4.365224e+00 1.146480e+00 1.197217e+00 5.418796e-03 2.483203e-02 2.861230e-02 7.331698e-03 1.330696e+01 
450 90000 7.996759e-05 1.353490e-03 2.803747e-07 4.380328e+00 1.370648e+00 1.360689e+00 1.971958e-03 4.087740e+00 1.336162e+00 1.426976e+00 6.086618e-03 4.156780e-04 3.345386e-04 3.162952e-04 1.397314e+01 
500 400 9.000679e-05 5.830824e-06 9.220093e-08 5.589821e+00 7.405535e-03 7.464690e-03 3.287322e-05 5.512604e+00 7.538957e-03 7.706468e-03 2.917559e-05 4.649758e-05 4.298622e-05 4.223720e-05 1.113285e+01 
500 1600 8.873679e-05 1.639263e-05 7.417984e-08 5.509585e+00 2.562609e-02 2.599719e-02 5.919458e-05 5.540948e+00 2.568761e-02 2.591138e-02 1.111644e-04 4.529180e-05 4.376760e-05 4.437440e-05 1.115418e+01 
500 3600 8.870279e-05 3.692522e-05 8.819625e-08 5.544007e+00 5.923922e-02 6.004399e-02 9.608180e-05 5.664504e+00 6.278207e-02 6.125616e-02 2.445200e-04 8.086497e-05 8.224300e-05 6.621322e-05 1.145254e+01 
500 6400 8.460460e-05 6.720261e-05 7.799827e-08 5.693123e+00 1.029610e-01 1.044301e-01 1.523942e-04 5.398682e+00 1.029786e-01 1.043058e-01 4.367034e-04 2.992658e-04 8.124141e-05 8.285199e-05 1.150771e+01 
500 10000 8.859658e-05 1.018544e-04 9.220093e-08 5.383504e+00 1.639692e-01 1.666535e-01 2.303568e-04 5.369582e+00 1.698960e-01 1.691301e-01 6.805324e-04 1.026034e-04 1.021628e-04 9.780237e-05 1.142416e+01 
500 14400 8.841441e-05 1.442698e-04 7.399358e-08 5.559841e+00 2.345465e-01 2.404313e-01 3.140190e-04 5.550067e+00 2.498243e-01 2.585406e-01 9.789366e-04 1.121302e-04 1.126008e-04 1.093140e-04 1.209513e+01 
500 19600 8.878116e-05 1.950746e-04 7.599592e-08 5.434245e+00 3.298149e-01 3.701125e-01 4.106986e-04 5.441135e+00 3.457809e-01 3.681861e-01 1.332131e-03 1.397130e-04 1.267956e-04 1.243860e-04 1.229171e+01 
500 25600 8.866461e-05 2.583284e-04 1.722015e-07 5.335371e+00 4.302577e-01 4.666550e-01 5.458868e-04 5.378178e+00 4.554027e-01 4.256584e-01 1.745985e-03 1.763220e-04 1.610810e-04 1.744530e-04 1.249471e+01 
500 32400 9.104041e-05 3.372466e-04 1.521781e-07 5.332161e+00 5.737661e-01 5.346470e-01 6.620526e-04 5.301801e+00 5.402860e-01 5.783843e-01 2.271067e-03 2.695805e-02 2.748144e-02 2.647391e-02 1.294535e+01 
500 40000 9.065778e-05 4.431576e-04 1.882203e-07 5.504185e+00 6.591629e-01 6.580607e-01 9.008290e-04 5.486362e+00 6.834665e-01 6.655099e-01 2.714583e-03 1.910200e-04 1.733456e-04 1.717872e-04 1.366146e+01 
500 48400 8.851439e-05 5.870512e-04 2.783723e-07 5.316080e+00 7.949955e-01 8.158987e-01 1.067163e-03 5.515714e+00 7.925401e-01 8.086045e-01 3.278272e-03 2.356948e-04 2.020382e-04 2.136678e-04 1.404954e+01 
500 57600 8.880282e-05 7.735678e-04 2.403744e-07 5.266199e+00 1.018265e+00 1.060818e+00 1.326840e-02 5.777805e+00 1.028002e+00 9.523929e-01 4.034122e-03 2.701628e-04 2.190762e-04 2.201018e-04 1.512238e+01 
500 67600 8.976837e-05 9.809936e-04 1.141801e-07 5.804189e+00 1.115704e+00 1.134269e+00 1.386714e-03 5.610710e+00 1.121434e+00 1.128797e+00 4.575727e-03 3.422282e-04 2.541964e-04 2.595204e-04 1.592303e+01 
500 78400 8.856058e-05 1.130332e-03 1.862179e-07 5.692751e+00 1.294594e+00 1.315129e+00 1.549814e-03 5.295794e+00 1.281286e+00 1.298379e+00 4.652544e-03 3.976692e-04 3.087142e-04 3.028032e-04 1.618642e+01 
500 90000 8.967221e-05 1.356821e-03 2.563931e-07 5.532321e+00 1.519815e+00 1.838422e+00 1.826752e-03 5.491325e+00 1.486277e+00 1.484607e+00 6.149086e-03 4.752734e-04 3.331688e-04 3.143186e-04 1.736336e+01 
550 400 9.839321e-05 5.868822e-06 8.000061e-08 7.116183e+00 8.340742e-03 8.114019e-03 2.778959e-05 7.118116e+00 8.276406e-03 8.408862e-03 2.847863e-05 4.793960e-05 3.514239e-05 3.581559e-05 1.426774e+01 
550 1600 9.672679e-05 1.728181e-05 7.199124e-08 7.104897e+00 2.820359e-02 2.853986e-02 5.219597e-05 7.091093e+00 2.823485e-02 2.859924e-02 1.095580e-04 4.821797e-05 4.827441e-05 4.389780e-05 1.431000e+01 
550 3600 9.660861e-05 3.840942e-05 8.223578e-08 7.101426e+00 6.466302e-02 6.518115e-02 9.057540e-05 7.061838e+00 6.465888e-02 6.523294e-02 2.452512e-04 7.071178e-05 6.677401e-05 6.538378e-05 1.442369e+01 
550 6400 9.836322e-05 6.562620e-05 7.804483e-08 7.061127e+00 1.156103e-01 1.169666e-01 1.548758e-04 7.086592e+00 1.136574e-01 1.193414e-01 4.344704e-04 8.740099e-05 7.768041e-05 8.020401e-05 1.461431e+01 
550 10000 9.627398e-05 1.018724e-04 8.018687e-08 7.001183e+00 1.815569e-01 1.820036e-01 2.409486e-04 7.025601e+00 1.812117e-01 1.835039e-01 6.824034e-04 1.036672e-04 9.931261e-05 9.447341e-05 1.475649e+01 
550 14400 9.615803e-05 1.443740e-04 7.422641e-08 7.067762e+00 2.598279e-01 2.638162e-01 3.110656e-04 7.194294e+00 2.706472e-01 2.666948e-01 9.804794e-04 1.130692e-04 1.117652e-04 1.093776e-04 1.532493e+01 
550 19600 9.681899e-05 1.943770e-04 8.819625e-08 7.432239e+00 3.684948e-01 3.722761e-01 4.157644e-04 6.983962e+00 3.729769e-01 3.710449e-01 1.363939e-03 1.326584e-04 1.152404e-04 1.177924e-04 1.590345e+01 
550 25600 9.876601e-05 2.571448e-04 1.402106e-07 7.201140e+00 5.238648e-01 4.883670e-01 5.519862e-04 7.033221e+00 5.593759e-01 6.988982e-01 1.753775e-03 2.027454e-04 1.764220e-04 1.857420e-04 1.650812e+01 
550 32400 9.628423e-05 3.421842e-04 1.942273e-07 7.078202e+00 5.886179e-01 6.067095e-01 6.700428e-04 7.061535e+00 5.809934e-01 5.909168e-01 2.201835e-03 1.781246e-04 1.499624e-04 1.469820e-04 1.651079e+01 
550 40000 9.658458e-05 4.463418e-04 1.684297e-07 7.049707e+00 7.285948e-01 7.542224e-01 8.307372e-04 7.046382e+00 7.374366e-01 7.284344e-01 2.714450e-03 1.970668e-04 1.705392e-04 1.697402e-04 1.704943e+01 
550 48400 9.666062e-05 5.875372e-04 2.084300e-07 6.842449e+00 1.084303e+00 9.090933e-01 1.206655e-02 7.117161e+00 1.052885e+00 8.950646e-01 3.271023e-03 2.285840e-04 2.044880e-04 1.989758e-04 1.791764e+01 
550 57600 9.599179e-05 7.662886e-04 2.781861e-07 6.790799e+00 1.115240e+00 1.098736e+00 4.631061e-03 6.773653e+00 1.121982e+00 1.071186e+00 3.937623e-03 1.859426e-02 2.946448e-04 2.740822e-04 1.800023e+01 
550 67600 9.709541e-05 9.225246e-04 3.285706e-07 6.976787e+00 1.221553e+00 1.280445e+00 1.459536e-03 6.790487e+00 1.224600e+00 1.316009e+00 4.569296e-03 3.716922e-04 2.598288e-04 2.486320e-04 1.881784e+01 
550 78400 9.835721e-05 1.097112e-03 3.465917e-07 6.919724e+00 1.427733e+00 1.432019e+00 1.577687e-03 6.926369e+00 1.430372e+00 1.448037e+00 5.431597e-03 3.644836e-04 3.027610e-04 3.040310e-04 1.959346e+01 
550 90000 9.769020e-05 1.301552e-03 3.584195e-07 6.943000e+00 1.622379e+00 1.659329e+00 1.825562e-03 6.851818e+00 1.612520e+00 1.768597e+00 7.866324e-03 2.570889e-02 2.833448e-02 5.050256e-03 2.052789e+01 
600 400 1.051514e-04 5.911011e-06 1.521781e-07 6.915083e+00 9.055382e-03 9.029207e-03 3.162739e-05 7.061000e+00 9.033131e-03 8.977311e-03 2.439041e-05 4.977663e-05 4.344503e-05 4.439042e-05 1.401250e+01 
600 1600 1.142950e-04 1.676502e-05 2.223998e-07 7.054544e+00 3.115166e-02 3.151171e-02 5.936278e-05 7.228236e+00 3.126545e-02 3.148944e-02 1.120136e-04 5.966537e-05 6.059860e-05 4.778961e-05 1.440870e+01 
600 3600 1.077612e-04 3.653881e-05 1.202337e-07 9.098531e+00 6.942105e-02 7.022972e-02 8.974019e-05 8.933787e+00 7.127222e-02 7.233385e-02 2.478788e-04 7.377444e-05 7.017720e-05 6.986861e-05 1.831629e+01 
600 6400 1.064414e-04 6.434224e-05 1.642387e-07 6.721549e+00 1.306583e-01 1.296026e-01 1.389780e-04 6.711803e+00 1.299944e-01 1.291441e-01 3.601812e-04 8.243141e-05 7.381458e-05 7.513841e-05 1.395368e+01 
600 10000 1.058646e-04 9.726961e-05 1.942273e-07 6.620297e+00 2.020089e-01 2.027597e-01 1.947496e-04 6.483508e+00 2.129378e-01 2.028137e-01 5.785340e-04 8.598058e-05 1.064614e-04 7.524057e-05 1.392560e+01 
600 14400 1.057202e-04 1.464732e-04 1.442153e-07 6.409346e+00 3.474724e-01 3.338460e-01 1.196736e-02 6.565966e+00 3.375071e-01 3.219568e-01 8.898698e-04 8.889921e-05 8.605281e-05 8.490100e-05 1.432950e+01 
600 19600 1.042200e-04 1.901928e-04 1.241919e-07 5.963374e+00 3.887971e-01 4.079164e-01 3.573628e-04 7.011214e+00 3.942852e-01 3.972062e-01 1.105757e-03 1.142370e-04 1.092776e-04 1.011534e-04 1.456491e+01 
600 25600 1.056982e-04 2.558910e-04 1.301989e-07 6.396673e+00 5.068659e-01 5.091785e-01 4.771302e-04 6.152112e+00 5.052267e-01 5.096291e-01 1.745108e-03 1.550942e-04 1.372976e-04 1.652434e-04 1.458277e+01 
600 32400 1.057142e-04 3.334110e-04 1.362059e-07 6.374092e+00 6.340393e-01 6.428335e-01 6.694100e-04 6.235933e+00 6.379713e-01 6.592757e-01 1.821759e-03 1.387258e-04 1.256020e-04 1.232726e-04 1.518750e+01 
600 40000 1.044582e-04 4.909188e-04 2.163928e-07 6.162241e+00 7.961564e-01 7.954619e-01 7.044906e-04 6.384579e+00 8.063821e-01 8.385271e-01 2.245132e-03 2.248964e-02 2.354120e-02 4.762273e-03 1.583774e+01 
600 48400 1.125644e-04 5.697606e-04 2.704095e-07 8.689828e+00 1.027153e+00 9.712020e-01 1.043676e-03 8.266104e+00 1.037909e+00 9.749843e-01 2.754002e-03 2.373672e-04 2.141866e-04 2.201514e-04 2.097238e+01 
600 57600 1.072246e-04 8.102066e-04 3.206078e-07 5.993743e+00 1.141033e+00 1.144905e+00 1.242869e-02 6.411045e+00 1.136614e+00 1.222494e+00 3.493511e-03 2.898660e-04 2.371188e-04 1.906734e-04 1.706745e+01 
600 67600 1.148220e-04 9.569924e-04 2.384186e-07 5.971812e+00 1.338946e+00 1.363749e+00 1.298339e-03 5.833697e+00 1.362019e+00 1.366956e+00 4.021163e-03 3.176374e-04 2.388656e-04 2.144550e-04 1.724437e+01 
600 78400 1.047006e-04 1.087912e-03 3.445894e-07 6.441855e+00 1.537859e+00 1.754046e+00 1.559997e-03 6.498714e+00 1.549507e+00 1.758528e+00 4.997630e-03 3.608402e-04 2.608804e-04 2.466912e-04 1.954918e+01 
600 90000 1.036772e-04 1.444759e-03 2.064276e-07 6.039750e+00 1.801369e+00 1.828584e+00 1.448283e-02 6.103435e+00 1.768136e+00 1.809561e+00 5.848250e-03 4.223962e-04 3.017818e-04 2.930526e-04 1.937379e+01 
650 400 1.156490e-04 5.812803e-06 1.142267e-07 1.081499e+01 9.404010e-03 9.447176e-03 2.865898e-05 1.118407e+01 1.042214e-02 1.043242e-02 2.875123e-05 5.714940e-05 5.061580e-05 4.599900e-05 2.203912e+01 
650 1600 1.204062e-04 1.811716e-05 1.181848e-07 1.112471e+01 3.469046e-02 3.479232e-02 5.553504e-05 1.117637e+01 3.465337e-02 3.480074e-02 1.089390e-04 6.367336e-05 5.412097e-05 5.548303e-05 2.244051e+01 
650 3600 1.131554e-04 3.622021e-05 9.001233e-08 1.111345e+01 9.082671e-02 9.017362e-02 9.426698e-05 1.095182e+01 9.359825e-02 1.292148e-01 2.471278e-04 1.503793e-02 8.320459e-05 8.188039e-05 2.248479e+01 
650 6400 1.134438e-04 6.728461e-05 8.600764e-08 1.078614e+01 1.712654e-01 1.658347e-01 1.316921e-02 1.144506e+01 1.601147e-01 2.131535e-01 4.386344e-04 1.282939e-02 1.055458e-04 1.050572e-04 2.296842e+01 
650 10000 1.130132e-04 1.017622e-04 8.400530e-08 1.120531e+01 2.362705e-01 2.196781e-01 1.565228e-02 1.114603e+01 2.267858e-01 2.167203e-01 6.805068e-04 1.001060e-04 9.853360e-05 9.208778e-05 2.326766e+01 
650 14400 1.138964e-04 1.454558e-04 1.002103e-07 1.145593e+01 3.757831e-01 3.581268e-01 1.390666e-03 1.131637e+01 3.179475e-01 3.406610e-01 9.777618e-04 1.419244e-04 1.105974e-04 1.165766e-04 2.416783e+01 
650 19600 1.151984e-04 1.979542e-04 7.618219e-08 1.100830e+01 4.367995e-01 5.559923e-01 4.163854e-04 1.138963e+01 4.398434e-01 4.528903e-01 1.330746e-03 1.380206e-04 1.288368e-04 1.246386e-04 2.428592e+01 
650 25600 1.135220e-04 2.651230e-04 9.997748e-08 1.155569e+01 5.742471e-01 6.550041e-01 5.432554e-04 1.097241e+01 5.521451e-01 5.718741e-01 1.741828e-03 1.945994e-04 1.933616e-04 1.714588e-04 2.488462e+01 
650 32400 1.151844e-04 3.391118e-04 1.402106e-07 1.097561e+01 8.117970e-01 7.873524e-01 6.945878e-04 1.079512e+01 7.035492e-01 7.062684e-01 1.817609e-03 1.530632e-04 1.415098e-04 1.415798e-04 2.478325e+01 
650 40000 1.140388e-04 9.201074e-04 2.301764e-07 8.556060e+00 8.423897e-01 9.415536e-01 1.438993e-02 8.917484e+00 9.273474e-01 1.000610e+00 2.712763e-03 3.026170e-04 1.499166e-04 1.454898e-04 2.120422e+01 
650 48400 1.133236e-04 5.842104e-04 2.264045e-07 1.101480e+01 1.038611e+00 1.052212e+00 1.107776e-03 1.106530e+01 1.055606e+00 1.093331e+00 3.290364e-03 2.303448e-04 2.025092e-04 1.960534e-04 2.632562e+01 
650 57600 1.143192e-04 7.206308e-04 1.581851e-07 1.308009e+01 1.244555e+00 1.374645e+00 1.192581e-03 1.111241e+01 1.242347e+00 1.343766e+00 3.906434e-03 3.372488e-04 2.297860e-04 2.279832e-04 2.940457e+01 
650 67600 1.124764e-04 9.796126e-04 3.085937e-07 1.093432e+01 1.506581e+00 1.865637e+00 1.444480e-02 1.074934e+01 1.441482e+00 1.540005e+00 4.106265e-03 2.105401e-02 3.096374e-04 3.090926e-04 2.807880e+01 
650 78400 1.142130e-04 1.215433e-03 3.045890e-07 1.101065e+01 1.698943e+00 1.692563e+00 1.720165e-03 1.124718e+01 1.667066e+00 1.688004e+00 5.423274e-03 3.849922e-04 2.759670e-04 2.812370e-04 2.901386e+01 
650 90000 1.126908e-04 1.364316e-03 4.325993e-07 1.058134e+01 1.922601e+00 2.092607e+00 1.775918e-03 1.090744e+01 1.988205e+00 1.943901e+00 6.100831e-03 4.307126e-04 3.382682e-04 3.353600e-04 2.944664e+01 
700 400 1.228018e-04 6.056996e-06 1.062173e-07 1.311628e+01 1.219586e-02 1.210311e-02 3.580940e-05 1.255435e+01 1.106457e-02 1.117618e-02 2.908143e-05 6.658584e-05 4.344899e-05 4.325076e-05 2.571753e+01 
700 1600 1.233246e-04 1.637042e-05 1.281966e-07 1.259102e+01 3.779766e-02 3.740749e-02 5.298541e-05 1.250123e+01 3.764319e-02 3.733709e-02 1.114426e-04 5.926057e-05 6.147600e-05 5.598580e-05 2.524294e+01 
700 3600 1.234568e-04 3.581359e-05 6.197952e-08 1.254298e+01 9.226828e-02 8.686310e-02 9.574341e-05 1.304181e+01 8.318937e-02 8.307593e-02 2.471000e-04 6.741900e-05 6.513563e-05 6.565242e-05 2.593091e+01 
700 6400 1.241900e-04 6.501740e-05 5.802140e-08 1.317469e+01 1.489551e-01 1.481772e-01 1.526404e-04 1.366038e+01 1.472637e-01 1.490486e-01 4.360804e-04 8.502537e-05 8.027200e-05 7.850141e-05 2.742956e+01 
700 10000 1.232604e-04 9.735981e-05 7.622875e-08 1.339514e+01 2.773363e-01 2.663867e-01 1.434086e-02 1.340784e+01 2.332587e-01 2.353876e-01 6.794124e-04 1.034228e-04 9.272080e-05 8.326243e-05 2.783089e+01 
700 14400 1.237450e-04 1.432002e-04 8.819625e-08 1.287145e+01 3.401959e-01 3.523154e-01 3.155782e-04 1.254602e+01 3.436770e-01 3.500267e-01 9.775170e-04 1.075790e-04 1.068218e-04 1.038634e-04 2.680559e+01 
700 19600 1.225916e-04 1.936780e-04 1.139939e-07 1.257733e+01 4.792436e-01 4.585866e-01 4.179436e-04 1.235430e+01 4.829762e-01 4.610662e-01 1.331084e-03 1.407226e-04 1.221268e-04 1.228718e-04 2.681598e+01 
700 25600 1.233406e-04 2.627212e-04 1.022127e-07 1.234135e+01 6.448578e-01 5.999756e-01 4.745864e-04 1.287524e+01 6.473083e-01 6.402793e-01 1.821913e-03 9.698134e-03 2.022908e-04 1.942648e-04 2.776182e+01 
700 32400 1.226876e-04 3.471516e-04 1.621898e-07 9.952115e+00 7.429445e-01 7.554694e-01 6.783028e-04 1.043364e+01 7.736856e-01 8.898595e-01 2.306113e-03 1.713784e-04 1.322500e-04 1.281738e-04 2.355172e+01 
700 40000 1.232044e-04 4.522508e-04 1.704320e-07 1.362002e+01 1.203913e+00 1.309032e+00 9.781186e-03 1.336154e+01 9.983903e-01 1.012967e+00 2.241196e-03 2.245842e-04 1.640214e-04 1.628998e-04 3.151911e+01 
700 48400 1.301610e-04 6.039620e-04 2.223998e-07 9.489340e+00 1.164120e+00 1.152182e+00 9.922632e-04 8.510418e+00 1.110851e+00 1.121419e+00 3.195721e-03 1.784492e-04 1.625894e-04 1.603620e-04 2.255381e+01 
700 57600 1.216640e-04 7.421830e-04 2.542045e-07 1.347059e+01 1.505397e+00 1.465628e+00 1.269071e-02 1.410910e+01 1.325948e+00 1.346070e+00 3.940428e-03 2.876724e-04 2.175136e-04 2.243318e-04 3.324100e+01 
700 67600 1.324342e-04 9.505790e-04 1.923647e-07 1.422400e+01 1.689781e+00 1.727597e+00 1.293474e-02 1.399475e+01 1.705962e+00 1.742581e+00 4.576370e-03 4.049824e-04 3.482974e-04 3.426952e-04 3.510440e+01 
700 78400 1.232186e-04 1.103346e-03 2.685934e-07 1.543994e+01 2.011337e+00 1.825167e+00 1.588255e-03 1.279623e+01 1.818205e+00 1.848375e+00 5.324315e-03 3.739578e-04 2.984828e-04 2.982464e-04 3.574841e+01 
700 90000 1.226036e-04 1.303984e-03 2.843793e-07 8.711382e+00 2.080690e+00 2.075451e+00 2.080788e-03 8.456827e+00 2.063061e+00 2.103372e+00 6.380228e-03 4.325454e-04 3.188112e-04 3.127802e-04 2.550179e+01 
750 400 1.386454e-04 6.966433e-06 1.521781e-07 1.001141e+01 1.123015e-02 1.119863e-02 2.960642e-05 9.938219e+00 1.286584e-02 1.233492e-02 2.900939e-05 3.715763e-05 3.538900e-05 3.511664e-05 1.999760e+01 
750 1600 1.304992e-04 1.745000e-05 1.281966e-07 9.952687e+00 3.992446e-02 4.012841e-02 5.180961e-05 9.957712e+00 3.992418e-02 3.983158e-02 1.108158e-04 4.937998e-05 4.327879e-05 4.484500e-05 2.007068e+01 
750 3600 1.345874e-04 3.590561e-05 1.220033e-07 1.051369e+01 9.259233e-02 9.036803e-02 8.947500e-05 1.062768e+01 8.822325e-02 8.942547e-02 2.445360e-04 5.985359e-05 7.634838e-05 5.674502e-05 2.150270e+01 
750 6400 1.295900e-04 6.588260e-05 1.522247e-07 1.061116e+01 1.592943e-01 1.589797e-01 1.492510e-04 1.060215e+01 1.591899e-01 1.587700e-01 4.383250e-04 7.400257e-05 7.133861e-05 7.077577e-05 2.185056e+01 
750 10000 1.272224e-04 9.715743e-05 1.261942e-07 1.073753e+01 2.458618e-01 2.473102e-01 2.223704e-04 1.085334e+01 2.466165e-01 2.504199e-01 6.800886e-04 9.458940e-05 8.979822e-05 8.973419e-05 2.258251e+01 
750 14400 1.308738e-04 1.429578e-04 1.301989e-07 1.079783e+01 3.518011e-01 3.654121e-01 3.084434e-04 1.076639e+01 3.529029e-01 3.601244e-01 9.783434e-04 9.314339e-05 8.522957e-05 8.596857e-05 2.299632e+01 
750 19600 1.311062e-04 1.933772e-04 1.342036e-07 1.075076e+01 4.937118e-01 4.834113e-01 4.102676e-04 1.069980e+01 4.857718e-01 4.962529e-01 1.370863e-03 1.201058e-04 9.620199e-05 9.742179e-05 2.341216e+01 
750 25600 1.306454e-04 2.602534e-04 1.442153e-07 1.068050e+01 6.918888e-01 6.328595e-01 5.314068e-04 1.035336e+01 6.736558e-01 6.348651e-01 1.750086e-03 1.599652e-04 1.434806e-04 1.393002e-04 2.367028e+01 
750 32400 1.290770e-04 3.454426e-04 1.624227e-07 1.034318e+01 7.904617e-01 7.982453e-01 6.870136e-04 1.037253e+01 7.948893e-01 8.036807e-01 2.200982e-03 1.368686e-04 1.256540e-04 1.244142e-04 2.390677e+01 
750 40000 1.303290e-04 4.571198e-04 1.501758e-07 1.030084e+01 9.847203e-01 1.007861e+00 8.221496e-04 1.026827e+01 9.880795e-01 9.988724e-01 2.709394e-03 1.563478e-04 1.426794e-04 1.418060e-04 2.455324e+01 
750 48400 1.329348e-04 5.925002e-04 2.563931e-07 1.040871e+01 1.180862e+00 1.197935e+00 1.121125e-03 1.060139e+01 1.198358e+00 1.201665e+00 3.277434e-03 1.737038e-04 1.591942e-04 1.637830e-04 2.579458e+01 
750 57600 1.306434e-04 7.543284e-04 3.144145e-07 1.042076e+01 1.423710e+00 1.421824e+00 1.271187e-03 1.055286e+01 1.431477e+00 1.426015e+00 3.900510e-03 1.992700e-04 1.853232e-04 1.877748e-04 2.668330e+01 
750 67600 1.308058e-04 9.503936e-04 2.162065e-07 1.095612e+01 1.671074e+00 1.669286e+00 1.467605e-03 1.105397e+01 1.674223e+00 1.669923e+00 4.567182e-03 2.921930e-04 2.169784e-04 2.330384e-04 2.870250e+01 
750 78400 1.296018e-04 1.101061e-03 3.345776e-07 1.073616e+01 1.916219e+00 1.951704e+00 1.693227e-03 1.069143e+01 1.940918e+00 1.975270e+00 5.303849e-03 3.396200e-04 2.426990e-04 2.428412e-04 2.922085e+01 
750 90000 1.304070e-04 2.495453e-03 3.284309e-07 1.556775e+01 2.584358e+00 2.300675e+00 1.811956e-03 1.564848e+01 2.312002e+00 2.225485e+00 6.109290e-03 4.279702e-04 3.228568e-04 3.058256e-04 4.065040e+01 
800 400 1.394404e-04 5.720602e-06 7.599592e-08 1.833867e+01 1.569905e-02 1.572679e-02 3.467980e-05 1.848668e+01 1.185163e-02 1.208639e-02 3.331383e-05 3.625602e-05 3.277101e-05 3.394280e-05 3.688105e+01 
800 1600 1.394646e-04 1.675901e-05 1.864042e-07 1.254094e+01 4.167878e-02 4.207770e-02 5.208580e-05 1.267366e+01 4.165037e-02 4.206353e-02 1.117230e-04 4.530377e-05 4.103323e-05 3.976342e-05 2.538255e+01 
800 3600 1.393002e-04 3.613997e-05 1.701992e-07 1.262714e+01 9.543733e-02 9.660023e-02 9.711720e-05 1.252813e+01 9.529821e-02 9.600405e-02 2.477526e-04 6.817202e-05 6.865058e-05 6.443039e-05 2.553936e+01 
800 6400 1.374756e-04 6.676982e-05 1.322012e-07 1.246233e+01 1.690583e-01 1.705521e-01 1.615434e-04 1.221837e+01 1.686142e-01 1.711479e-01 4.373760e-04 7.507824e-05 6.986642e-05 7.358403e-05 2.536119e+01 
800 10000 1.391140e-04 9.720139e-05 1.342036e-07 1.272257e+01 2.637559e-01 2.648875e-01 2.181180e-04 1.259180e+01 2.636186e-01 2.665327e-01 6.790886e-04 8.752500e-05 8.130358e-05 7.996764e-05 2.637458e+01 
800 14400 1.392686e-04 1.413756e-04 1.481734e-07 1.261244e+01 3.760786e-01 3.826663e-01 3.126878e-04 1.257080e+01 3.765294e-01 3.839316e-01 9.786360e-04 1.068780e-04 8.853241e-05 8.523162e-05 2.670432e+01 
800 19600 1.396930e-04 1.961134e-04 2.203975e-07 1.254309e+01 5.129542e-01 5.224819e-01 4.202846e-04 1.274319e+01 5.191691e-01 5.280652e-01 1.360261e-03 1.218744e-04 1.065894e-04 1.065514e-04 2.737144e+01 
800 25600 1.390158e-04 2.580658e-04 1.179986e-07 1.281052e+01 6.725496e-01 6.837635e-01 5.540888e-04 1.258601e+01 6.729328e-01 6.828031e-01 1.766567e-03 1.577580e-04 1.408046e-04 1.403258e-04 2.811178e+01 
800 32400 1.377120e-04 3.418292e-04 2.244022e-07 1.244040e+01 8.532820e-01 8.636077e-01 7.440350e-04 1.305187e+01 8.563471e-01 8.590531e-01 2.245249e-03 1.406724e-04 1.192842e-04 1.233346e-04 2.892844e+01 
800 40000 1.368926e-04 4.598380e-04 2.464280e-07 1.276967e+01 1.044298e+00 1.056022e+00 8.199484e-04 1.257025e+01 1.057064e+00 1.060747e+00 2.712009e-03 1.597630e-04 1.416680e-04 1.449146e-04 2.956267e+01 
800 48400 1.396510e-04 5.993986e-04 2.764165e-07 1.213225e+01 1.263320e+00 1.276893e+00 9.861410e-04 1.195621e+01 1.273765e+00 1.288903e+00 3.272675e-03 2.362854e-04 1.618400e-04 1.615838e-04 2.919695e+01 
800 57600 1.372412e-04 7.940518e-04 3.283843e-07 1.226447e+01 1.502811e+00 1.517448e+00 1.207748e-03 1.262725e+01 1.514235e+00 1.521813e+00 3.893492e-03 2.117446e-04 1.855916e-04 1.816278e-04 3.095468e+01 
800 67600 1.389298e-04 9.931176e-04 2.604444e-07 1.308518e+01 1.766324e+00 1.816230e+00 1.378856e-03 1.434418e+01 1.770741e+00 1.801759e+00 4.647978e-03 2.505868e-04 2.320512e-04 2.383564e-04 3.459237e+01 
800 78400 1.405222e-04 2.124868e-03 3.003981e-07 1.861062e+01 2.083702e+00 2.071907e+00 1.636175e-03 1.857138e+01 2.045289e+00 2.071728e+00 5.305404e-03 3.895728e-04 3.307286e-04 3.649760e-04 4.546498e+01 
800 90000 1.387454e-04 1.311564e-03 2.804212e-07 1.306359e+01 2.388476e+00 2.370296e+00 2.069922e-03 1.326425e+01 2.376463e+00 2.379522e+00 6.232475e-03 4.091314e-04 2.606276e-04 2.704242e-04 3.585334e+01 
850 400 1.474864e-04 5.490193e-06 1.042150e-07 1.513927e+01 1.286718e-02 1.279964e-02 2.992079e-05 1.521255e+01 1.281705e-02 1.285907e-02 2.845661e-05 4.055458e-05 3.401502e-05 3.544497e-05 3.040352e+01 
850 1600 1.469618e-04 1.767837e-05 1.381617e-07 1.500732e+01 4.409380e-02 4.435108e-02 4.821219e-05 1.496071e+01 4.391870e-02 4.428693e-02 1.091052e-04 4.555220e-05 4.001977e-05 3.936100e-05 3.014516e+01 
850 3600 1.471300e-04 3.638635e-05 1.181848e-07 1.508387e+01 1.034246e-01 1.029087e-01 8.814582e-05 1.494690e+01 1.034198e-01 1.018382e-01 2.490184e-04 5.921456e-05 5.888203e-05 5.799858e-05 3.044308e+01 
850 6400 1.477270e-04 6.444040e-05 1.422130e-07 1.500928e+01 1.802455e-01 1.809756e-01 1.481316e-04 1.496485e+01 1.772071e-01 1.791114e-01 4.341714e-04 7.626023e-05 7.684296e-05 7.165722e-05 3.069272e+01 
850 10000 1.477790e-04 9.707720e-05 1.422130e-07 1.507523e+01 3.140921e-01 3.159944e-01 2.274702e-04 1.517204e+01 2.810609e-01 3.200367e-01 6.943968e-04 9.771800e-05 8.883281e-05 8.305041e-05 3.147992e+01 
850 14400 1.461686e-04 1.455378e-04 1.262408e-07 1.412660e+01 4.022835e-01 4.025374e-01 3.123092e-04 1.444231e+01 4.069278e-01 4.046965e-01 9.771522e-04 9.461339e-05 8.718623e-05 8.763103e-05 3.018724e+01 
850 19600 1.473844e-04 1.946348e-04 1.641922e-07 1.435355e+01 5.508250e-01 5.565021e-01 4.147486e-04 1.426760e+01 5.504078e-01 5.529157e-01 1.335224e-03 1.145152e-04 9.494200e-05 1.018444e-04 3.083424e+01 
850 25600 1.465732e-04 2.686900e-04 1.201872e-07 1.429409e+01 7.106786e-01 7.147234e-01 5.332736e-04 1.559080e+01 7.121340e-01 7.200707e-01 1.749691e-03 1.602278e-04 1.475328e-04 1.526724e-04 3.274568e+01 
850 32400 1.467416e-04 3.513136e-04 1.161825e-07 1.501719e+01 8.978463e-01 9.113953e-01 6.745570e-04 1.472785e+01 8.978381e-01 9.070792e-01 2.196185e-03 1.408466e-04 1.215658e-04 1.250250e-04 3.336299e+01 
850 40000 1.468536e-04 4.607030e-04 1.802109e-07 1.475829e+01 1.106077e+00 1.120113e+00 8.260894e-04 1.471184e+01 1.117617e+00 1.123738e+00 2.711392e-03 1.556648e-04 1.539162e-04 1.555248e-04 3.394233e+01 
850 48400 1.469998e-04 6.159414e-04 2.724119e-07 1.480832e+01 1.359544e+00 1.366082e+00 1.091342e-03 1.491801e+01 1.345393e+00 1.358297e+00 3.278450e-03 1.848164e-04 1.776416e-04 1.718852e-04 3.516135e+01 
850 57600 1.477090e-04 7.832718e-04 2.221670e-07 1.475742e+01 1.593325e+00 1.612293e+00 1.170160e-03 1.468712e+01 1.595461e+00 1.611855e+00 3.945127e-03 2.252508e-04 1.851770e-04 1.839292e-04 3.586417e+01 
850 67600 1.469878e-04 9.198880e-04 2.624001e-07 1.475857e+01 2.117760e+00 2.138793e+00 1.457797e-03 1.487886e+01 2.115105e+00 2.140347e+00 4.597171e-03 3.088758e-04 2.379256e-04 2.370844e-04 3.815739e+01 
850 78400 1.463850e-04 1.081275e-03 2.724119e-07 1.477689e+01 2.425411e+00 2.481123e+00 1.577828e-03 1.470541e+01 2.450560e+00 2.472468e+00 5.344700e-03 3.757840e-04 2.805978e-04 2.944524e-04 3.932102e+01 
850 90000 1.451870e-04 1.307541e-03 2.724119e-07 1.478789e+01 2.782636e+00 2.831846e+00 2.072850e-03 1.483778e+01 2.824645e+00 2.847263e+00 6.154184e-03 4.366570e-04 3.174348e-04 3.241028e-04 4.092287e+01 
900 400 1.560634e-04 5.958788e-06 1.281966e-07 1.718666e+01 1.362577e-02 1.357669e-02 3.835140e-05 1.739820e+01 1.383755e-02 1.371933e-02 2.833642e-05 5.070781e-05 4.534177e-05 4.674601e-05 3.464002e+01 
900 1600 1.564258e-04 1.714583e-05 1.742039e-07 1.728875e+01 4.906295e-02 4.767184e-02 4.851436e-05 1.725410e+01 5.080954e-02 4.828844e-02 1.102008e-04 4.692418e-05 4.256978e-05 4.351502e-05 3.473918e+01 
900 3600 1.567926e-04 3.640242e-05 1.342036e-07 1.723626e+01 1.074562e-01 1.081892e-01 9.153080e-05 1.727489e+01 1.201210e-01 1.097011e-01 2.463804e-04 6.362717e-05 6.328258e-05 5.967743e-05 3.495736e+01 
900 6400 1.556508e-04 6.525763e-05 1.362059e-07 1.729677e+01 2.071044e-01 1.926530e-01 1.510260e-04 1.718017e+01 1.881988e-01 1.900842e-01 4.368158e-04 8.367943e-05 7.188958e-05 7.421118e-05 3.525605e+01 
900 10000 1.542168e-04 1.012836e-04 1.342036e-07 1.718205e+01 3.267249e-01 3.560259e-01 1.418620e-02 1.740709e+01 3.084091e-01 3.367799e-01 6.969126e-04 8.986238e-05 8.603078e-05 8.209078e-05 3.593251e+01 
900 14400 1.555748e-04 1.419082e-04 1.101755e-07 1.713054e+01 4.249248e-01 4.263679e-01 3.191896e-04 1.864256e+01 4.261713e-01 4.334572e-01 9.822656e-04 1.013938e-04 9.680279e-05 9.571724e-05 3.748594e+01 
900 19600 1.660624e-04 1.933674e-04 1.442153e-07 2.467589e+01 6.188717e-01 6.430728e-01 4.189288e-04 2.373238e+01 6.500513e-01 6.026771e-01 1.335928e-03 1.280676e-04 1.163280e-04 1.101228e-04 5.092545e+01 
900 25600 1.551020e-04 2.617854e-04 2.401881e-07 1.528786e+01 7.596178e-01 7.692375e-01 5.342050e-04 1.531141e+01 7.579706e-01 7.693386e-01 1.737758e-03 1.543628e-04 1.619804e-04 1.417820e-04 3.365862e+01 
900 32400 1.660764e-04 3.508770e-04 2.142042e-07 1.608378e+01 9.515511e-01 9.607113e-01 6.658926e-04 1.570334e+01 9.535369e-01 9.643662e-01 2.218985e-03 1.502808e-04 1.322598e-04 1.331974e-04 3.562115e+01 
900 40000 1.551640e-04 4.616426e-04 2.024230e-07 1.592776e+01 1.186180e+00 1.186428e+00 8.219736e-04 1.599183e+01 1.192962e+00 1.203184e+00 2.713017e-03 2.287542e-04 1.668156e-04 1.524702e-04 3.669308e+01 
900 48400 1.549898e-04 6.074006e-04 2.443790e-07 1.589948e+01 1.421962e+00 1.434764e+00 9.894880e-04 1.548512e+01 1.424574e+00 1.446951e+00 3.384114e-03 2.501564e-04 1.575636e-04 1.569608e-04 3.711858e+01 
900 57600 1.570130e-04 7.443416e-04 3.303867e-07 1.524532e+01 1.689097e+00 1.734467e+00 1.175650e-03 1.529473e+01 1.695531e+00 1.734554e+00 3.899983e-03 2.737252e-04 1.869556e-04 1.913382e-04 3.740036e+01 
900 67600 1.540884e-04 9.565912e-04 2.983958e-07 1.494649e+01 1.981866e+00 2.004346e+00 1.413526e-03 1.495819e+01 1.986318e+00 2.009338e+00 4.629642e-03 2.942602e-04 2.078428e-04 2.513040e-04 3.789450e+01 
900 78400 1.555766e-04 1.103943e-03 2.786051e-07 1.499093e+01 2.304804e+00 2.319314e+00 1.578616e-03 1.496743e+01 2.311310e+00 2.338091e+00 5.298097e-03 3.329180e-04 2.319990e-04 2.501240e-04 3.924089e+01 
900 90000 1.541004e-04 1.270731e-03 2.963934e-07 1.456773e+01 2.692176e+00 2.701917e+00 2.072675e-03 1.498452e+01 2.685271e+00 2.711278e+00 6.092544e-03 4.187966e-04 2.758606e-04 2.801772e-04 4.035351e+01 
950 400 1.645202e-04 5.790824e-06 1.442153e-07 1.665297e+01 1.336073e-02 1.341105e-02 3.190562e-05 1.935929e+01 1.343841e-02 1.384118e-02 3.068582e-05 5.791457e-05 4.758523e-05 4.602899e-05 3.606672e+01 
950 1600 1.652672e-04 1.756023e-05 1.241919e-07 2.609087e+01 4.968129e-02 4.991094e-02 5.471781e-05 2.608896e+01 4.946387e-02 4.943357e-02 1.108358e-04 4.679197e-05 4.417822e-05 4.287618e-05 5.237883e+01 
950 3600 1.740402e-04 3.790660e-05 1.240056e-07 2.611982e+01 1.154648e-01 1.150484e-01 9.248019e-05 2.610326e+01 1.146873e-01 1.140446e-01 2.453884e-04 7.251240e-05 6.803563e-05 6.733062e-05 5.268310e+01 
950 6400 1.630680e-04 6.774538e-05 9.820797e-08 2.603252e+01 2.776287e-01 3.152120e-01 3.529958e-03 2.679491e+01 2.688546e-01 2.818307e-01 4.405968e-04 2.424826e-02 8.929740e-05 9.477157e-05 5.399961e+01 
950 10000 1.628796e-04 9.871358e-05 8.423813e-08 2.819372e+01 4.370734e-01 3.748450e-01 2.330564e-04 2.899177e+01 3.449354e-01 4.245423e-01 6.777572e-04 1.040976e-04 8.867662e-05 8.940562e-05 5.876836e+01 
950 14400 1.633942e-04 1.456136e-04 2.483837e-07 2.867487e+01 5.582268e-01 5.153311e-01 3.172802e-04 2.889487e+01 4.901771e-01 4.613331e-01 1.031644e-03 1.062590e-04 1.061968e-04 1.006364e-04 5.959680e+01 
950 19600 1.660904e-04 3.203930e-04 2.063811e-07 2.054769e+01 6.738248e-01 8.490157e-01 4.149082e-04 1.981434e+01 7.498228e-01 7.638355e-01 1.329220e-03 1.292854e-04 1.043780e-04 1.035108e-04 4.340112e+01 
950 25600 1.646864e-04 2.605496e-04 7.422641e-08 2.732576e+01 8.439453e-01 8.148564e-01 6.154986e-04 2.757403e+01 8.513002e-01 8.148073e-01 1.745295e-03 1.896358e-04 1.584770e-04 1.633224e-04 5.822804e+01 
950 32400 1.650028e-04 3.545384e-04 1.803972e-07 1.869416e+01 1.015529e+00 1.024564e+00 6.719928e-04 1.790656e+01 1.015161e+00 1.025822e+00 2.204902e-03 1.401196e-04 1.283578e-04 1.255618e-04 4.068562e+01 
950 40000 1.715646e-04 4.611416e-04 1.842156e-07 1.796977e+01 1.408273e+00 1.417941e+00 9.985294e-04 1.938531e+01 1.403773e+00 1.416038e+00 2.706753e-03 2.100070e-04 1.477514e-04 1.527970e-04 4.300600e+01 
950 48400 1.634230e-04 6.039736e-04 2.143905e-07 1.894275e+01 1.505068e+00 1.515898e+00 9.874814e-04 1.837086e+01 1.510827e+00 1.525095e+00 3.280691e-03 1.857158e-04 1.726862e-04 1.695876e-04 4.337610e+01 
950 57600 1.635066e-04 8.034260e-04 2.463814e-07 1.837790e+01 1.806242e+00 1.823338e+00 1.173417e-03 1.854382e+01 1.805809e+00 1.823677e+00 3.979796e-03 3.045656e-04 1.902246e-04 1.945030e-04 4.418763e+01 
950 67600 1.644760e-04 9.504236e-04 2.624001e-07 1.825552e+01 2.120050e+00 2.137850e+00 1.414632e-03 1.803449e+01 2.126082e+00 2.141343e+00 4.576466e-03 2.941780e-04 2.113100e-04 2.167404e-04 4.482321e+01 
950 78400 1.631860e-04 1.127537e-03 4.006084e-07 1.823829e+01 2.456270e+00 2.450736e+00 1.574493e-03 1.807362e+01 2.461322e+00 2.465207e+00 5.542793e-03 3.800304e-04 2.673178e-04 2.638306e-04 4.615481e+01 
950 90000 1.629036e-04 1.300589e-03 2.143905e-07 1.865052e+01 2.800123e+00 3.182563e+00 1.822564e-03 1.944160e+01 2.798547e+00 3.181762e+00 6.072507e-03 3.446074e-04 2.715502e-04 2.742022e-04 5.006545e+01 
1000 400 1.726462e-04 5.816575e-06 1.221895e-07 1.938197e+01 1.454689e-02 1.465677e-02 2.787360e-05 1.966592e+01 1.466332e-02 1.464443e-02 3.148317e-05 4.015602e-05 3.727782e-05 3.841138e-05 3.910680e+01 
1000 1600 1.737140e-04 1.746002e-05 1.082197e-07 1.947218e+01 5.191978e-02 5.242251e-02 5.484000e-05 1.989440e+01 5.231358e-02 5.243210e-02 1.090330e-04 5.239039e-05 4.940182e-05 4.654359e-05 3.957620e+01 
1000 3600 1.727604e-04 3.654258e-05 1.261942e-07 2.033730e+01 1.192941e-01 1.231856e-01 9.838920e-05 1.984013e+01 1.191051e-01 1.222859e-01 2.460360e-04 6.264183e-05 5.814703e-05 6.025801e-05 4.066206e+01 
1000 6400 1.707072e-04 6.651939e-05 1.743902e-07 1.981684e+01 2.113966e-01 2.137087e-01 1.482518e-04 1.980818e+01 2.120390e-01 2.133529e-01 4.351310e-04 7.763822e-05 7.107016e-05 7.086196e-05 4.047659e+01 
1000 10000 1.730650e-04 1.000818e-04 1.343898e-07 1.998757e+01 3.272781e-01 3.304509e-01 2.205020e-04 1.987188e+01 3.367561e-01 3.676894e-01 6.791782e-04 9.952099e-05 8.976418e-05 9.147278e-05 4.122311e+01 
1000 14400 1.717050e-04 1.414376e-04 1.061708e-07 2.086905e+01 4.847941e-01 4.843017e-01 3.141580e-04 2.037498e+01 4.853132e-01 4.824861e-01 9.787584e-04 9.092600e-05 8.817804e-05 9.001880e-05 4.318283e+01 
1000 19600 1.727724e-04 1.946212e-04 1.281966e-07 2.024450e+01 6.392399e-01 6.438353e-01 4.315256e-04 2.018095e+01 6.389540e-01 6.458604e-01 1.338078e-03 1.151282e-04 1.003160e-04 9.468975e-05 4.299583e+01 
1000 25600 1.712002e-04 2.649826e-04 2.324115e-07 2.013689e+01 8.398295e-01 8.476552e-01 5.348644e-04 1.991624e+01 8.401428e-01 8.494123e-01 1.750309e-03 1.613994e-04 1.410070e-04 1.402540e-04 4.343336e+01 
1000 32400 1.731170e-04 3.455430e-04 1.722015e-07 1.995359e+01 1.057279e+00 1.086185e+00 6.734616e-04 2.003227e+01 1.060470e+00 1.089341e+00 2.199182e-03 1.574916e-04 1.343050e-04 1.302970e-04 4.428298e+01 
1000 40000 1.736738e-04 8.980156e-04 1.964159e-07 2.603148e+01 1.304864e+00 1.333524e+00 8.242932e-04 2.563793e+01 1.312418e+00 1.330452e+00 2.710127e-03 1.779922e-04 1.686062e-04 1.663548e-04 5.695582e+01 
1000 48400 1.728286e-04 6.097422e-04 2.383720e-07 1.956199e+01 1.584788e+00 1.591790e+00 9.888612e-04 1.957465e+01 1.579964e+00 1.597747e+00 3.280628e-03 1.884220e-04 1.656880e-04 1.675106e-04 4.549655e+01 
1000 57600 1.715708e-04 7.826350e-04 3.084075e-07 1.900556e+01 2.122094e+00 1.895859e+00 1.165809e-03 1.912130e+01 2.111926e+00 1.898126e+00 3.908245e-03 3.127078e-04 1.971308e-04 1.943548e-04 4.616166e+01 
1000 67600 1.705628e-04 9.508450e-04 2.963934e-07 1.871595e+01 2.206376e+00 2.225734e+00 1.365565e-03 1.917886e+01 2.215220e+00 2.240471e+00 4.673744e-03 2.773408e-04 2.258198e-04 2.298238e-04 4.679055e+01 
1000 78400 1.732492e-04 1.113069e-03 3.044028e-07 1.941941e+01 2.589093e+00 2.613968e+00 1.578874e-03 2.029608e+01 2.587459e+00 2.616574e+00 5.301544e-03 3.631332e-04 2.354442e-04 2.321812e-04 5.013163e+01 
1000 90000 1.735156e-04 1.303870e-03 2.282206e-07 2.035850e+01 2.943920e+00 3.011275e+00 2.070441e-03 2.036334e+01 2.943532e+00 3.005370e+00 6.154552e-03 3.913154e-04 3.003592e-04 3.023124e-04 5.263668e+01 
