100 2500 3.796304e-03 2.558110e-05 5.110051e-08 1.440404e-03 5.212980e-05 3.951871e-04 2.135397e-01 5.364612e-03 5.666885e-03 6.262230e-05 1.374840e-03 5.288690e-05 3.960634e-04 2.079053e-01 5.407553e-03 5.660907e-03 1.411804e-04 5.971100e-05 6.147260e-05 6.087880e-05 4.514820e-01 
100 10000 4.831032e-04 8.966370e-05 3.700261e-08 1.434710e-03 5.418370e-05 3.941105e-04 2.130087e-01 2.132634e-02 2.256279e-02 1.901725e-04 1.365225e-03 5.201450e-05 3.996478e-04 2.958504e-01 2.172317e-02 2.297635e-02 5.592627e-04 9.785590e-05 9.204420e-05 9.330310e-05 6.027730e-01 
100 22500 3.983627e-02 1.996245e-04 6.110058e-08 1.468204e-03 5.616870e-05 4.109866e-04 3.004515e-01 5.677637e-02 5.956335e-02 4.209495e-04 1.360091e-03 4.749480e-05 3.581258e-04 2.795036e-01 5.547979e-02 5.955705e-02 1.262986e-03 1.291095e-04 1.234710e-04 1.219207e-04 8.571487e-01 
100 40000 4.798012e-04 4.133692e-04 5.509937e-08 1.589021e-03 5.678870e-05 4.187362e-04 2.387877e-01 1.243363e-01 1.151332e-01 7.978964e-04 1.382952e-03 5.361490e-05 3.638363e-04 3.454550e-01 1.111574e-01 1.007611e-01 2.739727e-03 1.653324e-04 1.333658e-04 1.375681e-04 1.044401e+00 
100 62500 1.607169e-02 7.121896e-04 3.799796e-08 1.428917e-03 6.101090e-05 3.973163e-04 5.026077e-01 1.377117e-01 1.477925e-01 1.059823e-03 1.390562e-03 5.279770e-05 3.584003e-04 2.268835e-01 1.400708e-01 1.501945e-01 3.644333e-03 2.219299e-04 1.644591e-04 1.696899e-04 1.331019e+00 
100 90000 4.930620e-04 1.224764e-03 7.610070e-08 1.505048e-03 6.016870e-05 4.193651e-04 2.244384e-01 2.297458e-01 2.307056e-01 1.754736e-03 1.442417e-03 5.056530e-05 3.735408e-04 2.722497e-01 2.063890e-01 2.309857e-01 5.348707e-03 3.767416e-04 2.443142e-04 2.486316e-04 1.408083e+00 
200 2500 6.075446e-04 2.596270e-05 3.199675e-08 5.608994e-03 5.872250e-05 1.095251e-03 9.812272e-01 1.080178e-02 1.109441e-02 6.775900e-05 5.483298e-03 5.095090e-05 1.057623e-03 8.606354e-01 1.087363e-02 1.114095e-02 1.409101e-04 6.542350e-05 6.891870e-05 6.917010e-05 1.900193e+00 
200 10000 5.122356e-04 9.061610e-05 3.100140e-08 5.451939e-03 6.811750e-05 1.022268e-03 9.387701e-01 4.914331e-02 5.192689e-02 1.072948e-02 5.412477e-03 5.899890e-05 1.073778e-03 1.114259e+00 4.489554e-02 4.598739e-02 5.617303e-04 1.003977e-04 9.230860e-05 9.494050e-05 2.270272e+00 
200 22500 5.273802e-04 2.016586e-04 3.410387e-08 5.467937e-03 6.326030e-05 1.031035e-03 1.079199e+00 1.122323e-01 1.198723e-01 1.019400e-02 5.372263e-03 6.156380e-05 9.935461e-04 1.098478e+00 1.091965e-01 1.130805e-01 1.267052e-03 8.039634e-03 1.400949e-04 1.267199e-04 2.665569e+00 
200 40000 5.333831e-04 3.888957e-04 5.209586e-08 5.442799e-03 5.434800e-05 1.051074e-03 9.801394e-01 1.818246e-01 1.943617e-01 5.163955e-03 5.376810e-03 5.719630e-05 1.059898e-03 1.013455e+00 1.815880e-01 1.872079e-01 2.317325e-03 5.509329e-03 1.549890e-04 1.543691e-04 2.765860e+00 
200 62500 5.130097e-04 7.657955e-04 7.010531e-08 5.397710e-03 5.443410e-05 1.026214e-03 1.143500e+00 3.035631e-01 2.950658e-01 6.055824e-03 5.367119e-03 6.811950e-05 9.911525e-04 9.774565e-01 2.826461e-01 2.819903e-01 3.594350e-03 2.090426e-04 1.676338e-04 1.675007e-04 3.308626e+00 
200 90000 6.238980e-04 1.184947e-03 8.319621e-08 5.424087e-03 6.089280e-05 1.023218e-03 1.218245e+00 4.255608e-01 4.140393e-01 1.509835e-03 5.421431e-03 6.595130e-05 1.029266e-03 1.044338e+00 4.028587e-01 4.141585e-01 5.474501e-03 2.995215e-04 2.445436e-04 2.493737e-04 3.941842e+00 
300 2500 5.668009e-04 2.741890e-05 3.110035e-08 1.215508e-02 6.558770e-05 2.296276e-03 2.359708e+00 1.643375e-02 1.673577e-02 6.506500e-05 1.208229e-02 5.646420e-05 2.261706e-03 2.549421e+00 1.635375e-02 1.669236e-02 1.420557e-04 6.364990e-05 6.590220e-05 6.434500e-05 5.005276e+00 
300 10000 4.650652e-04 8.969270e-05 4.399917e-08 1.215359e-02 5.726540e-05 2.285256e-03 2.631812e+00 7.722303e-02 9.346475e-02 1.909326e-04 1.202424e-02 6.526330e-05 2.340450e-03 2.364645e+00 8.581188e-02 8.458576e-02 5.751964e-04 9.731919e-03 8.756550e-05 8.484250e-05 5.377716e+00 
300 22500 1.000530e-03 2.194931e-04 3.499445e-08 1.214996e-02 6.528830e-05 2.223321e-03 2.447959e+00 1.556381e-01 1.581662e-01 1.125556e-02 1.433526e-02 6.222980e-05 2.255443e-03 2.370851e+00 1.534035e-01 1.710900e-01 1.333208e-03 5.430590e-03 1.347949e-04 1.280989e-04 5.507723e+00 
300 40000 4.876038e-04 4.366720e-04 8.210191e-08 1.215277e-02 6.517620e-05 2.235632e-03 2.678429e+00 2.740894e-01 2.783118e-01 5.059067e-03 1.208826e-02 6.169900e-05 2.364729e-03 2.284028e+00 2.774228e-01 3.198057e-01 2.399926e-03 1.473387e-04 1.278025e-04 1.324475e-04 6.149875e+00 
300 62500 5.168625e-04 7.764845e-04 5.910406e-08 1.277601e-02 6.571600e-05 2.350131e-03 2.358009e+00 4.813935e-01 4.730378e-01 1.079396e-03 1.284986e-02 6.048820e-05 2.387884e-03 2.248968e+00 4.762599e-01 4.886370e-01 4.237906e-03 2.669990e-04 1.691121e-04 1.752933e-04 6.564044e+00 
300 90000 5.607078e-04 1.227753e-03 7.909839e-08 1.205406e-02 5.689190e-05 2.362962e-03 2.357549e+00 6.213046e-01 6.157773e-01 1.619014e-03 1.209762e-02 6.518610e-05 2.216178e-03 2.437004e+00 6.079112e-01 6.154175e-01 5.441338e-03 2.858130e-04 2.393908e-04 2.522380e-04 7.293472e+00 
400 2500 5.700928e-04 2.817600e-05 5.699694e-08 2.153078e-02 7.400140e-05 3.924190e-03 3.731056e+00 2.209396e-02 2.235938e-02 6.405650e-05 2.146814e-02 7.128630e-05 3.832150e-03 4.223889e+00 2.207136e-02 2.229473e-02 1.412116e-04 6.751870e-05 6.516320e-05 6.318920e-05 8.095686e+00 
400 10000 5.152294e-04 1.025129e-04 4.210160e-08 2.187731e-02 7.477550e-05 3.958359e-03 4.405547e+00 9.672251e-02 9.901033e-02 9.613678e-03 2.148663e-02 7.054020e-05 3.971697e-03 4.401327e+00 1.129588e-01 1.153821e-01 6.352905e-04 2.492430e-02 2.437492e-02 2.366552e-02 9.366247e+00 
400 22500 2.608060e-02 1.959072e-04 7.110066e-08 2.287416e-02 8.228870e-05 3.988948e-03 4.743817e+00 2.314693e-01 2.336931e-01 4.044342e-04 2.290159e-02 7.607950e-05 4.249910e-03 4.517506e+00 2.257160e-01 2.293810e-01 1.333726e-03 1.311707e-04 1.197475e-04 1.233710e-04 1.026417e+01 
400 40000 6.277403e-04 3.907318e-04 5.409820e-08 2.155455e-02 8.312000e-05 3.851628e-03 4.530147e+00 3.603437e-01 3.784821e-01 7.084467e-04 2.155424e-02 8.403940e-05 3.886424e-03 4.161984e+00 3.722694e-01 3.779633e-01 2.402061e-03 1.460318e-04 1.335903e-04 1.369833e-04 1.023677e+01 
400 62500 5.199275e-04 7.353598e-04 8.619973e-08 2.147032e-02 7.556170e-05 4.056787e-03 4.038801e+00 5.779823e-01 5.707891e-01 1.232592e-02 2.144667e-02 7.736740e-05 3.910844e-03 4.529300e+00 5.650589e-01 5.755720e-01 3.808147e-03 7.361968e-03 1.949136e-04 1.979411e-04 1.093372e+01 
400 90000 6.744364e-04 1.186484e-03 8.910429e-08 2.145152e-02 7.739530e-05 3.853216e-03 4.395864e+00 8.116794e-01 8.201857e-01 1.126811e-02 2.145021e-02 7.610940e-05 3.819414e-03 4.215366e+00 8.111828e-01 8.316152e-01 6.153046e-03 3.176546e-04 2.576281e-04 2.603891e-04 1.195677e+01 
500 2500 5.958703e-04 2.583650e-05 3.210152e-08 3.363732e-02 7.976290e-05 6.158689e-03 6.376561e+00 2.747448e-02 2.786320e-02 6.516620e-05 3.353552e-02 7.421060e-05 6.251368e-03 6.708222e+00 2.725628e-02 2.753102e-02 1.407868e-04 5.776910e-05 5.797040e-05 5.459440e-05 1.327566e+01 
500 10000 5.634829e-04 9.732810e-05 4.500034e-08 3.357043e-02 7.646800e-05 6.454317e-03 6.912459e+00 1.205567e-01 1.261619e-01 1.860143e-04 3.344679e-02 7.660730e-05 6.266049e-03 7.053387e+00 1.367095e-01 1.200202e-01 5.914717e-04 9.644380e-05 9.488450e-05 9.396810e-05 1.455093e+01 
500 22500 5.168525e-04 2.189994e-04 3.500027e-08 3.349740e-02 8.443980e-05 6.182236e-03 6.993946e+00 2.577688e-01 2.676783e-01 4.103808e-04 3.364366e-02 7.865630e-05 6.028546e-03 6.677005e+00 2.602766e-01 2.579234e-01 1.317162e-03 1.273310e-04 1.161103e-04 1.099191e-04 1.479695e+01 
500 40000 4.937180e-04 3.916636e-04 8.309726e-08 3.369372e-02 7.912210e-05 6.159877e-03 6.808145e+00 4.501306e-01 4.597235e-01 6.909684e-04 3.351693e-02 7.497490e-05 6.352883e-03 7.143684e+00 4.499677e-01 4.603421e-01 2.517155e-03 1.447310e-04 1.307431e-04 1.284007e-04 1.585639e+01 
500 62500 5.408263e-04 7.748897e-04 8.009956e-08 3.354826e-02 7.806750e-05 6.355165e-03 7.258837e+00 7.339402e-01 7.074329e-01 1.297868e-02 3.367756e-02 7.786440e-05 6.210719e-03 6.888322e+00 7.073844e-01 7.191084e-01 4.040283e-03 2.155213e-04 1.749287e-04 1.850508e-04 1.711391e+01 
500 90000 1.005222e-02 1.197538e-03 5.909824e-08 3.350285e-02 7.810440e-05 6.077557e-03 6.790348e+00 1.024528e+00 1.029759e+00 1.610901e-03 3.361874e-02 7.880260e-05 5.914106e-03 6.594186e+00 1.019868e+00 1.027279e+00 5.677365e-03 2.966617e-04 2.414152e-04 2.531228e-04 1.758460e+01 
600 2500 1.888049e-03 2.705040e-05 2.700253e-08 4.885664e-02 9.557660e-05 9.462670e-03 1.010042e+01 3.358387e-02 3.346570e-02 6.080470e-05 4.851704e-02 9.104380e-05 9.719622e-03 1.072090e+01 3.458823e-02 3.742882e-02 1.404245e-04 5.852440e-05 5.478880e-05 5.534260e-05 2.107943e+01 
600 10000 6.639477e-03 8.929920e-05 5.809707e-08 4.846804e-02 9.567670e-05 9.167300e-03 1.066508e+01 1.448329e-01 1.541978e-01 1.981977e-04 4.821152e-02 9.575580e-05 9.540627e-03 1.064345e+01 1.398752e-01 1.474320e-01 5.780284e-04 9.973380e-05 1.039671e-04 9.139630e-05 2.201827e+01 
600 22500 5.277444e-04 2.020565e-04 5.009933e-08 4.880312e-02 9.403930e-05 9.490312e-03 1.045776e+01 3.241945e-01 3.192047e-01 4.231421e-04 4.830854e-02 1.049876e-04 9.363441e-03 9.581422e+00 3.157820e-01 3.198006e-01 1.372923e-03 1.264436e-04 1.169354e-04 1.139349e-04 2.143723e+01 
600 40000 5.223732e-04 3.877944e-04 4.009926e-08 4.850769e-02 9.060120e-05 9.235672e-03 1.010226e+01 5.552223e-01 5.520807e-01 6.985139e-04 4.806479e-02 9.736420e-05 8.724970e-03 1.061025e+01 5.503452e-01 5.586413e-01 2.464808e-03 1.505366e-04 1.375882e-04 1.326980e-04 2.304804e+01 
600 62500 5.168510e-04 7.432567e-04 6.509945e-08 4.975104e-02 9.297870e-05 9.672001e-03 1.073863e+01 8.480734e-01 9.228103e-01 1.115882e-02 4.981479e-02 9.668520e-05 9.251405e-03 9.968600e+00 8.521678e-01 9.331998e-01 4.041902e-03 2.158230e-04 1.651394e-04 1.647708e-04 2.439920e+01 
600 90000 8.479210e-04 1.188288e-03 6.310293e-08 4.829477e-02 9.499770e-05 9.394045e-03 1.022088e+01 1.208039e+00 1.228641e+00 1.745233e-03 4.842384e-02 9.762770e-05 9.107423e-03 1.039333e+01 1.200210e+00 1.258537e+00 5.844838e-03 3.014557e-04 2.461352e-04 2.544986e-04 2.563551e+01 
700 2500 6.181164e-03 2.601780e-05 4.000030e-08 6.613863e-02 9.846180e-05 1.299466e-02 1.497897e+01 3.996504e-02 3.905983e-02 6.743860e-05 6.700914e-02 1.072410e-04 1.307711e-02 1.448699e+01 3.846974e-02 3.933126e-02 1.412207e-04 6.604960e-05 6.409960e-05 6.232500e-05 2.978883e+01 
700 10000 7.091409e-04 8.917500e-05 2.799788e-08 6.663900e-02 1.094573e-04 1.303592e-02 1.509029e+01 1.786862e-01 1.743427e-01 2.080113e-03 6.988193e-02 1.110958e-04 1.370194e-02 1.497684e+01 1.682601e-01 1.658714e-01 5.782606e-04 9.793910e-05 9.115900e-05 9.115700e-05 3.092155e+01 
700 22500 5.913371e-04 2.007334e-04 4.210160e-08 6.656227e-02 1.000513e-04 1.304130e-02 1.411681e+01 3.603147e-01 3.627863e-01 4.051307e-04 6.873479e-02 1.013853e-04 1.270759e-02 1.457038e+01 3.664811e-01 3.677906e-01 1.352856e-03 1.854630e-02 1.264957e-04 1.210786e-04 3.032718e+01 
700 40000 5.613947e-03 3.661452e-04 4.000030e-08 7.036587e-02 9.885550e-05 1.507401e-02 1.476914e+01 7.101343e-01 7.057815e-01 7.357687e-04 7.198748e-02 1.083035e-04 1.490326e-02 1.464993e+01 7.265126e-01 7.036677e-01 2.425109e-03 1.000555e-02 1.507739e-04 1.601670e-04 3.245719e+01 
700 62500 6.177006e-04 6.953956e-04 6.809714e-08 6.610311e-02 9.438080e-05 1.252028e-02 1.491020e+01 9.802769e-01 1.021877e+00 1.158750e-03 6.555240e-02 1.077808e-04 1.283040e-02 1.442329e+01 9.578323e-01 9.737151e-01 3.866181e-03 2.148696e-04 1.703952e-04 1.771273e-04 3.343133e+01 
700 90000 6.610392e-04 1.178001e-03 6.810296e-08 6.589004e-02 1.061473e-04 1.294929e-02 1.537758e+01 1.383259e+00 1.402043e+00 1.609930e-03 8.618666e-02 9.987600e-05 1.271786e-02 1.554979e+01 1.385886e+00 1.394870e+00 5.983874e-03 2.925795e-04 2.565767e-04 2.378889e-04 3.668164e+01 
800 2500 6.704062e-04 2.570640e-05 4.409812e-08 8.674111e-02 1.142274e-04 1.731467e-02 2.056069e+01 4.398118e-02 4.906462e-02 6.262840e-05 1.030706e-01 7.657985e-04 1.802655e-02 2.013161e+01 4.459903e-02 4.954718e-02 1.423795e-04 2.398393e-03 5.446820e-05 5.278870e-05 4.110896e+01 
800 10000 5.856107e-04 8.908790e-05 5.500042e-08 8.633946e-02 1.063356e-04 1.691288e-02 1.924323e+01 1.814208e-01 1.854842e-01 1.852914e-04 9.997647e-02 1.218789e-04 1.731797e-02 1.936141e+01 1.855829e-01 2.006144e-01 6.474019e-04 1.003227e-04 9.437290e-05 9.107690e-05 3.958033e+01 
800 22500 5.398876e-04 1.981456e-04 3.300374e-08 9.027166e-02 1.195774e-04 1.746967e-02 1.964284e+01 4.017704e-01 4.567585e-01 4.097083e-04 1.003866e-01 1.201182e-04 1.793593e-02 1.932450e+01 4.092434e-01 4.576491e-01 1.377544e-03 1.378147e-04 1.157377e-04 1.150867e-04 4.092199e+01 
800 40000 6.000763e-04 3.878216e-04 5.109468e-08 8.653325e-02 1.111287e-04 1.673256e-02 1.995763e+01 7.263237e-01 7.234234e-01 7.901118e-04 1.121893e-01 1.289377e-02 2.262245e-02 2.004732e+01 7.354766e-01 7.254862e-01 2.441072e-03 8.202225e-03 1.597994e-04 1.581780e-04 4.317951e+01 
800 62500 5.333368e-04 7.303787e-04 8.210191e-08 8.598309e-02 1.199049e-04 1.728277e-02 2.040024e+01 1.130916e+00 1.132784e+00 1.106248e-03 8.700027e-02 1.204667e-04 1.666636e-02 1.960270e+01 1.118493e+00 1.131699e+00 3.954908e-03 2.087204e-04 1.661709e-04 1.733215e-04 4.473090e+01 
800 90000 5.443852e-04 1.211272e-03 7.099588e-08 8.792187e-02 1.047893e-04 1.750505e-02 2.031423e+01 1.606000e+00 1.621530e+00 1.613364e-03 9.095744e-02 1.256775e-04 1.767486e-02 2.036221e+01 1.630548e+00 1.597793e+00 5.762338e-03 2.897805e-04 2.331129e-04 2.425869e-04 4.735653e+01 
900 2500 6.451898e-04 2.739490e-05 3.899913e-08 1.096723e-01 1.108725e-04 2.167928e-02 2.547048e+01 5.257526e-02 5.992443e-02 6.299600e-05 1.229444e-01 1.138308e-04 2.329757e-02 2.579856e+01 5.455285e-02 6.021536e-02 1.409613e-04 6.802440e-05 6.682880e-05 6.535050e-05 5.177522e+01 
900 10000 6.939243e-04 8.931420e-05 3.410387e-08 1.219482e-01 1.240491e-04 2.598383e-02 2.632218e+01 2.529809e-01 2.437380e-01 1.993304e-04 1.234933e-01 1.195231e-02 2.543888e-02 2.581506e+01 2.248241e-01 2.313354e-01 5.948746e-04 4.854749e-03 9.956650e-05 9.564870e-05 5.340572e+01 
900 22500 5.501895e-03 2.157229e-04 5.509937e-08 1.093318e-01 1.212109e-04 2.219703e-02 2.482728e+01 4.755761e-01 4.633648e-01 4.516990e-04 1.147778e-01 1.132078e-02 2.171191e-02 2.530080e+01 4.749858e-01 4.575661e-01 1.343564e-03 1.383264e-04 1.262824e-04 1.278027e-04 5.228696e+01 
900 40000 7.286822e-04 3.922503e-04 7.209601e-08 1.101166e-01 1.229594e-04 2.199558e-02 2.573956e+01 8.068629e-01 8.047316e-01 7.102127e-04 1.221269e-01 1.206690e-04 2.192966e-02 2.649143e+01 8.183017e-01 8.047732e-01 2.479431e-03 1.542272e-04 1.293029e-04 1.337275e-04 5.574682e+01 
900 62500 5.625984e-04 7.926676e-04 1.021021e-07 1.088201e-01 1.133892e-04 2.206632e-02 2.506327e+01 1.252657e+00 1.271936e+00 1.248087e-03 1.201743e-01 1.164697e-04 2.196527e-02 2.520323e+01 1.270176e+00 1.283741e+00 4.185839e-03 2.148886e-04 1.650022e-04 1.834327e-04 5.562565e+01 
900 90000 7.441476e-03 2.161587e-03 1.212000e-07 1.098918e-01 1.141814e-04 2.257161e-02 2.568094e+01 1.836868e+00 1.822578e+00 3.888693e-03 1.114098e-01 1.220131e-04 2.491461e-02 2.568862e+01 1.838511e+00 1.825191e+00 6.086174e-03 2.941870e-04 2.430477e-04 2.510245e-04 5.898218e+01 
1000 2500 5.780134e-04 2.536280e-05 3.709574e-08 1.456646e-01 1.304276e-04 2.712119e-02 3.162839e+01 5.956701e-02 5.698011e-02 6.174610e-05 1.466886e-01 1.348221e-04 2.831659e-02 3.173110e+01 6.340970e-02 7.545561e-02 1.439718e-04 1.735170e-03 5.532760e-05 5.338270e-05 6.396564e+01 
1000 10000 5.660225e-04 8.920410e-05 4.910398e-08 1.400974e-01 1.273310e-04 2.778914e-02 3.186258e+01 2.487583e-01 2.303459e-01 1.905053e-04 1.475350e-01 1.363354e-04 2.702768e-02 3.145677e+01 2.323226e-01 2.318288e-01 5.886503e-04 1.057317e-04 9.834770e-05 9.971580e-05 6.460708e+01 
1000 22500 7.309276e-04 2.009278e-04 6.509945e-08 1.412207e-01 1.095834e-02 2.765991e-02 3.244239e+01 5.289612e-01 5.132779e-01 4.129051e-04 1.547842e-01 1.411286e-04 2.747678e-02 3.148533e+01 5.254209e-01 5.228231e-01 1.410277e-03 1.329313e-04 1.247071e-04 1.162615e-04 6.638360e+01 
1000 40000 5.694546e-04 3.838727e-04 6.210175e-08 1.484902e-01 1.385547e-04 2.762081e-02 3.307710e+01 9.034626e-01 9.137090e-01 7.516194e-04 1.461651e-01 3.874403e-03 2.752193e-02 3.196140e+01 9.063276e-01 9.472114e-01 2.711806e-03 1.873145e-04 1.566037e-04 1.631244e-04 6.906798e+01 
1000 62500 6.396784e-04 7.531086e-04 5.410402e-08 1.531810e-01 8.891927e-04 2.700130e-02 3.070157e+01 1.394864e+00 1.395241e+00 1.114116e-03 1.521328e-01 1.420019e-04 2.739974e-02 3.174733e+01 1.411892e+00 1.388781e+00 3.999200e-03 8.627083e-03 2.045592e-04 2.065632e-04 6.841600e+01 
1000 90000 7.367643e-04 1.211826e-03 7.610070e-08 1.472072e-01 1.256637e-02 2.707076e-02 3.118883e+01 2.016462e+00 2.029681e+00 1.039691e-02 1.483030e-01 1.212404e-02 3.357253e-02 3.231428e+01 1.993059e+00 2.049051e+00 6.103157e-03 2.883523e-04 2.525017e-04 2.514802e-04 7.199150e+01 
