50 400 1.004096e-05 7.294817e-06 8.218922e-08 4.209307e-02 1.823920e-02 2.072386e-02 2.917559e-05 4.171055e-02 1.821304e-02 2.068506e-02 2.805800e-05 2.842238e-05 2.917759e-05 2.783537e-05 1.618502e-01 
50 1600 1.187380e-05 1.631021e-05 7.222407e-08 3.936390e-02 7.303469e-02 8.273743e-02 1.123858e-04 4.191683e-02 7.293728e-02 8.288177e-02 1.098880e-04 1.110958e-04 1.081996e-04 1.090690e-04 3.934806e-01 
50 3600 1.180763e-05 3.846940e-05 9.019859e-08 4.100798e-02 1.639310e-01 1.857117e-01 2.503556e-04 4.135236e-02 1.640479e-01 1.857565e-01 2.445752e-04 2.485830e-04 2.463738e-04 2.446994e-04 7.831189e-01 
50 6400 1.175138e-05 6.483081e-05 9.802170e-08 3.949407e-02 2.915581e-01 3.299912e-01 4.398606e-04 4.241008e-02 2.914526e-01 3.300519e-01 4.393960e-04 4.414370e-04 4.338758e-04 4.338136e-04 1.327260e+00 
50 10000 1.158318e-05 9.754160e-05 8.619390e-08 3.997785e-02 4.541765e-01 5.153024e-01 6.861904e-04 4.092515e-02 4.565122e-01 5.166957e-01 6.841982e-04 6.820950e-04 6.730496e-04 6.776584e-04 2.027135e+00 
50 14400 1.159338e-05 1.451448e-04 8.619390e-08 3.967153e-02 6.540474e-01 7.438464e-01 9.903334e-04 4.209554e-02 6.539236e-01 7.438260e-01 9.799520e-04 1.055743e-03 1.063465e-03 1.061883e-03 2.882755e+00 
50 19600 1.208796e-05 1.911356e-04 1.101755e-07 4.170275e-02 8.885898e-01 1.016017e+00 1.344969e-03 4.138994e-02 8.904330e-01 1.010503e+00 1.332533e-03 1.526503e-03 1.652393e-03 1.649993e-03 3.896378e+00 
50 25600 1.116879e-05 2.548016e-04 1.421664e-07 4.420785e-02 1.160734e+00 1.319148e+00 1.808814e-03 4.062701e-02 1.164378e+00 1.319699e+00 1.751366e-03 2.625858e-03 2.793402e-03 2.902333e-03 5.060977e+00 
50 32400 1.149718e-05 3.349042e-04 1.482200e-07 4.033856e-02 1.470285e+00 1.688407e+00 2.239004e-03 4.115778e-02 1.473916e+00 1.668452e+00 2.208270e-03 2.237492e-03 3.127345e-03 3.274455e-03 6.396036e+00 
50 40000 1.169760e-05 4.513182e-04 1.521781e-07 4.191019e-02 1.811918e+00 2.071714e+00 2.761815e-03 4.157295e-02 1.816466e+00 2.061163e+00 2.716718e-03 2.951524e-03 2.949145e-03 2.946998e-03 7.859584e+00 
50 48400 1.263679e-05 5.859892e-04 9.816140e-08 4.052968e-02 2.197980e+00 2.503442e+00 3.306186e-03 3.987555e-02 2.198717e+00 2.491668e+00 3.293311e-03 3.265912e-03 3.261681e-03 3.265665e-03 9.489251e+00 
50 57600 1.191981e-05 7.986488e-04 1.422130e-07 4.183836e-02 2.621024e+00 2.983374e+00 3.969557e-03 4.021930e-02 2.617092e+00 2.966253e+00 3.918729e-03 3.899821e-03 5.045496e-03 5.723370e-03 1.129322e+01 
50 67600 1.120861e-05 9.772816e-04 2.523884e-07 4.171607e-02 3.072252e+00 3.500770e+00 4.623956e-03 4.179345e-02 3.066813e+00 3.487954e+00 4.638587e-03 4.821693e-03 6.020248e-03 6.574359e-03 1.323902e+01 
50 78400 1.121461e-05 1.103299e-03 1.621898e-07 4.269907e-02 3.573189e+00 4.050681e+00 5.347577e-03 4.180398e-02 3.555943e+00 4.055992e+00 5.384439e-03 5.869607e-03 7.107242e-03 7.454891e-03 1.535264e+01 
50 90000 1.212424e-05 1.281318e-03 1.301989e-07 4.035668e-02 4.087650e+00 4.644441e+00 6.150113e-03 5.303709e-02 4.099372e+00 4.645856e+00 6.248604e-03 7.046562e-03 7.068188e-03 7.655101e-03 1.760622e+01 
100 400 2.006800e-05 5.492428e-06 1.040287e-07 2.107143e-01 3.908015e-02 4.157051e-02 2.908939e-05 2.137943e-01 3.902148e-02 4.154277e-02 2.816822e-05 3.243838e-05 2.807402e-05 2.794182e-05 5.859197e-01 
100 1600 2.017403e-05 1.636641e-05 9.397045e-08 2.156866e-01 1.560448e-01 1.658022e-01 1.110338e-04 2.140564e-01 1.558369e-01 1.660905e-01 1.122856e-04 1.110620e-04 1.093294e-04 1.079334e-04 1.074136e+00 
100 3600 2.196883e-05 3.611180e-05 1.162291e-07 2.124120e-01 3.505654e-01 3.729539e-01 2.491902e-04 2.171856e-01 3.510183e-01 3.734738e-01 2.508088e-04 2.484810e-04 2.449740e-04 2.437120e-04 1.878934e+00 
100 6400 2.040244e-05 6.557377e-05 1.261942e-07 2.194823e-01 6.231195e-01 6.654130e-01 4.426994e-04 2.159679e-01 6.251711e-01 6.635183e-01 4.360052e-04 4.412172e-04 4.346792e-04 4.323498e-04 3.014976e+00 
100 10000 2.032621e-05 9.780000e-05 7.799827e-08 2.141514e-01 9.731844e-01 1.036817e+00 6.917132e-04 2.150272e-01 9.740246e-01 1.033794e+00 6.805446e-04 6.767952e-04 6.746518e-04 6.778628e-04 4.450554e+00 
100 14400 2.005799e-05 1.437046e-04 1.061708e-07 2.136501e-01 1.399974e+00 1.491760e+00 9.873688e-04 2.203679e-01 1.403076e+00 1.496374e+00 9.838336e-04 9.729654e-04 9.691398e-04 9.725370e-04 6.230287e+00 
100 19600 1.989780e-05 1.972006e-04 8.018687e-08 2.142526e-01 1.905894e+00 2.029957e+00 1.343327e-03 2.145663e-01 1.910182e+00 2.031262e+00 1.360162e-03 1.323056e-03 1.555235e-03 1.609234e-03 8.313564e+00 
100 25600 2.025622e-05 2.612562e-04 8.819625e-08 2.168166e-01 2.497271e+00 2.660078e+00 1.763601e-03 2.221655e-01 2.492826e+00 2.655998e+00 1.743947e-03 2.507864e-03 2.462839e-03 2.584637e-03 1.075655e+01 
100 32400 2.022041e-05 3.281782e-04 1.022127e-07 2.237712e-01 3.159590e+00 3.364507e+00 2.289985e-03 2.155788e-01 3.157983e+00 3.358879e+00 2.205695e-03 2.269372e-03 2.384746e-03 2.385415e-03 1.349224e+01 
100 40000 2.046060e-05 4.586312e-04 1.343898e-07 2.139035e-01 3.897670e+00 4.188141e+00 2.733407e-03 2.137246e-01 3.899324e+00 4.157955e+00 2.809309e-03 3.255018e-03 3.367248e-03 3.371937e-03 1.658677e+01 
100 48400 1.940904e-05 5.840706e-04 1.621898e-07 2.133224e-01 4.716401e+00 5.023318e+00 3.398827e-03 2.148222e-01 4.710144e+00 5.026337e+00 3.456816e-03 3.264563e-03 4.241398e-03 4.492503e-03 1.992384e+01 
100 57600 1.980360e-05 7.843538e-04 1.701992e-07 2.156886e-01 5.626552e+00 5.986559e+00 3.955086e-03 2.146721e-01 5.604180e+00 5.980934e+00 3.913694e-03 4.088870e-03 4.379210e-03 4.751029e-03 2.365052e+01 
100 67600 1.991978e-05 9.819910e-04 1.202337e-07 2.181258e-01 6.585871e+00 7.019341e+00 4.616774e-03 2.251977e-01 6.572729e+00 7.001618e+00 4.590433e-03 5.707594e-03 6.193552e-03 6.174062e-03 2.765121e+01 
100 78400 1.951321e-05 1.187532e-03 1.502223e-07 2.132254e-01 7.677714e+00 8.145781e+00 5.359640e-03 2.192048e-01 7.640352e+00 8.153422e+00 5.444602e-03 5.520561e-03 7.545155e-03 8.302590e-03 3.208313e+01 
100 90000 1.957519e-05 1.274153e-03 1.822133e-07 2.209800e-01 9.512117e+00 1.011370e+01 6.142479e-03 2.182064e-01 9.500038e+00 1.009828e+01 6.247590e-03 6.149778e-03 6.222825e-03 7.544776e-03 3.969698e+01 
150 400 2.913959e-05 5.696621e-06 9.220093e-08 7.181677e-01 5.966280e-02 6.222917e-02 2.938178e-05 7.200671e-01 5.956133e-02 6.206501e-02 2.825223e-05 3.271680e-05 2.791560e-05 2.799379e-05 1.681966e+00 
150 1600 2.867081e-05 1.659878e-05 9.820797e-08 7.213311e-01 2.379189e-01 2.480569e-01 1.107594e-04 7.296961e-01 2.377130e-01 2.477143e-01 1.188676e-04 1.127464e-04 1.293152e-04 1.315786e-04 2.423107e+00 
150 3600 2.847440e-05 3.784038e-05 1.122244e-07 7.347779e-01 5.355133e-01 5.577944e-01 2.516738e-04 7.384439e-01 5.342322e-01 5.586261e-01 2.468908e-04 2.479262e-04 2.475038e-04 2.453604e-04 3.660730e+00 
150 6400 3.005499e-05 6.506522e-05 8.423813e-08 7.345535e-01 9.488620e-01 9.947085e-01 4.403600e-04 7.281793e-01 9.528289e-01 9.921490e-01 4.381224e-04 4.400534e-04 4.362276e-04 4.346012e-04 5.353597e+00 
150 10000 2.891319e-05 9.900983e-05 1.082197e-07 7.346551e-01 1.484155e+00 1.549430e+00 7.075890e-04 7.336929e-01 1.486677e+00 1.548687e+00 6.808268e-04 6.769592e-04 6.729652e-04 6.781068e-04 7.540872e+00 
150 14400 2.843859e-05 1.417438e-04 1.061708e-07 7.280691e-01 2.139542e+00 2.230496e+00 1.000052e-03 7.338082e-01 2.140457e+00 2.230626e+00 9.907900e-04 9.767088e-04 1.193811e-03 1.244978e-03 1.020861e+01 
150 19600 2.870681e-05 1.967960e-04 1.241919e-07 7.281893e-01 2.916197e+00 3.041436e+00 1.345239e-03 7.298478e-01 2.915795e+00 3.036386e+00 1.348853e-03 1.324673e-03 1.320991e-03 1.414741e-03 1.337487e+01 
150 25600 2.925578e-05 2.618510e-04 1.322012e-07 7.271688e-01 3.819213e+00 3.975733e+00 1.759426e-03 7.220619e-01 3.808032e+00 3.985969e+00 1.750074e-03 3.107640e-03 2.989149e-03 3.091896e-03 1.705122e+01 
150 32400 2.900739e-05 3.332236e-04 1.361594e-07 7.255258e-01 4.830451e+00 5.046524e+00 2.215692e-03 7.240869e-01 4.815247e+00 5.035609e+00 2.203427e-03 2.182120e-03 2.178474e-03 2.181613e-03 2.118881e+01 
150 40000 2.789781e-05 4.392742e-04 1.141801e-07 7.237228e-01 5.952703e+00 6.226951e+00 2.795826e-03 7.293715e-01 5.934704e+00 6.207966e+00 2.716119e-03 2.697183e-03 2.697063e-03 2.695310e-03 2.578953e+01 
150 48400 2.826219e-05 5.826742e-04 1.883600e-07 7.251170e-01 7.201081e+00 7.539438e+00 3.467193e-03 7.220154e-01 7.206946e+00 7.550845e+00 3.462837e-03 3.266549e-03 3.265660e-03 3.262399e-03 3.096283e+01 
150 57600 2.958421e-05 7.630658e-04 1.322012e-07 7.382353e-01 8.592606e+00 9.709631e+00 3.935386e-03 7.400534e-01 8.574214e+00 9.693688e+00 4.089957e-03 4.458043e-03 4.855116e-03 4.898441e-03 3.807151e+01 
150 67600 2.775760e-05 9.810954e-04 1.902226e-07 7.091450e-01 1.008709e+01 1.052436e+01 4.755999e-03 7.058336e-01 1.003652e+01 1.049537e+01 4.734096e-03 4.583674e-03 5.506899e-03 5.880515e-03 4.258484e+01 
150 78400 2.848664e-05 1.193460e-03 1.842156e-07 7.012664e-01 1.163928e+01 1.215950e+01 5.354656e-03 7.052509e-01 1.164486e+01 1.216939e+01 5.333941e-03 5.909072e-03 7.584830e-03 8.302309e-03 4.905330e+01 
150 90000 2.812799e-05 1.249867e-03 1.624227e-07 7.177441e-01 1.341193e+01 1.411648e+01 6.536169e-03 7.176529e-01 1.340464e+01 1.402893e+01 6.128276e-03 6.133365e-03 7.273386e-03 8.435131e-03 5.643323e+01 
200 400 3.662859e-05 5.724607e-06 8.223578e-08 1.287103e+00 8.023657e-02 8.267554e-02 3.071381e-05 1.289974e+00 8.031918e-02 8.315045e-02 3.121663e-05 3.046938e-05 2.784762e-05 2.809600e-05 2.903678e+00 
200 1600 3.683702e-05 1.655263e-05 7.417984e-08 1.294121e+00 3.206769e-01 3.304571e-01 1.128886e-04 1.290901e+00 3.204786e-01 3.307218e-01 1.137198e-04 1.120614e-04 1.076690e-04 1.091650e-04 3.888001e+00 
200 3600 3.696322e-05 3.596181e-05 8.218922e-08 1.296475e+00 7.221373e-01 7.468446e-01 2.541096e-04 1.295236e+00 7.233939e-01 7.446873e-01 2.466244e-04 2.666064e-04 2.827184e-04 2.825680e-04 5.530210e+00 
200 6400 3.845762e-05 6.438219e-05 1.122244e-07 1.293437e+00 1.282717e+00 1.324524e+00 4.425470e-04 1.293475e+00 1.287300e+00 1.323773e+00 4.377980e-04 4.397508e-04 4.330088e-04 4.378980e-04 7.807554e+00 
200 10000 3.814502e-05 9.776400e-05 1.161825e-07 1.285649e+00 2.001299e+00 2.065634e+00 6.903192e-04 1.289191e+00 2.005461e+00 2.073917e+00 6.920496e-04 6.787318e-04 6.778706e-04 6.773618e-04 1.072475e+01 
200 14400 3.683120e-05 1.465830e-04 1.201872e-07 1.294148e+00 2.898997e+00 2.984391e+00 9.913408e-04 1.292537e+00 2.887950e+00 2.981174e+00 9.880718e-04 9.712228e-04 9.691056e-04 9.729332e-04 1.434432e+01 
200 19600 3.760220e-05 1.973308e-04 8.819625e-08 1.291224e+00 3.930790e+00 4.060701e+00 1.342607e-03 1.292581e+00 3.940902e+00 4.059923e+00 1.346349e-03 1.324893e-03 1.317350e-03 1.322235e-03 1.858305e+01 
200 25600 3.717961e-05 2.638140e-04 1.301989e-07 1.310013e+00 5.148091e+00 5.311071e+00 1.759532e-03 1.300433e+00 5.137211e+00 5.301733e+00 1.754340e-03 3.075800e-03 3.026022e-03 3.079866e-03 2.352159e+01 
200 32400 3.898242e-05 3.408170e-04 1.201872e-07 1.292456e+00 6.502085e+00 6.704090e+00 2.220128e-03 1.292389e+00 6.506811e+00 6.710979e+00 2.201002e-03 2.180325e-03 2.178234e-03 2.181252e-03 2.902019e+01 
200 40000 3.660661e-05 4.539320e-04 7.217750e-08 1.291838e+00 8.026852e+00 8.318772e+00 2.734572e-03 1.296723e+00 8.023093e+00 8.275872e+00 2.719534e-03 3.050470e-03 3.117867e-03 3.114540e-03 3.524842e+01 
200 48400 3.768820e-05 5.920464e-04 1.864042e-07 1.295633e+00 1.055567e+01 1.003566e+01 3.347272e-03 1.298775e+00 1.057448e+01 9.996655e+00 3.293221e-03 4.089855e-03 4.362700e-03 4.646380e-03 4.377729e+01 
200 57600 3.640437e-05 7.917346e-04 1.220033e-07 1.294527e+00 1.155597e+01 1.193381e+01 4.104893e-03 1.294852e+00 1.155507e+01 1.191869e+01 4.010346e-03 4.247536e-03 4.263132e-03 4.266092e-03 4.957468e+01 
200 67600 3.830716e-05 1.003367e-03 2.021901e-07 1.298954e+00 1.362374e+01 1.403806e+01 4.668721e-03 1.299646e+00 1.360325e+01 1.402834e+01 4.707586e-03 5.376062e-03 5.583234e-03 5.611069e-03 5.791903e+01 
200 78400 3.642039e-05 1.119757e-03 1.261942e-07 1.294595e+00 1.578760e+01 1.632152e+01 5.470329e-03 1.290220e+00 1.572887e+01 1.628759e+01 5.546118e-03 7.083202e-03 7.341370e-03 7.309238e-03 6.674435e+01 
200 90000 3.616400e-05 1.262946e-03 1.442153e-07 1.281927e+00 1.808658e+01 1.872641e+01 6.264988e-03 1.280936e+00 1.805493e+01 1.863646e+01 6.180546e-03 6.132117e-03 6.347073e-03 7.114821e-03 7.610063e+01 
250 400 4.686601e-05 5.828822e-06 1.182314e-07 2.349586e+00 1.003825e-01 1.030444e-01 3.272681e-05 2.349825e+00 1.003859e-01 1.031227e-01 2.777139e-05 3.306339e-05 2.791560e-05 2.781958e-05 5.106577e+00 
250 1600 4.514740e-05 1.665698e-05 8.218922e-08 2.365061e+00 4.012364e-01 4.122415e-01 1.230978e-04 2.361005e+00 4.022136e-01 4.128802e-01 1.148216e-04 1.101066e-04 1.098320e-04 1.073664e-04 6.355292e+00 
250 3600 4.752502e-05 3.565517e-05 9.220093e-08 2.346753e+00 9.066195e-01 9.318605e-01 2.521788e-04 2.357607e+00 9.070491e-01 9.282134e-01 2.498612e-04 2.663338e-04 2.690298e-04 2.673714e-04 8.379521e+00 
250 6400 4.514540e-05 6.388342e-05 1.179986e-07 2.351265e+00 1.609770e+00 1.653524e+00 4.393522e-04 2.362686e+00 1.610880e+00 1.651868e+00 4.390838e-04 4.395904e-04 4.367882e-04 4.982080e-04 1.124240e+01 
250 10000 4.603080e-05 9.899978e-05 1.344364e-07 2.345813e+00 2.516406e+00 2.584220e+00 6.871362e-04 2.352216e+00 2.514416e+00 2.576964e+00 6.876210e-04 7.353902e-04 7.380682e-04 7.401072e-04 1.489382e+01 
250 14400 4.616897e-05 1.425910e-04 1.039822e-07 2.351508e+00 3.632846e+00 3.723387e+00 9.882858e-04 2.348307e+00 3.620396e+00 3.727503e+00 1.000620e-03 9.777562e-04 9.758132e-04 9.762058e-04 1.940911e+01 
250 19600 4.535359e-05 1.952474e-04 1.621898e-07 2.347771e+00 4.929453e+00 5.082692e+00 1.347761e-03 2.347468e+00 4.926463e+00 5.071714e+00 1.332971e-03 1.327791e-03 1.321472e-03 1.320707e-03 2.471250e+01 
250 25600 4.653339e-05 2.571680e-04 9.820797e-08 2.338709e+00 6.440763e+00 6.604821e+00 1.757249e-03 2.349170e+00 6.451551e+00 6.618802e+00 1.743817e-03 2.602499e-03 2.640279e-03 2.603877e-03 3.081551e+01 
250 32400 4.434823e-05 3.386118e-04 1.142267e-07 2.352265e+00 8.157499e+00 8.378557e+00 2.268751e-03 2.358901e+00 8.161797e+00 8.366319e+00 2.222436e-03 2.190093e-03 2.264116e-03 2.389145e-03 3.778710e+01 
250 40000 4.574042e-05 4.420984e-04 1.182314e-07 2.358197e+00 1.016152e+01 1.042634e+01 2.733871e-03 2.363815e+00 1.006328e+01 1.032715e+01 2.717451e-03 2.908304e-03 2.949169e-03 2.946519e-03 4.571509e+01 
250 48400 4.514940e-05 5.903538e-04 1.322012e-07 2.358713e+00 1.218413e+01 1.256738e+01 3.429354e-03 2.360278e+00 1.219100e+01 1.256923e+01 3.361250e-03 3.282905e-03 3.264910e-03 3.822786e-03 5.424858e+01 
250 57600 4.449040e-05 7.872538e-04 1.401640e-07 2.356897e+00 1.452123e+01 1.493006e+01 4.065094e-03 2.356324e+00 1.455227e+01 1.492892e+01 3.947544e-03 3.903176e-03 4.197093e-03 4.383209e-03 6.366708e+01 
250 67600 4.469678e-05 8.788726e-04 1.379754e-07 2.349050e+00 1.703750e+01 1.751614e+01 4.627778e-03 2.345376e+00 1.705331e+01 1.747774e+01 4.693286e-03 4.576027e-03 5.489872e-03 6.441391e-03 7.380591e+01 
250 78400 4.464481e-05 1.075601e-03 1.642387e-07 2.359269e+00 2.153404e+01 2.033064e+01 5.409664e-03 2.365947e+00 2.152941e+01 2.025959e+01 5.378037e-03 7.240986e-03 7.809158e-03 7.781745e-03 8.841368e+01 
250 90000 4.468081e-05 1.344226e-03 2.162065e-07 2.359137e+00 2.273682e+01 2.333465e+01 6.319165e-03 2.357742e+00 2.267276e+01 2.326450e+01 6.180806e-03 6.150335e-03 6.589044e-03 7.333348e-03 9.675962e+01 
300 400 5.365000e-05 5.606376e-06 1.102220e-07 3.874612e+00 1.214157e-01 1.238650e-01 2.915738e-05 3.872526e+00 1.209504e-01 1.235321e-01 2.819817e-05 3.469377e-05 2.800180e-05 2.793376e-05 8.237143e+00 
300 1600 5.338779e-05 1.734779e-05 8.600764e-08 3.871062e+00 4.844731e-01 4.946070e-01 1.160672e-04 3.872961e+00 4.832977e-01 4.959953e-01 1.149818e-04 1.130168e-04 1.081016e-04 1.098822e-04 9.703063e+00 
300 3600 5.556298e-05 3.571720e-05 1.099892e-07 3.873791e+00 1.094269e+00 1.118234e+00 2.497910e-04 3.875455e+00 1.093310e+00 1.114197e+00 2.501916e-04 2.475298e-04 2.450358e-04 2.443430e-04 1.217062e+01 
300 6400 5.502221e-05 6.498098e-05 1.261942e-07 3.870606e+00 1.940786e+00 1.985856e+00 4.433302e-04 3.870208e+00 1.936977e+00 1.982264e+00 4.363458e-04 4.401414e-04 4.360032e-04 4.328744e-04 1.558905e+01 
300 10000 5.357601e-05 1.017702e-04 1.081731e-07 3.883784e+00 3.038792e+00 3.102878e+00 6.874326e-04 3.873896e+00 3.032910e+00 3.095000e+00 6.830482e-04 6.813976e-04 6.740746e-04 6.749940e-04 2.003087e+01 
300 14400 5.454938e-05 1.452270e-04 8.824281e-08 3.867918e+00 4.385737e+00 4.471380e+00 9.890250e-04 3.871744e+00 4.384961e+00 4.472953e+00 9.848630e-04 9.738024e-04 9.709060e-04 9.753088e-04 2.545984e+01 
300 19600 5.358998e-05 1.946366e-04 1.159962e-07 3.872120e+00 5.971542e+00 6.115292e+00 1.343292e-03 3.871549e+00 5.953992e+00 6.084044e+00 1.346833e-03 1.323274e-03 1.644867e-03 1.652402e-03 3.187615e+01 
300 25600 5.361401e-05 2.600444e-04 1.142267e-07 3.880318e+00 7.795362e+00 7.961992e+00 1.837160e-03 3.877781e+00 7.767094e+00 7.918021e+00 1.743670e-03 2.736625e-03 2.633180e-03 2.720945e-03 3.921259e+01 
300 32400 5.300720e-05 3.296864e-04 7.399358e-08 3.882718e+00 1.069999e+01 1.006330e+01 2.265507e-03 3.888537e+00 1.070904e+01 1.003720e+01 2.208422e-03 2.183301e-03 2.178474e-03 2.237366e-03 4.929228e+01 
300 40000 5.295924e-05 4.597266e-04 1.401640e-07 3.856939e+00 1.219696e+01 1.242989e+01 2.790450e-03 3.872836e+00 1.215826e+01 1.243175e+01 2.746636e-03 2.692816e-03 3.162726e-03 3.292346e-03 5.696189e+01 
300 48400 5.278680e-05 5.897870e-04 1.221895e-07 3.871704e+00 1.473068e+01 1.504825e+01 3.304923e-03 3.871817e+00 1.476324e+01 1.502842e+01 3.287486e-03 3.261131e-03 3.262735e-03 3.262141e-03 6.733118e+01 
300 57600 5.286098e-05 7.885358e-04 9.620562e-08 3.878278e+00 1.752481e+01 1.792172e+01 3.937046e-03 3.866091e+00 1.751873e+01 1.788592e+01 3.952135e-03 3.902090e-03 4.730884e-03 4.862372e-03 7.861783e+01 
300 67600 5.302723e-05 1.008254e-03 1.881737e-07 3.864965e+00 2.061367e+01 2.111067e+01 4.675236e-03 3.860929e+00 2.055596e+01 2.095759e+01 4.899300e-03 6.122571e-03 6.696075e-03 6.752798e-03 9.099404e+01 
300 78400 5.291300e-05 1.196571e-03 1.922250e-07 3.864993e+00 2.388771e+01 2.439497e+01 5.419949e-03 3.870127e+00 2.405980e+01 2.438553e+01 5.374583e-03 5.469812e-03 6.655539e-03 6.795702e-03 1.044941e+02 
300 90000 5.503818e-05 1.323202e-03 1.281966e-07 3.859786e+00 2.743730e+01 2.799254e+01 6.413247e-03 3.875637e+00 2.734208e+01 2.788525e+01 6.230247e-03 6.642307e-03 6.979519e-03 7.210510e-03 1.184275e+02 
350 400 6.120740e-05 5.632406e-06 1.281966e-07 5.924983e+00 1.420291e-01 1.444689e-01 3.022701e-05 5.941827e+00 1.418231e-01 1.441500e-01 2.877298e-05 3.310940e-05 2.805982e-05 2.918360e-05 1.243953e+01 
350 1600 6.163600e-05 1.809499e-05 1.101755e-07 5.927269e+00 5.660821e-01 5.770257e-01 1.142466e-04 5.943678e+00 5.670993e-01 5.777975e-01 1.131230e-04 1.101406e-04 1.095856e-04 1.080674e-04 1.415963e+01 
350 3600 6.224699e-05 3.558318e-05 9.997748e-08 5.940588e+00 1.277556e+00 1.299230e+00 2.539134e-04 5.954100e+00 1.276603e+00 1.299223e+00 2.476258e-04 2.470790e-04 2.446412e-04 2.450700e-04 1.704867e+01 
350 6400 6.408179e-05 6.484296e-05 1.082197e-07 5.939617e+00 2.267534e+00 2.315394e+00 4.413470e-04 5.956809e+00 2.269381e+00 2.311485e+00 4.368964e-04 4.392402e-04 4.335996e-04 4.337480e-04 2.106259e+01 
350 10000 6.165798e-05 9.831283e-05 8.800998e-08 5.942961e+00 3.554177e+00 3.626936e+00 6.860988e-04 5.938492e+00 3.545966e+00 3.616462e+00 6.806926e-04 6.794608e-04 6.736380e-04 6.771154e-04 2.622860e+01 
350 14400 6.177220e-05 1.442474e-04 1.041684e-07 5.938742e+00 5.130079e+00 5.206256e+00 9.884424e-04 5.945203e+00 5.100258e+00 5.193889e+00 9.804986e-04 9.744494e-04 9.719236e-04 9.784934e-04 3.251957e+01 
350 19600 6.269179e-05 1.904664e-04 1.102220e-07 5.939186e+00 7.013428e+00 7.092492e+00 1.371292e-03 5.954577e+00 6.963568e+00 7.096296e+00 1.334020e-03 1.324522e-03 1.319327e-03 1.321798e-03 4.006651e+01 
350 25600 6.293799e-05 2.571762e-04 8.819625e-08 5.975352e+00 9.891987e+00 1.008823e+01 1.836084e-03 5.993068e+00 9.894831e+00 1.007277e+01 1.747983e-03 2.580130e-03 2.765264e-03 2.614467e-03 5.192814e+01 
350 32400 6.122543e-05 3.373858e-04 9.620562e-08 5.932036e+00 1.151487e+01 1.171725e+01 2.239136e-03 5.952350e+00 1.150252e+01 1.172165e+01 2.206708e-03 2.191129e-03 2.176475e-03 2.658359e-03 5.835258e+01 
350 40000 6.279382e-05 4.223608e-04 8.200295e-08 5.930446e+00 1.425813e+01 1.451264e+01 2.788565e-03 5.944647e+00 1.424166e+01 1.449983e+01 2.715902e-03 3.079095e-03 3.395978e-03 3.524646e-03 6.940338e+01 
350 48400 6.244117e-05 5.479344e-04 1.704320e-07 5.938234e+00 1.719802e+01 1.751733e+01 3.341932e-03 5.934811e+00 1.721313e+01 1.749057e+01 3.333589e-03 3.272922e-03 3.264959e-03 4.028583e-03 8.130998e+01 
350 57600 6.202059e-05 7.245762e-04 1.921784e-07 5.943303e+00 2.054917e+01 2.092669e+01 3.942154e-03 5.951624e+00 2.046064e+01 2.085196e+01 3.912213e-03 4.090678e-03 4.370333e-03 4.387177e-03 9.470493e+01 
350 67600 6.249119e-05 8.840986e-04 1.541805e-07 5.924871e+00 2.431073e+01 2.450262e+01 4.668406e-03 5.936989e+00 2.406663e+01 2.448625e+01 4.599904e-03 6.248755e-03 6.437294e-03 6.444725e-03 1.092575e+02 
350 78400 6.127940e-05 1.078246e-03 1.803972e-07 5.941861e+00 2.800011e+01 2.844025e+01 5.408712e-03 5.954391e+00 2.784543e+01 2.833828e+01 5.491512e-03 5.409435e-03 5.976807e-03 7.498119e-03 1.245513e+02 
350 90000 6.131162e-05 1.282173e-03 1.601875e-07 5.928511e+00 3.199601e+01 3.265667e+01 6.143738e-03 5.934572e+00 3.207061e+01 3.254338e+01 6.127692e-03 6.131392e-03 7.077977e-03 7.439115e-03 1.411641e+02 
400 400 7.117023e-05 5.650381e-06 1.022127e-07 8.668142e+00 1.626305e-01 1.646818e-01 3.374643e-05 8.686533e+00 1.629155e-01 1.650702e-01 2.877703e-05 2.989462e-05 2.769539e-05 2.786564e-05 1.801023e+01 
400 1600 7.272460e-05 1.651081e-05 7.818453e-08 8.688520e+00 6.514048e-01 6.613255e-01 1.138960e-04 8.702056e+00 6.487041e-01 6.594943e-01 1.124580e-04 1.128064e-04 1.236908e-04 1.245622e-04 2.001221e+01 
400 3600 7.153479e-05 3.545699e-05 1.062173e-07 8.675470e+00 1.465617e+00 1.485272e+00 2.499612e-04 8.699427e+00 1.462719e+00 1.485004e+00 2.481006e-04 2.468948e-04 2.464680e-04 2.436120e-04 2.327489e+01 
400 6400 7.010279e-05 6.621298e-05 1.221895e-07 8.694572e+00 2.605432e+00 2.645674e+00 4.410084e-04 8.703203e+00 2.596974e+00 2.638394e+00 4.366140e-04 4.400990e-04 4.335734e-04 4.343884e-04 2.788663e+01 
400 10000 7.030298e-05 9.902581e-05 1.342036e-07 8.685884e+00 4.072843e+00 4.131618e+00 6.945350e-04 8.700813e+00 4.069392e+00 4.131124e+00 6.813998e-04 7.711978e-04 8.012868e-04 8.039388e-04 3.379564e+01 
400 14400 7.160879e-05 1.448784e-04 1.040287e-07 8.690374e+00 5.866518e+00 5.952077e+00 9.995688e-04 8.704459e+00 5.844077e+00 5.956635e+00 9.785834e-04 1.204331e-03 1.308907e-03 1.350551e-03 4.102025e+01 
400 19600 7.136860e-05 2.007378e-04 1.261942e-07 8.699160e+00 7.977928e+00 8.120757e+00 1.343517e-03 8.703342e+00 7.997048e+00 8.099113e+00 1.333091e-03 1.570439e-03 1.655691e-03 1.734376e-03 4.960530e+01 
400 25600 7.369420e-05 2.618972e-04 1.522247e-07 8.674760e+00 1.043274e+01 1.061132e+01 1.760107e-03 8.688610e+00 1.041591e+01 1.056921e+01 1.753200e-03 2.696049e-03 3.024413e-03 2.735794e-03 5.940489e+01 
400 32400 7.274658e-05 3.367690e-04 9.820797e-08 8.649747e+00 1.327491e+01 1.343169e+01 2.237740e-03 8.679217e+00 1.320001e+01 1.340179e+01 2.203187e-03 2.180807e-03 2.179297e-03 2.177570e-03 7.064880e+01 
400 40000 7.134043e-05 4.469556e-04 1.022127e-07 8.681554e+00 1.627846e+01 1.668197e+01 2.727852e-03 8.691169e+00 1.625245e+01 1.652284e+01 2.717683e-03 2.692570e-03 2.696638e-03 3.559016e-03 8.312340e+01 
400 48400 7.098601e-05 5.988964e-04 1.423992e-07 8.694825e+00 2.148710e+01 2.008543e+01 3.308890e-03 8.729801e+00 2.149528e+01 2.006988e+01 3.328015e-03 3.282068e-03 3.263068e-03 3.777388e-03 1.005800e+02 
400 57600 6.938362e-05 7.756044e-04 1.942273e-07 8.676794e+00 2.351764e+01 2.387841e+01 3.934565e-03 8.699481e+00 2.343786e+01 2.385706e+01 3.951554e-03 4.095625e-03 4.371086e-03 4.381510e-03 1.120889e+02 
400 67600 6.947378e-05 8.805090e-04 1.362059e-07 8.682215e+00 2.758567e+01 2.801623e+01 4.621857e-03 8.692252e+00 2.751796e+01 2.798819e+01 4.647692e-03 4.609250e-03 5.561376e-03 6.380391e-03 1.285093e+02 
400 78400 7.091779e-05 1.204825e-03 1.681969e-07 8.673718e+00 3.198104e+01 3.252716e+01 5.524182e-03 8.674909e+00 3.192276e+01 3.241888e+01 5.485935e-03 5.732746e-03 7.165882e-03 8.110433e-03 1.462318e+02 
400 90000 7.171319e-05 1.311689e-03 1.802109e-07 8.670557e+00 3.666399e+01 3.724443e+01 6.204258e-03 8.677088e+00 3.666880e+01 3.722537e+01 6.122479e-03 6.690169e-03 7.132984e-03 7.805146e-03 1.651856e+02 
450 400 8.089878e-05 5.399995e-06 1.042150e-07 1.210931e+01 1.833717e-01 1.857030e-01 3.255880e-05 1.212091e+01 1.829590e-01 1.851757e-01 2.885303e-05 3.310139e-05 2.779961e-05 2.971622e-05 2.496769e+01 
450 1600 7.861941e-05 1.673903e-05 1.403969e-07 1.211622e+01 7.333728e-01 7.436006e-01 1.161094e-04 1.212033e+01 7.315872e-01 7.410183e-01 1.144188e-04 1.124500e-04 1.080134e-04 1.090828e-04 2.718681e+01 
450 3600 8.024778e-05 3.578160e-05 1.062173e-07 1.211303e+01 1.645251e+00 1.668975e+00 2.498270e-04 1.212295e+01 1.648662e+00 1.671059e+00 2.469086e-04 2.467486e-04 2.459194e-04 2.445612e-04 3.087132e+01 
450 6400 7.833699e-05 6.660144e-05 9.820797e-08 1.209633e+01 2.931746e+00 2.979842e+00 4.435284e-04 1.210498e+01 2.924123e+00 2.968850e+00 4.362434e-04 4.367722e-04 4.338278e-04 4.360592e-04 3.600824e+01 
450 10000 8.010357e-05 9.735343e-05 1.342036e-07 1.209183e+01 4.579523e+00 4.650315e+00 6.903610e-04 1.212129e+01 4.583939e+00 4.647196e+00 6.823370e-04 6.754248e-04 6.742230e-04 6.776700e-04 4.267771e+01 
450 14400 7.852921e-05 1.438890e-04 1.261942e-07 1.212531e+01 6.597164e+00 6.712822e+00 9.873446e-04 1.214511e+01 6.596587e+00 6.680529e+00 9.792424e-04 9.781590e-04 9.725104e-04 9.718332e-04 5.086268e+01 
450 19600 7.843296e-05 1.981378e-04 9.601936e-08 1.221437e+01 9.762024e+00 9.932063e+00 1.357237e-03 1.221528e+01 9.797206e+00 9.920403e+00 1.333920e-03 1.320965e-03 1.649942e-03 1.648740e-03 6.384898e+01 
450 25600 8.039018e-05 2.573944e-04 1.281966e-07 1.213593e+01 1.172334e+01 1.191995e+01 1.755338e-03 1.214884e+01 1.174885e+01 1.191969e+01 1.750456e-03 2.787573e-03 2.628367e-03 2.676517e-03 7.160858e+01 
450 32400 7.796236e-05 3.459946e-04 7.422641e-08 1.212180e+01 1.489223e+01 1.509809e+01 2.219278e-03 1.213044e+01 1.488341e+01 1.510119e+01 2.201155e-03 2.178648e-03 2.178185e-03 2.179086e-03 8.423859e+01 
450 40000 7.786243e-05 4.564138e-04 1.842156e-07 1.212572e+01 1.834537e+01 1.867674e+01 2.737370e-03 1.212622e+01 1.831871e+01 1.860379e+01 2.712435e-03 2.696295e-03 3.083629e-03 3.203815e-03 9.821155e+01 
450 48400 7.774420e-05 5.999682e-04 2.061948e-07 1.211514e+01 2.221013e+01 2.260151e+01 3.310356e-03 1.217072e+01 2.219714e+01 2.248339e+01 3.303206e-03 3.761498e-03 3.981830e-03 3.985507e-03 1.137971e+02 
450 57600 7.764800e-05 7.908496e-04 1.882203e-07 1.217074e+01 2.643193e+01 2.680466e+01 3.948089e-03 1.216232e+01 2.642759e+01 2.681610e+01 3.926702e-03 3.955081e-03 4.262392e-03 4.272922e-03 1.308346e+02 
450 67600 7.908661e-05 9.162012e-04 1.541805e-07 1.216534e+01 3.131395e+01 3.147785e+01 4.607309e-03 1.218225e+01 3.103992e+01 3.148517e+01 4.681444e-03 4.686266e-03 6.310798e-03 6.544117e-03 1.496924e+02 
450 78400 7.788842e-05 1.181050e-03 1.501758e-07 1.217122e+01 3.598098e+01 3.692918e+01 5.371034e-03 1.218402e+01 3.598851e+01 3.649553e+01 5.330375e-03 6.807339e-03 6.969160e-03 6.953374e-03 1.697822e+02 
450 90000 7.962100e-05 1.367607e-03 1.862179e-07 1.219740e+01 4.133714e+01 4.192986e+01 6.137853e-03 1.228037e+01 4.132424e+01 4.192067e+01 6.243727e-03 6.172559e-03 7.096963e-03 7.249485e-03 1.910241e+02 
500 400 8.700620e-05 5.616387e-06 1.041684e-07 1.648766e+01 2.042748e-01 2.071912e-01 3.302321e-05 1.645895e+01 2.037801e-01 2.062315e-01 2.828841e-05 3.288318e-05 2.781362e-05 2.973238e-05 3.376837e+01 
500 1600 8.750898e-05 1.754020e-05 6.998889e-08 1.644498e+01 8.164608e-01 8.282849e-01 1.162316e-04 1.657019e+01 8.160601e-01 8.254534e-01 1.113206e-04 1.118792e-04 1.241336e-04 1.248248e-04 3.630216e+01 
500 3600 8.707419e-05 4.143799e-05 1.082197e-07 1.654458e+01 1.835155e+00 1.861844e+00 2.496072e-04 1.655421e+01 1.837513e+00 1.860175e+00 2.475482e-04 2.470734e-04 2.451226e-04 2.455732e-04 4.049489e+01 
500 6400 8.679181e-05 6.659557e-05 8.600764e-08 1.650270e+01 3.277428e+00 3.321538e+00 4.462972e-04 1.647681e+01 3.260964e+00 3.303298e+00 4.384296e-04 4.403264e-04 4.369414e-04 5.254798e-04 4.614524e+01 
500 10000 9.763199e-05 1.009308e-04 9.820797e-08 1.646808e+01 5.116046e+00 5.183500e+00 6.888108e-04 1.646301e+01 5.107122e+00 5.164682e+00 6.822462e-04 6.844354e-04 6.786928e-04 6.787310e-04 5.350610e+01 
500 14400 8.787140e-05 1.442978e-04 9.615906e-08 1.645749e+01 7.331028e+00 7.451134e+00 9.889830e-04 1.652362e+01 7.352841e+00 7.446092e+00 9.803038e-04 9.768106e-04 9.774076e-04 9.789478e-04 6.256737e+01 
500 19600 8.830004e-05 2.127020e-04 7.799827e-08 1.654208e+01 1.002933e+01 1.017599e+01 1.344276e-03 1.651263e+01 1.000522e+01 1.013204e+01 1.350021e-03 1.431893e-03 1.457994e-03 1.450393e-03 7.340467e+01 
500 25600 8.624499e-05 2.643392e-04 1.262408e-07 1.650041e+01 1.311911e+01 1.326210e+01 1.758136e-03 1.649383e+01 1.305219e+01 1.325844e+01 1.754662e-03 2.731233e-03 2.574997e-03 2.788234e-03 8.569808e+01 
500 32400 8.734060e-05 3.388288e-04 1.242384e-07 1.643893e+01 1.652150e+01 1.680121e+01 2.221418e-03 1.647528e+01 1.670097e+01 1.678704e+01 2.207207e-03 2.198570e-03 2.680881e-03 2.735072e-03 9.973745e+01 
500 40000 8.756500e-05 4.416584e-04 7.604249e-08 1.653412e+01 2.049408e+01 2.077040e+01 2.739738e-03 1.650745e+01 2.042648e+01 2.071108e+01 2.723090e-03 2.716905e-03 3.129568e-03 3.207359e-03 1.154587e+02 
500 48400 8.834400e-05 6.058220e-04 1.901761e-07 1.648603e+01 2.490165e+01 2.514479e+01 3.315769e-03 1.647867e+01 2.477128e+01 2.506838e+01 3.337231e-03 4.011998e-03 4.089808e-03 4.644430e-03 1.328709e+02 
500 57600 8.762102e-05 9.419446e-04 1.763925e-07 1.661440e+01 3.210561e+01 2.992692e+01 3.948670e-03 1.659667e+01 3.208970e+01 2.984406e+01 3.923887e-03 4.916101e-03 5.716419e-03 5.724110e-03 1.572027e+02 
500 67600 8.695801e-05 1.157035e-03 1.863576e-07 1.650896e+01 3.461970e+01 3.515118e+01 4.638303e-03 1.648088e+01 3.461978e+01 3.501368e+01 4.600882e-03 4.619618e-03 5.616643e-03 6.152020e-03 1.724211e+02 
500 78400 8.636517e-05 1.248303e-03 1.522247e-07 1.661283e+01 4.056168e+01 4.098270e+01 5.364675e-03 1.656154e+01 4.005950e+01 4.059085e+01 5.340996e-03 5.395905e-03 5.902346e-03 5.992121e-03 1.953985e+02 
500 90000 8.621076e-05 1.382091e-03 1.823995e-07 1.647304e+01 4.599508e+01 4.662556e+01 6.162306e-03 1.654402e+01 4.601533e+01 4.662149e+01 6.278494e-03 6.197902e-03 6.734600e-03 6.898830e-03 2.183083e+02 
550 400 9.750980e-05 5.632406e-06 8.000061e-08 2.140856e+01 2.245625e-01 2.274302e-01 3.355821e-05 2.139862e+01 2.244633e-01 2.271035e-01 3.189384e-05 2.974840e-05 2.775737e-05 2.775737e-05 4.371103e+01 
550 1600 9.613382e-05 2.173861e-05 8.819625e-08 2.139506e+01 8.970804e-01 9.085700e-01 1.180466e-04 2.142484e+01 8.983281e-01 9.095862e-01 1.142328e-04 1.136120e-04 1.079116e-04 1.095400e-04 4.643418e+01 
550 3600 9.497218e-05 3.741002e-05 1.121778e-07 2.137577e+01 2.021042e+00 2.045844e+00 2.527282e-04 2.132467e+01 2.026976e+00 2.046056e+00 2.475782e-04 2.480690e-04 2.452328e-04 2.463684e-04 5.084178e+01 
550 6400 1.057422e-04 7.242821e-05 1.342036e-07 2.129944e+01 3.593932e+00 3.642956e+00 4.417788e-04 2.131478e+01 3.592815e+00 3.641220e+00 4.382394e-04 4.410476e-04 4.339330e-04 4.346562e-04 5.708754e+01 
550 10000 9.783441e-05 9.913822e-05 1.262408e-07 2.130341e+01 5.627604e+00 5.688776e+00 6.881332e-04 2.131043e+01 5.608020e+00 5.686897e+00 6.806378e-04 6.817196e-04 6.768360e-04 6.815272e-04 6.522879e+01 
550 14400 9.750379e-05 1.715084e-04 1.281966e-07 2.139039e+01 8.091646e+00 8.220510e+00 9.892114e-04 2.149680e+01 8.080318e+00 8.195586e+00 9.804766e-04 9.759398e-04 9.772116e-04 9.753970e-04 7.548047e+01 
550 19600 9.441720e-05 1.965720e-04 1.141801e-07 2.145399e+01 1.105502e+01 1.119809e+01 1.342624e-03 2.146868e+01 1.101207e+01 1.114649e+01 1.349358e-03 1.578345e-03 1.660339e-03 1.653319e-03 8.734224e+01 
550 25600 9.625400e-05 2.645878e-04 9.420328e-08 2.141394e+01 1.440337e+01 1.460979e+01 1.813876e-03 2.136233e+01 1.440794e+01 1.461859e+01 1.762477e-03 2.767264e-03 2.647863e-03 2.752626e-03 1.008281e+02 
550 32400 9.634201e-05 3.621018e-04 1.060311e-07 2.135473e+01 1.825190e+01 1.846372e+01 2.243458e-03 2.145744e+01 1.819681e+01 1.846997e+01 2.207065e-03 2.192341e-03 2.187206e-03 2.180768e-03 1.162061e+02 
550 40000 9.573121e-05 4.519440e-04 1.541805e-07 2.133178e+01 2.251255e+01 2.280969e+01 2.739558e-03 2.137039e+01 2.245900e+01 2.276404e+01 2.721180e-03 3.349254e-03 3.629675e-03 3.626114e-03 1.332641e+02 
550 48400 9.626597e-05 6.461808e-04 1.522247e-07 2.152916e+01 2.733526e+01 2.763402e+01 3.401919e-03 2.143575e+01 2.722292e+01 2.753849e+01 3.292514e-03 4.128106e-03 4.291679e-03 4.294249e-03 1.527158e+02 
550 57600 9.606159e-05 8.518266e-04 1.582317e-07 2.137589e+01 3.244074e+01 3.286427e+01 3.942072e-03 2.151147e+01 3.249337e+01 3.277482e+01 3.954629e-03 3.936248e-03 3.910007e-03 4.326253e-03 1.734816e+02 
550 67600 9.628399e-05 1.069410e-03 1.462176e-07 2.135981e+01 3.810915e+01 3.859272e+01 4.775841e-03 2.139930e+01 3.813365e+01 3.851267e+01 4.596942e-03 5.444017e-03 6.045981e-03 6.191731e-03 1.961356e+02 
550 78400 9.916020e-05 1.161679e-03 2.304092e-07 2.147720e+01 4.418718e+01 4.482625e+01 5.375024e-03 2.140434e+01 4.417355e+01 4.482362e+01 5.389498e-03 5.333026e-03 5.323578e-03 6.870319e-03 2.209217e+02 
550 90000 9.672223e-05 1.305007e-03 2.443790e-07 2.092205e+01 5.058786e+01 5.149222e+01 6.122751e-03 2.091531e+01 5.051397e+01 5.120999e+01 6.191441e-03 7.067797e-03 7.261858e-03 7.253165e-03 2.456767e+02 
600 400 1.043736e-04 5.418202e-06 1.022127e-07 2.694295e+01 2.448836e-01 2.475374e-01 3.029122e-05 2.694235e+01 2.445024e-01 2.475135e-01 3.010677e-05 3.041141e-05 2.777940e-05 2.790964e-05 5.487002e+01 
600 1600 1.052948e-04 1.722961e-05 9.220093e-08 2.694333e+01 9.775787e-01 9.903038e-01 1.126700e-04 2.694375e+01 9.782684e-01 9.904850e-01 1.108772e-04 1.116566e-04 1.092628e-04 1.075964e-04 5.782443e+01 
600 3600 1.035582e-04 3.570318e-05 8.819625e-08 2.694167e+01 2.200012e+00 2.254589e+00 2.492654e-04 2.695355e+01 2.199249e+00 2.227494e+00 2.454436e-04 2.459164e-04 2.437914e-04 2.449650e-04 6.277797e+01 
600 6400 1.036044e-04 6.715003e-05 1.100358e-07 2.692520e+01 3.914796e+00 3.963424e+00 4.406626e-04 2.695014e+01 3.915032e+00 3.972067e+00 4.355690e-04 4.419106e-04 4.326548e-04 4.874222e-04 6.964310e+01 
600 10000 1.046280e-04 9.802799e-05 6.998889e-08 2.692341e+01 6.119749e+00 6.188920e+00 6.853852e-04 2.692301e+01 6.130329e+00 6.188457e+00 6.792320e-04 6.776198e-04 6.724460e-04 6.771990e-04 7.847751e+01 
600 14400 1.050226e-04 1.473394e-04 1.161825e-07 2.706730e+01 9.423243e+00 9.734362e+00 9.829868e-04 2.705661e+01 9.280893e+00 9.726496e+00 9.775486e-04 1.025642e-03 1.064895e-03 1.064298e-03 9.229431e+01 
600 19600 1.029916e-04 1.966632e-04 1.042150e-07 2.691097e+01 1.198051e+01 1.216006e+01 1.356303e-03 2.691725e+01 1.200837e+01 1.229412e+01 1.332884e-03 1.322661e-03 1.317539e-03 1.322094e-03 1.022783e+02 
600 25600 1.043916e-04 2.588518e-04 1.201872e-07 2.697270e+01 1.571471e+01 1.593339e+01 1.758394e-03 2.698608e+01 1.569380e+01 1.591811e+01 1.742715e-03 2.700474e-03 2.639633e-03 2.797703e-03 1.172308e+02 
600 32400 1.045418e-04 3.405634e-04 1.504086e-07 2.701799e+01 1.987445e+01 2.011911e+01 2.215734e-03 2.701568e+01 1.982910e+01 2.007099e+01 2.200940e-03 2.707897e-03 2.863100e-03 2.865081e-03 1.339407e+02 
600 40000 1.049724e-04 4.495158e-04 2.021901e-07 2.693512e+01 2.453926e+01 2.510350e+01 2.809737e-03 2.694100e+01 2.450145e+01 2.477910e+01 2.714064e-03 3.240034e-03 3.661007e-03 3.717313e-03 1.528162e+02 
600 48400 1.047140e-04 6.043004e-04 1.564156e-07 2.701257e+01 3.237083e+01 3.006432e+01 3.368179e-03 2.695236e+01 3.017312e+01 2.998827e+01 3.319773e-03 3.265941e-03 3.264699e-03 3.259052e-03 1.765787e+02 
600 57600 1.030816e-04 7.875956e-04 1.862179e-07 2.694227e+01 3.532380e+01 3.576973e+01 3.927917e-03 2.695520e+01 3.532949e+01 3.568603e+01 3.907436e-03 4.409579e-03 4.503382e-03 4.815315e-03 1.960290e+02 
600 67600 1.040890e-04 9.924650e-04 1.842156e-07 2.694612e+01 4.152072e+01 4.202024e+01 4.592888e-03 2.695897e+01 4.148787e+01 4.202238e+01 4.589997e-03 4.587568e-03 4.597829e-03 4.953617e-03 2.209808e+02 
600 78400 1.030596e-04 1.068704e-03 1.481734e-07 2.703378e+01 4.811427e+01 5.301453e+01 5.327272e-03 2.704799e+01 4.799839e+01 5.310827e+01 5.420236e-03 5.308522e-03 5.353202e-03 5.960479e-03 2.563458e+02 
600 90000 1.030816e-04 1.312840e-03 1.884066e-07 2.695847e+01 5.531618e+01 5.613674e+01 6.113452e-03 2.696921e+01 5.509482e+01 5.602604e+01 6.364902e-03 7.216156e-03 7.896598e-03 8.442490e-03 2.765389e+02 
650 400 1.140438e-04 6.106962e-06 1.021661e-07 3.395912e+01 2.654128e-01 2.677469e-01 3.317958e-05 3.397137e+01 2.653193e-01 2.679412e-01 3.023497e-05 3.032722e-05 2.783542e-05 2.797958e-05 6.899721e+01 
650 1600 1.119428e-04 1.719357e-05 1.002103e-07 3.392734e+01 1.061036e+00 1.071545e+00 1.139458e-04 3.392303e+01 1.064351e+00 1.072956e+00 1.120790e-04 1.112880e-04 1.080248e-04 1.096774e-04 7.212098e+01 
650 3600 1.134050e-04 3.590956e-05 1.042150e-07 3.395037e+01 2.385463e+00 2.438848e+00 2.501488e-04 3.394726e+01 2.386173e+00 2.410618e+00 2.458742e-04 2.460448e-04 2.453936e-04 2.435250e-04 7.752015e+01 
650 6400 1.111596e-04 6.685760e-05 1.422130e-07 3.393185e+01 4.241228e+00 4.300301e+00 4.390422e-04 3.390374e+01 4.244533e+00 4.294670e+00 4.377924e-04 4.392264e-04 4.355810e-04 4.350324e-04 8.491872e+01 
650 10000 1.121952e-04 9.902162e-05 1.062173e-07 3.390156e+01 6.638832e+00 6.695864e+00 6.863326e-04 3.390748e+01 6.638640e+00 6.696918e+00 6.808544e-04 6.783768e-04 6.715426e-04 6.763798e-04 9.448293e+01 
650 14400 1.120308e-04 1.463320e-04 1.179986e-07 3.406721e+01 1.041814e+01 1.053438e+01 9.861614e-04 3.408482e+01 1.041633e+01 1.052394e+01 9.761026e-04 9.732866e-04 9.740718e-04 9.746566e-04 1.100500e+02 
650 19600 1.115502e-04 1.938108e-04 1.202337e-07 3.388850e+01 1.300231e+01 1.318129e+01 1.340209e-03 3.388935e+01 1.297739e+01 1.312134e+01 1.333018e-03 1.326693e-03 1.323033e-03 1.515725e-03 1.200674e+02 
650 25600 1.127982e-04 2.595186e-04 1.561828e-07 3.391460e+01 1.700021e+01 1.718897e+01 1.772609e-03 3.393610e+01 1.701318e+01 1.717464e+01 1.756780e-03 2.628911e-03 2.726807e-03 2.731187e-03 1.362397e+02 
650 32400 1.112958e-04 3.447558e-04 1.202337e-07 3.390791e+01 2.151906e+01 2.178078e+01 2.210271e-03 3.392522e+01 2.149926e+01 2.195294e+01 2.200246e-03 2.175822e-03 2.178332e-03 2.178197e-03 1.545966e+02 
650 40000 1.127480e-04 4.485142e-04 1.002103e-07 3.395264e+01 2.654724e+01 2.688731e+01 2.722516e-03 3.394850e+01 2.657169e+01 2.688452e+01 2.857323e-03 2.693683e-03 2.690134e-03 3.099670e-03 1.748066e+02 
650 48400 1.142502e-04 5.929916e-04 2.284069e-07 3.398658e+01 3.213545e+01 3.256508e+01 3.332872e-03 3.399349e+01 3.214558e+01 3.251659e+01 3.289117e-03 3.275338e-03 3.878649e-03 4.208152e-03 1.973615e+02 
650 57600 1.134790e-04 7.873490e-04 1.382083e-07 3.399809e+01 3.840811e+01 4.219037e+01 3.925723e-03 3.399622e+01 3.820453e+01 4.217506e+01 3.995184e-03 3.927092e-03 3.904048e-03 3.899652e-03 2.289930e+02 
650 67600 1.128220e-04 1.003785e-03 2.281740e-07 3.398305e+01 4.501134e+01 4.554604e+01 4.603345e-03 3.397506e+01 4.486788e+01 4.537342e+01 4.586761e-03 4.616624e-03 4.632017e-03 5.959398e-03 2.487824e+02 
650 78400 1.129722e-04 1.109229e-03 2.084300e-07 3.390317e+01 5.243323e+01 5.295917e+01 5.394752e-03 3.389391e+01 5.201378e+01 5.272189e+01 5.434321e-03 6.893275e-03 7.151469e-03 8.366405e-03 2.779597e+02 
650 90000 1.130724e-04 1.314947e-03 1.701992e-07 3.390086e+01 5.990900e+01 6.061125e+01 6.121807e-03 3.389145e+01 5.981618e+01 6.070612e+01 6.099049e-03 6.246513e-03 6.273687e-03 6.968819e-03 3.088680e+02 
700 400 1.209942e-04 5.598227e-06 7.599592e-08 4.161042e+01 2.862341e-01 2.884066e-01 3.156099e-05 4.161442e+01 2.859340e-01 2.884396e-01 3.004279e-05 3.048740e-05 2.787160e-05 2.787742e-05 8.437416e+01 
700 1600 1.219096e-04 1.761219e-05 1.142267e-07 4.167150e+01 1.142922e+00 1.153646e+00 1.144044e-04 4.166766e+01 1.142231e+00 1.153628e+00 1.120650e-04 1.116824e-04 1.077946e-04 1.091746e-04 8.793233e+01 
700 3600 1.218716e-04 3.628419e-05 7.022172e-08 4.162936e+01 2.573965e+00 2.599975e+00 2.497962e-04 4.161150e+01 2.565940e+00 2.599286e+00 2.501166e-04 2.472386e-04 2.438492e-04 2.456260e-04 9.358146e+01 
700 6400 1.215352e-04 6.513298e-05 1.102220e-07 4.168649e+01 4.575426e+00 4.621668e+00 4.406804e-04 4.170045e+01 4.599239e+00 4.651497e+00 4.386296e-04 4.390724e-04 4.346256e-04 4.334638e-04 1.018372e+02 
700 10000 1.220398e-04 9.753141e-05 1.001637e-07 4.163048e+01 7.138323e+00 7.233435e+00 6.850968e-04 4.165739e+01 7.153226e+00 7.222045e+00 6.809306e-04 6.747936e-04 6.747694e-04 6.755186e-04 1.120385e+02 
700 14400 1.214810e-04 1.421960e-04 8.996576e-08 4.167811e+01 1.032276e+01 1.054224e+01 9.857988e-04 4.169403e+01 1.030244e+01 1.040212e+01 9.784678e-04 9.727354e-04 1.146584e-03 1.153523e-03 1.249472e+02 
700 19600 1.185728e-04 1.927170e-04 9.220093e-08 4.164489e+01 1.404823e+01 1.427938e+01 1.338939e-03 4.163844e+01 1.403021e+01 1.418050e+01 1.331618e-03 1.329849e-03 1.334578e-03 1.321623e-03 1.398287e+02 
700 25600 1.198326e-04 2.571230e-04 1.342036e-07 4.163689e+01 1.832946e+01 1.853692e+01 1.757735e-03 4.164582e+01 1.828737e+01 1.847386e+01 1.764547e-03 2.675473e-03 2.704884e-03 2.798967e-03 1.569225e+02 
700 32400 1.213308e-04 3.448098e-04 1.422130e-07 4.156351e+01 2.340392e+01 2.351254e+01 2.260356e-03 4.159027e+01 2.315525e+01 2.340906e+01 2.201124e-03 2.185138e-03 2.184649e-03 2.181775e-03 1.766461e+02 
700 40000 1.196182e-04 4.554466e-04 1.722015e-07 4.177208e+01 3.126744e+01 3.151588e+01 2.720969e-03 4.180779e+01 3.126141e+01 3.157135e+01 2.715216e-03 3.058934e-03 3.115462e-03 3.112718e-03 2.092113e+02 
700 48400 1.215970e-04 5.997676e-04 2.803747e-07 4.186993e+01 3.473129e+01 3.510423e+01 3.344579e-03 4.185530e+01 3.472990e+01 3.498049e+01 3.289758e-03 3.270056e-03 3.263775e-03 4.121935e-03 2.232892e+02 
700 57600 1.194620e-04 7.883626e-04 1.502223e-07 4.181162e+01 4.125879e+01 4.169714e+01 3.922627e-03 4.183408e+01 4.150826e+01 4.170970e+01 3.911558e-03 3.962085e-03 4.487811e-03 4.628370e-03 2.498414e+02 
700 67600 1.216392e-04 9.969414e-04 2.162065e-07 4.185446e+01 5.285877e+01 5.336371e+01 4.657583e-03 4.181740e+01 5.287627e+01 5.331409e+01 4.634509e-03 4.703410e-03 5.171682e-03 5.330242e-03 2.961104e+02 
700 78400 1.215110e-04 1.160369e-03 1.821667e-07 4.161821e+01 5.629059e+01 5.676267e+01 5.330736e-03 4.164490e+01 5.622966e+01 5.683495e+01 5.317715e-03 6.892565e-03 7.446677e-03 7.469182e-03 3.094148e+02 
700 90000 1.196684e-04 1.253782e-03 1.521781e-07 4.162230e+01 6.462173e+01 6.523607e+01 6.136651e-03 4.162448e+01 6.441134e+01 6.513150e+01 6.230417e-03 7.311638e-03 8.304577e-03 8.911205e-03 3.426857e+02 
750 400 1.303062e-04 5.650381e-06 1.300126e-07 5.123771e+01 3.059135e-01 3.087624e-01 3.063562e-05 5.124060e+01 3.062358e-01 3.088465e-01 3.199959e-05 2.992060e-05 2.800380e-05 2.787742e-05 1.037084e+02 
750 1600 1.285336e-04 1.677698e-05 1.101755e-07 5.127832e+01 1.223141e+00 1.235363e+00 1.122012e-04 5.127425e+01 1.223853e+00 1.235979e+00 1.104708e-04 1.116604e-04 1.093390e-04 1.077166e-04 1.074717e+02 
750 3600 1.299016e-04 3.627618e-05 1.362059e-07 5.124939e+01 2.754204e+00 2.783249e+00 2.490530e-04 5.124540e+01 2.757079e+00 2.775079e+00 2.460626e-04 2.471064e-04 2.438152e-04 2.440698e-04 1.135658e+02 
750 6400 1.290522e-04 6.375876e-05 9.420328e-08 5.121815e+01 4.908347e+00 4.958129e+00 4.426336e-04 5.124544e+01 4.908654e+00 4.932906e+00 4.359556e-04 4.376400e-04 4.334320e-04 4.347218e-04 1.221740e+02 
750 10000 1.292606e-04 9.956639e-05 1.504086e-07 5.126486e+01 7.651374e+00 7.749748e+00 6.863428e-04 5.115580e+01 7.654801e+00 7.710249e+00 6.807404e-04 6.773154e-04 6.754484e-04 6.801154e-04 1.331905e+02 
750 14400 1.285756e-04 1.455068e-04 1.042150e-07 5.143209e+01 1.105567e+01 1.116622e+01 9.865398e-04 5.142835e+01 1.103138e+01 1.116091e+01 9.977368e-04 9.715880e-04 9.695728e-04 9.746684e-04 1.472798e+02 
750 19600 1.294790e-04 1.963166e-04 1.704320e-07 5.124636e+01 1.504740e+01 1.517568e+01 1.341927e-03 5.125536e+01 1.499814e+01 1.515430e+01 1.331662e-03 1.329561e-03 1.490805e-03 1.532433e-03 1.628846e+02 
750 25600 1.293046e-04 2.630860e-04 1.201872e-07 5.130108e+01 2.143286e+01 1.984539e+01 1.754773e-03 5.129773e+01 2.142111e+01 1.978013e+01 1.748531e-03 2.640070e-03 2.701499e-03 2.718393e-03 1.850903e+02 
750 32400 1.290902e-04 3.385144e-04 1.562294e-07 5.137697e+01 2.487914e+01 2.527553e+01 2.204925e-03 5.117153e+01 2.495381e+01 2.506215e+01 2.198770e-03 2.184663e-03 2.183666e-03 2.179698e-03 2.027306e+02 
750 40000 1.293508e-04 4.571470e-04 1.422130e-07 5.139070e+01 3.071708e+01 3.123294e+01 2.729547e-03 5.118566e+01 3.060533e+01 3.099951e+01 2.713082e-03 2.901543e-03 3.010738e-03 3.030794e-03 2.261462e+02 
750 48400 1.339476e-04 6.117514e-04 1.983717e-07 5.136726e+01 3.718579e+01 3.756918e+01 3.295668e-03 5.135451e+01 3.708634e+01 3.746211e+01 3.308990e-03 3.279113e-03 3.255710e-03 3.533206e-03 2.520426e+02 
750 57600 1.295190e-04 7.897444e-04 2.001878e-07 5.128312e+01 4.459250e+01 4.471617e+01 3.955603e-03 5.120170e+01 4.426506e+01 4.461190e+01 3.911460e-03 4.269882e-03 4.618541e-03 4.747165e-03 2.806929e+02 
750 67600 1.296992e-04 1.000294e-03 2.163928e-07 5.124392e+01 5.187494e+01 5.245906e+01 4.656478e-03 5.125504e+01 5.185999e+01 5.231926e+01 4.635949e-03 4.590946e-03 4.583391e-03 5.866272e-03 3.110377e+02 
750 78400 1.300536e-04 1.088412e-03 1.444016e-07 5.143245e+01 6.028364e+01 6.091945e+01 5.546377e-03 5.127671e+01 6.007922e+01 6.076840e+01 5.424186e-03 5.307488e-03 5.314646e-03 5.617315e-03 3.447884e+02 
750 90000 1.293108e-04 1.311180e-03 1.681969e-07 5.135260e+01 7.547372e+01 6.986752e+01 6.174225e-03 5.134412e+01 7.554850e+01 6.978547e+01 6.104163e-03 7.538710e-03 7.935938e-03 8.466378e-03 3.934096e+02 
800 400 1.383140e-04 5.722605e-06 1.242384e-07 6.193858e+01 3.269316e-01 3.304670e-01 3.093220e-05 6.192948e+01 3.261755e-01 3.293420e-01 2.939780e-05 2.998859e-05 2.921559e-05 2.779937e-05 1.251813e+02 
800 1600 1.377252e-04 1.691920e-05 8.600764e-08 6.195578e+01 1.305444e+00 1.317892e+00 1.120950e-04 6.196206e+01 1.305734e+00 1.318144e+00 1.106510e-04 1.118208e-04 1.096996e-04 1.078186e-04 1.291658e+02 
800 3600 1.386666e-04 3.633220e-05 9.220093e-08 6.194701e+01 2.942644e+00 2.970391e+00 2.489810e-04 6.194250e+01 2.941972e+00 2.961339e+00 2.465132e-04 2.475508e-04 2.447006e-04 2.464352e-04 1.357073e+02 
800 6400 1.381418e-04 6.544739e-05 9.019859e-08 6.199864e+01 5.229901e+00 5.294931e+00 4.414480e-04 6.199521e+01 5.218372e+00 5.272001e+00 4.352584e-04 4.372294e-04 4.333618e-04 4.342750e-04 1.450115e+02 
800 10000 1.381418e-04 9.677419e-05 1.362059e-07 6.193193e+01 8.176166e+00 8.273630e+00 6.848144e-04 6.192888e+01 8.171363e+00 8.238235e+00 6.802434e-04 6.787272e-04 6.741124e-04 6.767064e-04 1.567239e+02 
800 14400 1.376312e-04 1.429170e-04 9.397045e-08 6.195078e+01 1.179639e+01 1.190000e+01 9.867042e-04 6.196639e+01 1.177986e+01 1.189798e+01 9.781434e-04 9.687956e-04 9.716618e-04 9.728876e-04 1.712966e+02 
800 19600 1.364954e-04 1.931980e-04 1.081731e-07 6.211327e+01 1.615230e+01 1.621242e+01 1.337872e-03 6.210657e+01 1.601130e+01 1.618423e+01 1.329833e-03 1.321072e-03 1.500498e-03 1.526859e-03 1.887875e+02 
800 25600 1.380016e-04 2.569268e-04 7.818453e-08 6.206026e+01 2.096456e+01 2.116681e+01 1.753943e-03 6.197404e+01 2.092040e+01 2.114676e+01 1.819114e-03 2.692726e-03 2.746122e-03 2.742576e-03 2.082450e+02 
800 32400 1.360546e-04 3.396580e-04 9.001233e-08 6.196425e+01 2.652014e+01 2.675750e+01 2.204811e-03 6.198245e+01 2.660028e+01 2.678250e+01 2.197360e-03 2.180601e-03 2.177571e-03 2.180900e-03 2.306186e+02 
800 40000 1.360088e-04 4.589880e-04 2.002344e-07 6.194616e+01 3.278013e+01 3.313020e+01 2.781152e-03 6.193926e+01 3.268096e+01 3.303052e+01 2.770622e-03 2.694368e-03 2.692159e-03 2.697113e-03 2.555215e+02 
800 48400 1.376632e-04 6.033188e-04 1.984183e-07 6.194415e+01 3.967851e+01 4.008916e+01 3.296648e-03 6.195527e+01 3.958322e+01 3.997044e+01 3.356461e-03 3.940437e-03 4.073137e-03 4.070473e-03 2.832403e+02 
800 57600 1.377954e-04 7.457572e-04 1.941808e-07 6.197227e+01 4.721232e+01 4.768183e+01 3.929903e-03 6.196269e+01 4.708312e+01 4.759250e+01 3.904375e-03 4.386187e-03 4.498857e-03 4.586121e-03 3.135270e+02 
800 67600 1.374770e-04 9.796958e-04 1.983717e-07 6.227085e+01 5.549625e+01 5.598920e+01 4.648628e-03 6.229490e+01 5.539633e+01 5.593780e+01 4.633133e-03 4.698899e-03 5.489421e-03 6.651340e-03 3.474126e+02 
800 78400 1.374068e-04 1.109862e-03 2.223998e-07 6.206210e+01 6.441303e+01 6.506810e+01 5.446432e-03 6.200523e+01 6.431688e+01 6.474087e+01 5.418286e-03 5.462953e-03 6.715553e-03 6.963993e-03 3.826375e+02 
800 90000 1.365032e-04 1.294715e-03 1.781620e-07 6.196317e+01 7.376296e+01 7.498122e+01 6.118095e-03 6.197687e+01 7.379026e+01 7.481810e+01 6.250336e-03 6.593261e-03 7.983474e-03 8.279599e-03 4.213293e+02 
850 400 1.455188e-04 5.504210e-06 1.162291e-07 7.344337e+01 3.469892e-01 3.513262e-01 3.163097e-05 7.344617e+01 3.471600e-01 3.503063e-01 3.212178e-05 2.997681e-05 2.788762e-05 2.784762e-05 1.482857e+02 
850 1600 1.445734e-04 1.718760e-05 1.162291e-07 7.335141e+01 1.390933e+00 1.401002e+00 1.139076e-04 7.333683e+01 1.386684e+00 1.397564e+00 1.126898e-04 1.106768e-04 1.091046e-04 1.097574e-04 1.522652e+02 
850 3600 1.451824e-04 3.800481e-05 1.121778e-07 7.326219e+01 3.123125e+00 3.151708e+00 2.484362e-04 7.324720e+01 3.120161e+00 3.143852e+00 2.464332e-04 2.474426e-04 2.444202e-04 2.440236e-04 1.590497e+02 
850 6400 1.463680e-04 6.622681e-05 8.023344e-08 7.350348e+01 5.552013e+00 5.619373e+00 4.394086e-04 7.353052e+01 5.554403e+00 5.599016e+00 4.360276e-04 4.385034e-04 4.339446e-04 4.335700e-04 1.693612e+02 
850 10000 1.457670e-04 9.990102e-05 6.821938e-08 7.342117e+01 9.494525e+00 9.565248e+00 6.874142e-04 7.344291e+01 9.465993e+00 9.538291e+00 6.787834e-04 6.785868e-04 6.745090e-04 6.763396e-04 1.849318e+02 
850 14400 1.471674e-04 1.444612e-04 1.162291e-07 7.316856e+01 1.251693e+01 1.263030e+01 9.868924e-04 7.315978e+01 1.248371e+01 1.259957e+01 9.776126e-04 9.745860e-04 9.712312e-04 9.708886e-04 1.965641e+02 
850 19600 1.461176e-04 1.963006e-04 9.620562e-08 7.312095e+01 1.704510e+01 1.717722e+01 1.340095e-03 7.314664e+01 1.704040e+01 1.726878e+01 1.332900e-03 1.320788e-03 1.322052e-03 1.322755e-03 2.148061e+02 
850 25600 1.456970e-04 2.578864e-04 1.002103e-07 7.313105e+01 2.225529e+01 2.251939e+01 1.756113e-03 7.312314e+01 2.224220e+01 2.255219e+01 1.743988e-03 2.713387e-03 2.698939e-03 2.746448e-03 2.358354e+02 
850 32400 1.442448e-04 3.444152e-04 8.419156e-08 7.310315e+01 2.824702e+01 2.870250e+01 2.210017e-03 7.310887e+01 2.822791e+01 2.883306e+01 2.224659e-03 2.180002e-03 2.178987e-03 2.178003e-03 2.602340e+02 
850 40000 1.451580e-04 4.609682e-04 1.602340e-07 7.343850e+01 3.482583e+01 3.517025e+01 2.723885e-03 7.341031e+01 3.484368e+01 3.507005e+01 2.739070e-03 2.696022e-03 3.046564e-03 3.115821e-03 2.867736e+02 
850 48400 1.447316e-04 6.060106e-04 2.122018e-07 7.347911e+01 4.215651e+01 4.250198e+01 3.336643e-03 7.358937e+01 4.203320e+01 4.259633e+01 3.319866e-03 3.261683e-03 3.264924e-03 3.256349e-03 3.163737e+02 
850 57600 1.464062e-04 7.706044e-04 2.124347e-07 7.351623e+01 5.017413e+01 5.051984e+01 3.925911e-03 7.335259e+01 5.001957e+01 5.071077e+01 3.952000e-03 3.902212e-03 4.879723e-03 5.036180e-03 3.483158e+02 
850 67600 1.436380e-04 9.079488e-04 2.304092e-07 7.394965e+01 6.434304e+01 6.478395e+01 4.602806e-03 7.382913e+01 6.431662e+01 5.954778e+01 4.683831e-03 4.757595e-03 5.122945e-03 5.282737e-03 4.007957e+02 
850 78400 1.462038e-04 1.110779e-03 2.281740e-07 7.408227e+01 7.461017e+01 7.521597e+01 5.389824e-03 7.398074e+01 7.459881e+01 7.029813e+01 5.669121e-03 5.510160e-03 6.536325e-03 6.727221e-03 4.428172e+02 
850 90000 1.460016e-04 1.259763e-03 2.163928e-07 7.399635e+01 8.562195e+01 8.631803e+01 6.113855e-03 7.401123e+01 8.412659e+01 8.636926e+01 6.190061e-03 6.706753e-03 6.677699e-03 6.685960e-03 4.904772e+02 
900 400 1.552952e-04 5.574385e-06 6.798655e-08 8.641512e+01 3.682187e-01 3.713308e-01 3.022300e-05 8.632558e+01 3.672089e-01 3.701502e-01 3.033918e-05 3.035120e-05 2.772142e-05 2.791937e-05 1.742180e+02 
900 1600 1.540696e-04 1.728581e-05 4.819594e-08 8.634607e+01 1.471270e+00 1.485058e+00 1.122712e-04 8.635271e+01 1.466963e+00 1.480183e+00 1.103524e-04 1.119148e-04 1.092448e-04 1.080670e-04 1.786030e+02 
900 3600 1.542638e-04 3.577122e-05 8.000061e-08 8.604589e+01 3.337397e+00 3.372607e+00 2.490192e-04 8.604763e+01 3.299405e+00 3.331909e+00 2.461108e-04 2.464410e-04 2.438812e-04 2.455638e-04 1.854363e+02 
900 6400 1.541136e-04 6.375704e-05 6.202608e-08 8.603713e+01 5.883451e+00 5.924844e+00 4.402340e-04 8.601024e+01 5.866211e+00 5.942075e+00 4.420526e-04 4.393066e-04 4.349160e-04 4.363742e-04 1.956664e+02 
900 10000 1.545562e-04 9.972882e-05 1.202337e-07 8.633939e+01 1.002180e+01 1.008646e+01 6.989956e-04 8.617082e+01 9.837988e+00 9.382965e+00 6.789716e-04 6.781466e-04 6.759954e-04 6.771430e-04 2.118431e+02 
900 14400 1.546244e-04 1.432074e-04 7.799827e-08 8.604776e+01 1.326762e+01 1.341033e+01 9.842386e-04 8.607851e+01 1.326956e+01 1.334159e+01 9.778170e-04 9.726532e-04 9.729318e-04 1.096678e-03 2.254207e+02 
900 19600 1.523690e-04 1.944838e-04 6.617047e-08 8.610562e+01 1.803764e+01 1.826481e+01 1.338136e-03 8.609655e+01 1.807949e+01 1.820688e+01 1.332433e-03 1.326557e-03 1.395754e-03 1.400771e-03 2.447982e+02 
900 25600 1.528798e-04 2.569990e-04 7.622875e-08 8.613417e+01 2.359768e+01 2.382315e+01 1.753314e-03 8.604342e+01 2.359402e+01 2.384051e+01 1.747277e-03 2.662241e-03 2.712778e-03 2.728505e-03 2.670450e+02 
900 32400 1.526554e-04 3.471792e-04 1.201872e-07 8.625170e+01 2.995187e+01 3.021976e+01 2.241448e-03 8.623104e+01 2.987545e+01 3.052279e+01 2.204062e-03 2.182480e-03 2.543504e-03 2.588205e-03 2.930649e+02 
900 40000 1.539514e-04 4.688126e-04 1.161825e-07 8.647757e+01 3.691553e+01 3.723522e+01 2.731927e-03 8.643839e+01 3.681096e+01 3.714045e+01 2.778564e-03 2.698391e-03 3.314372e-03 3.411852e-03 3.210337e+02 
900 48400 1.568676e-04 5.807674e-04 2.261717e-07 8.661083e+01 4.466428e+01 4.518424e+01 3.294469e-03 8.661153e+01 4.452374e+01 4.521103e+01 3.285896e-03 3.267919e-03 3.265732e-03 3.259310e-03 3.528228e+02 
900 57600 1.526596e-04 7.964328e-04 1.462176e-07 8.633736e+01 5.317590e+01 5.363057e+01 3.928800e-03 8.633318e+01 5.300649e+01 5.373268e+01 4.081853e-03 4.800347e-03 5.100791e-03 5.093965e-03 3.862402e+02 
900 67600 1.545864e-04 9.649778e-04 1.861714e-07 8.645708e+01 6.240018e+01 6.297356e+01 4.752836e-03 8.646148e+01 6.227937e+01 6.278986e+01 4.588305e-03 4.621414e-03 4.738102e-03 5.872742e-03 4.233873e+02 
900 78400 1.522890e-04 1.128712e-03 1.981854e-07 8.639687e+01 7.236667e+01 7.307601e+01 5.569050e-03 8.638874e+01 7.214050e+01 7.283014e+01 5.373502e-03 5.321599e-03 6.873714e-03 7.481596e-03 4.632309e+02 
900 90000 1.537952e-04 1.289483e-03 2.001878e-07 8.653679e+01 8.325674e+01 8.386908e+01 6.252212e-03 8.654840e+01 8.314871e+01 8.389136e+01 6.177408e-03 7.593406e-03 8.621462e-03 8.741170e-03 5.072900e+02 
950 400 1.632392e-04 5.566189e-06 9.001233e-08 1.006125e+02 3.884327e-01 3.918662e-01 3.040722e-05 1.006000e+02 3.879034e-01 3.905031e-01 3.043320e-05 3.031320e-05 2.788762e-05 2.938178e-05 2.027715e+02 
950 1600 1.631410e-04 1.706542e-05 5.001202e-08 1.005886e+02 1.553895e+00 1.567196e+00 1.134652e-04 1.005820e+02 1.548379e+00 1.562370e+00 1.100700e-04 1.117084e-04 1.076404e-04 1.089242e-04 2.074032e+02 
950 3600 1.608616e-04 3.735758e-05 1.021661e-07 1.002464e+02 3.495790e+00 3.529052e+00 2.501528e-04 1.002451e+02 3.482999e+00 3.514493e+00 2.474166e-04 2.459564e-04 2.436412e-04 2.431544e-04 2.145153e+02 
950 6400 1.623538e-04 6.395341e-05 7.222407e-08 1.002237e+02 6.208675e+00 6.284760e+00 4.425514e-04 1.002496e+02 6.197016e+00 6.281168e+00 4.412916e-04 4.382390e-04 4.611892e-04 4.599674e-04 2.254474e+02 
950 10000 1.624542e-04 9.981883e-05 6.402843e-08 1.007097e+02 1.058787e+01 1.064848e+01 6.866672e-04 1.005103e+02 1.030551e+01 1.002036e+01 6.811870e-04 7.142482e-04 7.183924e-04 7.194720e-04 2.427860e+02 
950 14400 1.627444e-04 1.437804e-04 5.997717e-08 1.003974e+02 1.405732e+01 1.410903e+01 9.850598e-04 1.004070e+02 1.399822e+01 1.416016e+01 9.943036e-04 9.743118e-04 9.713894e-04 9.742778e-04 2.571344e+02 
950 19600 1.628988e-04 1.928092e-04 9.001233e-08 1.006053e+02 2.039598e+01 2.090610e+01 1.340489e-03 1.006440e+02 2.010727e+01 2.092039e+01 1.330569e-03 1.407784e-03 1.405300e-03 1.406077e-03 2.835863e+02 
950 25600 1.624300e-04 2.612492e-04 9.797513e-08 1.002891e+02 2.493741e+01 2.515603e+01 1.761292e-03 1.002922e+02 2.495174e+01 2.519362e+01 1.768625e-03 2.669788e-03 2.726919e-03 2.737659e-03 3.008322e+02 
950 32400 1.633794e-04 3.355040e-04 6.998889e-08 1.007113e+02 3.147351e+01 3.203523e+01 2.212999e-03 1.007252e+02 3.157707e+01 3.181599e+01 2.198676e-03 2.176449e-03 2.520484e-03 2.587421e-03 3.283506e+02 
950 40000 1.622718e-04 4.635848e-04 1.722015e-07 1.009102e+02 4.254106e+01 4.281868e+01 2.757909e-03 1.009478e+02 4.252757e+01 4.282376e+01 2.806277e-03 2.699959e-03 2.698372e-03 2.692432e-03 3.725834e+02 
950 48400 1.611882e-04 6.080620e-04 1.482200e-07 1.005366e+02 4.710385e+01 4.752257e+01 3.326867e-03 1.005617e+02 4.701774e+01 4.741206e+01 3.288674e-03 3.259847e-03 3.264792e-03 3.256532e-03 3.901717e+02 
950 57600 1.628224e-04 7.826880e-04 1.944136e-07 1.005187e+02 5.598977e+01 5.647829e+01 3.918943e-03 1.006023e+02 5.602574e+01 5.673252e+01 3.913453e-03 4.203076e-03 4.263330e-03 4.256159e-03 4.263689e+02 
950 67600 1.618110e-04 9.232256e-04 1.782086e-07 1.005673e+02 6.576210e+01 6.656931e+01 4.595159e-03 1.009715e+02 6.585526e+01 6.632546e+01 4.635246e-03 4.627671e-03 4.635483e-03 4.916796e-03 4.660755e+02 
950 78400 1.622498e-04 1.061339e-03 1.802109e-07 1.006603e+02 7.632175e+01 7.706388e+01 5.615331e-03 1.006516e+02 7.640946e+01 7.684380e+01 5.373879e-03 6.147620e-03 6.647186e-03 6.623685e-03 5.079824e+02 
950 90000 1.618232e-04 1.307404e-03 2.043787e-07 1.009307e+02 8.762790e+01 9.645771e+01 6.192348e-03 1.009721e+02 8.787990e+01 9.647186e+01 6.167959e-03 6.424067e-03 7.028932e-03 7.260844e-03 5.703747e+02 
1000 400 1.703218e-04 5.570194e-06 6.821938e-08 1.176750e+02 4.095007e-01 4.125880e-01 3.059581e-05 1.177045e+02 4.077270e-01 4.110966e-01 2.926560e-05 3.004484e-05 2.778335e-05 2.774340e-05 2.370208e+02 
1000 1600 1.714474e-04 1.717359e-05 5.001202e-08 1.175992e+02 1.636486e+00 1.650094e+00 1.142582e-04 1.173102e+02 1.633647e+00 1.644054e+00 1.103646e-04 1.119108e-04 1.079648e-04 1.092468e-04 2.414744e+02 
1000 3600 1.708586e-04 3.591939e-05 9.401701e-08 1.171601e+02 3.687661e+00 3.710886e+00 2.488848e-04 1.171620e+02 3.678281e+00 3.738459e+00 2.460486e-04 2.467658e-04 2.442358e-04 2.451272e-04 2.491389e+02 
1000 6400 1.708746e-04 6.494881e-05 8.419156e-08 1.171828e+02 6.525113e+00 6.605168e+00 4.394288e-04 1.171879e+02 6.546163e+00 6.608900e+00 4.404182e-04 4.367988e-04 4.339928e-04 4.325546e-04 2.606585e+02 
1000 10000 1.714034e-04 9.753942e-05 9.196810e-08 1.171805e+02 1.022227e+01 1.033374e+01 6.860884e-04 1.171809e+02 1.024802e+01 1.029037e+01 6.798430e-04 6.789576e-04 6.735416e-04 6.775996e-04 2.754595e+02 
1000 14400 1.705182e-04 1.427428e-04 5.019829e-08 1.172350e+02 1.479149e+01 1.505975e+01 9.861894e-04 1.173139e+02 1.476244e+01 1.484094e+01 9.935884e-04 9.751510e-04 9.741274e-04 9.730158e-04 2.940088e+02 
1000 19600 1.708566e-04 1.942094e-04 9.001233e-08 1.173786e+02 2.008560e+01 2.029746e+01 1.342581e-03 1.173730e+02 2.003223e+01 2.020526e+01 1.334691e-03 1.326737e-03 1.511340e-03 1.525141e-03 3.153796e+02 
1000 25600 1.698530e-04 2.620244e-04 1.221895e-07 1.179328e+02 2.619932e+01 2.645121e+01 1.804118e-03 1.175502e+02 2.617301e+01 2.642458e+01 1.751752e-03 2.632827e-03 2.681886e-03 2.754248e-03 3.407432e+02 
1000 32400 1.707524e-04 3.409720e-04 1.762062e-07 1.172284e+02 3.328519e+01 3.365264e+01 2.212242e-03 1.173462e+02 3.317623e+01 3.355401e+01 2.201064e-03 2.180268e-03 2.555358e-03 2.589667e-03 3.682550e+02 
1000 40000 1.693624e-04 4.591742e-04 1.782086e-07 1.175222e+02 4.112241e+01 4.138081e+01 2.799311e-03 1.174780e+02 4.096403e+01 4.131635e+01 2.713361e-03 2.697873e-03 2.693619e-03 2.900353e-03 3.997983e+02 
1000 48400 1.705120e-04 6.084706e-04 1.842156e-07 1.176315e+02 4.961200e+01 5.003797e+01 3.304161e-03 1.176332e+02 4.953442e+01 5.024034e+01 3.287784e-03 3.260638e-03 3.260488e-03 3.997668e-03 4.347074e+02 
1000 57600 1.707644e-04 7.845388e-04 2.023764e-07 1.178981e+02 6.449175e+01 5.958445e+01 3.967708e-03 1.179431e+02 6.452873e+01 5.948678e+01 3.949238e-03 4.440310e-03 4.608458e-03 4.615044e-03 4.839555e+02 
1000 67600 1.685712e-04 9.237784e-04 1.821667e-07 1.175707e+02 6.942883e+01 6.993916e+01 4.750538e-03 1.176421e+02 6.965733e+01 7.030353e+01 4.684429e-03 5.267670e-03 6.292044e-03 6.415665e-03 5.145703e+02 
1000 78400 1.702738e-04 1.107995e-03 2.424233e-07 1.177065e+02 8.040168e+01 8.150462e+01 5.729166e-03 1.176727e+02 8.052908e+01 8.105078e+01 5.430697e-03 5.319826e-03 5.792158e-03 5.806257e-03 5.588948e+02 
1000 90000 1.687534e-04 1.267222e-03 1.742039e-07 1.179492e+02 9.287094e+01 9.329563e+01 6.192279e-03 1.179323e+02 9.230607e+01 9.328870e+01 6.363820e-03 6.873882e-03 7.745010e-03 8.834459e-03 6.076802e+02 
