100 2500 6.993962e-03 2.563731e-05 3.608875e-08 1.040773e-02 6.921152e-05 4.098822e-04 2.625364e-01 4.390198e-03 4.623060e-03 6.814892e-05 1.016790e-03 6.726570e-05 4.179192e-04 2.522448e-01 4.363377e-03 4.597620e-03 1.416199e-04 7.069069e-05 6.951699e-05 6.882302e-05 5.526052e-01 
100 10000 6.001849e-04 8.972818e-05 2.500601e-08 1.239151e-03 7.146592e-05 4.127595e-04 2.619557e-01 1.572043e-02 1.620638e-02 1.837198e-04 1.011718e-03 5.747401e-05 3.222761e-04 2.514663e-01 1.509401e-02 1.618682e-02 5.621219e-04 1.014818e-04 8.070869e-05 8.397163e-05 5.814634e-01 
100 22500 6.030262e-04 2.025931e-04 4.610047e-08 1.237134e-03 7.608281e-05 4.223779e-04 2.656306e-01 3.408535e-02 3.607029e-02 3.777982e-04 1.003877e-03 6.139083e-05 3.240278e-04 2.584596e-01 3.391588e-02 3.635316e-02 1.266389e-03 1.301016e-04 1.307997e-04 1.251383e-04 6.704917e-01 
100 40000 6.495017e-04 3.850670e-04 4.507601e-08 1.255395e-03 7.577538e-05 4.184760e-04 2.670385e-01 6.228255e-02 6.608488e-02 6.743128e-04 1.139523e-03 6.090309e-05 3.245045e-04 2.519307e-01 6.129618e-02 6.567955e-02 2.286756e-03 1.364993e-04 1.301828e-04 1.275499e-04 7.819960e-01 
100 62500 6.511147e-03 7.079171e-04 8.018687e-08 1.240682e-03 7.803780e-05 4.112473e-04 2.605354e-01 9.487044e-02 1.151673e-01 1.065553e-03 1.014591e-03 6.191661e-05 3.233798e-04 2.715339e-01 9.574742e-02 1.026715e-01 3.536616e-03 1.944539e-04 1.683488e-04 1.685863e-04 9.560291e-01 
100 90000 2.596245e-03 1.224625e-03 6.705523e-08 1.334574e-03 8.065873e-05 4.306193e-04 2.866803e-01 1.680470e-01 1.664942e-01 1.564295e-03 1.043789e-03 5.467376e-05 3.310633e-04 2.512974e-01 1.510255e-01 1.668731e-01 5.027862e-03 3.250132e-04 2.370477e-04 2.265419e-04 1.204918e+00 
200 2500 6.715997e-04 2.835440e-05 4.111789e-08 4.683026e-03 6.656661e-05 9.974102e-04 1.196240e+00 8.374524e-03 8.498527e-03 6.436929e-05 3.869853e-03 5.465783e-05 7.608764e-04 1.200206e+00 8.371930e-03 8.507582e-03 1.414166e-04 5.998579e-05 5.859570e-05 5.861269e-05 2.441732e+00 
200 10000 5.868199e-04 8.972418e-05 2.603047e-08 4.675424e-03 7.074578e-05 9.606983e-04 1.169408e+00 3.101447e-02 3.210076e-02 1.863778e-04 3.850782e-03 5.532079e-05 7.390687e-04 1.176618e+00 3.101075e-02 3.214026e-02 5.672997e-04 1.001839e-04 8.161510e-05 8.460758e-05 2.484356e+00 
200 22500 5.873978e-04 2.028615e-04 4.009344e-08 4.724584e-03 7.548491e-05 1.001332e-03 1.183295e+00 7.050856e-02 7.304035e-02 3.827767e-04 3.877075e-03 6.916951e-05 7.533180e-04 1.222627e+00 7.089755e-02 7.351420e-02 1.259230e-03 1.341717e-04 1.262829e-04 1.253966e-04 2.707221e+00 
200 40000 6.855146e-04 4.000605e-04 6.509945e-08 4.699447e-03 7.330170e-05 9.879220e-04 1.225503e+00 1.264062e-01 1.294266e-01 6.715247e-04 3.872671e-03 6.354111e-05 7.435875e-04 1.226835e+00 1.287483e-01 1.314030e-01 2.238273e-03 1.454616e-04 1.347075e-04 1.335007e-04 2.983189e+00 
200 62500 3.027340e-01 6.852702e-04 8.209608e-08 4.239924e-02 1.166023e-02 2.522087e-02 1.442829e+00 2.000944e-01 2.054192e-01 1.048667e-03 3.875427e-03 6.173640e-05 7.585738e-04 1.163277e+00 1.992667e-01 2.067014e-01 3.527131e-03 2.046722e-04 1.661446e-04 1.664981e-04 3.810126e+00 
200 90000 6.993162e-04 1.233426e-03 6.509945e-08 4.690685e-03 7.596160e-05 9.967963e-04 1.183002e+00 2.950687e-01 3.143569e-01 1.555449e-03 3.870087e-03 6.141192e-05 7.824877e-04 1.213140e+00 2.936241e-01 3.149597e-01 5.033134e-03 2.870464e-04 2.500812e-04 2.382425e-04 3.633950e+00 
300 2500 6.906082e-04 2.658982e-05 2.598390e-08 1.046475e-02 7.703523e-05 2.029480e-03 3.204319e+00 1.261722e-02 1.273806e-02 6.882092e-05 8.671275e-03 7.492811e-05 1.829498e-03 3.159678e+00 1.259148e-02 1.272390e-02 1.406454e-04 7.125461e-05 6.973729e-05 6.847838e-05 6.438968e+00 
300 10000 7.039342e-04 1.038043e-04 3.809109e-08 1.044896e-02 7.273280e-05 2.060433e-03 3.194238e+00 4.713488e-02 4.803834e-02 1.921345e-04 8.699981e-03 7.518949e-05 1.827916e-03 3.196437e+00 4.756372e-02 4.805400e-02 5.607810e-04 1.130060e-04 9.683287e-05 9.209071e-05 6.606532e+00 
300 22500 2.519430e-03 2.013302e-04 5.010515e-08 1.050921e-02 8.424600e-05 2.060788e-03 3.253798e+00 1.075590e-01 1.105870e-01 3.800355e-04 8.685064e-03 7.430417e-05 1.802501e-03 3.230412e+00 1.076692e-01 1.107880e-01 1.288582e-03 1.318202e-04 1.248979e-04 1.257741e-04 6.948817e+00 
300 40000 7.066585e-04 3.917177e-04 6.910414e-08 1.057232e-02 8.427100e-05 2.023436e-03 3.232227e+00 1.982498e-01 2.123833e-01 6.478126e-04 8.617800e-03 6.829407e-05 1.785237e-03 3.180201e+00 2.095096e-01 2.743393e-01 2.541392e-03 1.522706e-04 1.441716e-04 1.413153e-04 7.334812e+00 
300 62500 6.844674e-04 7.904839e-04 7.008202e-08 1.116469e-02 8.497001e-05 2.120709e-03 3.221405e+00 3.827919e-01 4.338665e-01 1.187835e-03 1.120635e-02 8.525737e-05 2.185865e-03 3.277304e+00 3.506132e-01 4.269877e-01 3.972443e-03 2.679536e-02 2.719381e-02 2.654633e-02 8.207022e+00 
300 90000 2.035954e-02 1.229266e-03 8.409843e-08 1.048290e-02 8.737561e-05 2.046570e-03 3.247419e+00 5.150393e-01 5.398777e-01 1.715632e-03 9.527338e-03 8.386853e-05 1.936067e-03 3.195959e+00 4.512836e-01 4.626874e-01 5.063441e-03 2.914380e-04 2.542754e-04 2.391077e-04 8.465609e+00 
400 2500 7.026371e-04 2.657282e-05 4.009344e-08 1.862268e-02 9.653936e-05 3.259926e-03 5.680207e+00 1.763803e-02 1.702249e-02 6.715441e-05 1.544151e-02 8.434211e-05 2.978114e-03 5.650236e+00 1.699839e-02 1.701763e-02 1.411522e-04 7.239431e-05 7.132473e-05 7.100319e-05 1.144077e+01 
400 10000 7.501642e-04 9.008981e-05 3.101304e-08 1.858553e-02 8.808170e-05 3.427438e-03 5.690693e+00 6.556300e-02 6.632682e-02 2.027342e-04 1.539426e-02 8.048941e-05 2.979347e-03 5.684833e+00 6.510182e-02 6.567525e-02 5.618455e-04 1.084422e-04 8.531660e-05 8.527250e-05 1.168065e+01 
400 22500 7.059370e-04 2.048053e-04 3.208406e-08 1.967061e-02 9.662653e-05 3.460334e-03 5.687449e+00 1.931778e-01 1.824884e-01 4.303257e-04 1.705825e-02 9.627910e-05 3.182013e-03 5.515440e+00 1.656981e-01 2.404737e-01 1.528507e-03 1.316930e-04 1.186465e-04 1.171943e-04 1.203155e+01 
400 40000 6.152324e-04 3.977841e-04 3.799796e-08 1.846552e-02 9.063757e-05 3.357279e-03 5.266953e+00 2.645974e-01 2.748797e-01 6.526443e-04 1.542190e-02 7.989649e-05 3.024388e-03 5.468128e+00 2.725170e-01 3.388919e-01 2.604043e-03 1.487335e-04 1.354026e-04 1.349098e-04 1.193112e+01 
400 62500 6.215573e-04 7.619109e-04 5.210750e-08 1.839959e-02 7.988526e-05 3.333177e-03 5.754914e+00 4.960641e-01 4.576771e-01 1.001612e-03 1.533095e-02 8.397237e-05 2.982696e-03 5.769548e+00 4.309015e-01 4.287053e-01 3.561250e-03 1.974249e-04 1.639789e-04 1.653479e-04 1.338452e+01 
400 90000 1.027462e-03 1.218027e-03 9.010546e-08 1.844735e-02 9.885961e-05 3.347897e-03 5.614646e+00 5.924908e-01 6.223868e-01 1.477269e-03 1.529054e-02 8.447343e-05 3.009743e-03 5.524023e+00 5.964920e-01 6.404181e-01 5.514734e-03 2.888445e-04 2.437161e-04 2.351764e-04 1.364077e+01 
500 2500 7.707224e-04 2.607997e-05 2.598390e-08 2.896701e-02 8.782721e-05 5.724011e-03 8.810516e+00 2.078122e-02 2.072575e-02 6.900509e-05 2.406585e-02 8.537350e-05 4.984453e-03 8.803075e+00 2.059367e-02 2.070881e-02 1.408226e-04 7.043439e-05 6.958311e-05 6.812490e-05 1.776155e+01 
500 10000 7.162325e-04 8.901819e-05 4.507601e-08 2.919271e-02 9.197858e-05 5.447130e-03 8.836140e+00 7.842998e-02 7.976929e-02 1.855585e-04 2.403070e-02 8.553388e-05 5.042208e-03 8.834762e+00 7.932834e-02 7.977076e-02 5.612482e-04 1.012004e-04 8.280678e-05 8.389847e-05 1.805393e+01 
500 22500 7.125855e-04 2.055282e-04 3.213063e-08 2.880573e-02 9.352178e-05 5.706205e-03 8.824813e+00 1.850129e-01 1.844940e-01 3.889065e-04 2.405055e-02 8.634408e-05 5.059509e-03 8.906885e+00 1.864537e-01 1.856639e-01 1.262707e-03 1.711150e-03 1.239914e-04 1.215327e-04 1.854168e+01 
500 40000 7.357541e-04 3.941062e-04 5.601905e-08 2.888111e-02 9.128251e-05 5.648991e-03 8.885865e+00 3.500609e-01 3.878091e-01 6.998364e-04 2.451823e-02 8.815071e-05 5.048675e-03 8.561194e+00 3.485821e-01 3.532213e-01 2.239034e-03 1.440624e-04 1.341867e-04 1.343239e-04 1.895551e+01 
500 62500 1.031529e-02 7.221257e-04 5.210750e-08 2.900265e-02 9.073569e-05 5.651560e-03 8.398957e+00 5.360392e-01 6.003705e-01 1.183971e-03 2.765361e-02 9.279968e-05 5.363884e-03 8.223359e+00 5.299552e-01 5.283934e-01 3.505872e-03 1.927252e-04 1.555125e-04 1.558691e-04 1.890119e+01 
500 90000 6.293841e-04 1.231914e-03 6.607734e-08 2.899605e-02 8.903109e-05 5.780521e-03 8.168371e+00 7.339257e-01 8.118443e-01 1.634147e-03 2.774035e-02 9.121941e-05 5.422640e-03 8.310070e+00 7.483815e-01 7.502869e-01 5.111818e-03 2.828169e-04 2.305437e-04 2.207140e-04 1.960037e+01 
600 2500 6.199900e-04 2.617617e-05 2.901070e-08 4.211724e-02 1.013325e-04 1.140597e-02 1.208668e+01 2.491655e-02 2.503057e-02 6.438931e-05 3.460281e-02 9.362488e-05 1.112334e-02 1.208056e+01 2.470023e-02 2.485638e-02 1.413344e-04 6.137481e-05 6.188247e-05 5.978942e-05 2.436724e+01 
600 10000 6.344256e-04 8.770907e-05 3.902242e-08 4.155363e-02 1.057372e-04 1.131539e-02 1.211645e+01 9.432129e-02 9.758809e-02 1.832740e-04 3.462759e-02 9.775618e-05 1.087262e-02 1.208785e+01 9.555860e-02 9.680139e-02 5.628265e-04 9.796750e-05 7.349690e-05 7.725852e-05 2.468888e+01 
600 22500 6.283605e-04 2.016355e-04 4.908070e-08 4.173542e-02 1.008428e-04 1.083599e-02 1.212168e+01 2.335617e-01 3.105819e-01 5.034217e-04 4.160903e-02 1.179393e-04 1.131520e-02 1.265870e+01 2.272056e-01 2.601712e-01 1.461953e-03 1.467784e-04 1.421285e-04 1.348065e-04 2.592086e+01 
600 40000 7.179936e-04 3.897247e-04 8.009374e-08 4.183476e-02 1.078213e-04 1.131746e-02 1.286597e+01 4.725423e-01 5.045390e-01 1.394962e-02 4.534656e-02 1.162598e-04 1.156920e-02 1.279824e+01 4.088891e-01 4.248426e-01 2.239421e-03 1.440724e-04 1.350940e-04 1.361747e-04 2.760305e+01 
600 62500 7.284651e-04 7.815545e-04 7.608905e-08 4.281708e-02 1.055407e-04 1.077546e-02 1.291204e+01 6.303295e-01 7.268709e-01 1.172745e-03 4.289210e-02 1.078723e-04 1.081977e-02 1.253591e+01 6.173219e-01 6.903294e-01 3.618007e-03 1.812489e-04 1.568645e-04 1.605450e-04 2.822715e+01 
600 90000 6.392286e-04 1.233538e-03 6.607734e-08 4.165910e-02 1.058463e-04 1.171563e-02 1.277467e+01 9.533705e-01 1.151215e+00 1.477255e-02 5.173607e-02 1.114596e-04 1.162457e-02 1.289058e+01 9.037700e-01 8.945770e-01 5.021757e-03 2.749290e-04 2.349503e-04 2.242052e-04 2.970757e+01 
700 2500 2.640384e-02 3.060880e-05 4.512258e-08 5.584404e-02 1.069329e-04 1.794726e-02 1.838313e+01 3.317474e-02 3.051675e-02 6.951191e-05 4.738447e-02 9.463741e-05 1.658195e-02 1.846540e+01 2.917467e-02 2.942194e-02 1.414134e-04 6.100121e-05 6.157998e-05 5.988763e-05 3.713562e+01 
700 10000 6.545556e-04 9.115627e-05 4.400499e-08 5.651168e-02 1.074607e-04 1.811876e-02 1.820146e+01 1.147929e-01 1.199850e-01 1.851178e-04 4.704724e-02 9.741760e-05 1.704588e-02 1.834574e+01 1.132412e-01 1.151480e-01 5.619982e-04 1.076250e-04 7.158797e-05 7.217387e-05 3.715106e+01 
700 22500 7.620223e-04 2.028713e-04 5.499460e-08 5.662667e-02 1.124431e-04 1.807185e-02 1.839329e+01 2.598941e-01 2.719421e-01 3.809125e-04 4.678359e-02 9.232601e-05 1.688126e-02 1.812574e+01 2.630717e-01 2.679498e-01 1.271365e-03 1.242077e-04 1.192002e-04 1.162277e-04 3.772346e+01 
700 40000 6.688700e-04 3.979360e-04 6.207265e-08 6.146781e-02 1.050120e-04 1.901377e-02 1.773902e+01 5.183571e-01 5.493283e-01 7.572081e-04 5.805318e-02 9.893193e-05 1.878116e-02 1.860164e+01 6.171731e-01 5.658136e-01 2.240791e-03 1.415196e-04 1.353394e-04 1.332673e-04 3.875334e+01 
700 62500 7.620434e-04 7.673995e-04 7.110648e-08 5.632440e-02 1.098893e-04 1.796588e-02 1.850562e+01 7.464185e-01 7.429778e-01 9.967653e-04 4.644284e-02 9.776321e-05 1.696516e-02 1.843633e+01 7.400729e-01 7.526496e-01 3.624513e-03 2.126670e-04 1.645740e-04 1.696226e-04 4.006871e+01 
700 90000 7.552371e-04 1.247858e-03 7.706694e-08 5.634915e-02 1.095448e-04 1.795879e-02 1.766582e+01 1.056515e+00 1.069602e+00 1.459981e-03 4.673265e-02 9.055543e-05 1.728432e-02 1.780443e+01 1.033881e+00 1.040731e+00 5.028901e-03 3.060416e-04 2.347180e-04 2.235392e-04 3.981880e+01 
800 2500 6.518387e-04 2.620122e-05 2.500601e-08 7.390939e-02 1.112143e-04 2.558881e-02 2.329983e+01 3.334788e-02 3.359250e-02 6.509833e-05 6.135808e-02 1.031312e-04 2.479225e-02 2.335602e+01 3.316093e-02 3.354715e-02 1.420294e-04 6.166124e-05 6.340570e-05 6.194767e-05 4.697646e+01 
800 10000 6.529422e-04 9.080181e-05 6.309710e-08 7.321248e-02 1.089009e-04 2.510560e-02 2.366862e+01 1.333787e-01 1.295059e-01 1.873211e-04 6.127715e-02 1.086444e-04 2.460513e-02 2.459990e+01 1.419383e-01 1.358374e-01 5.604530e-04 1.099354e-04 9.721029e-05 9.900401e-05 4.899542e+01 
800 22500 7.785680e-04 2.022024e-04 3.906898e-08 7.629593e-02 1.257150e-04 2.460078e-02 2.448676e+01 3.620582e-01 4.307796e-01 4.252454e-03 6.835707e-02 1.145112e-04 2.508934e-02 2.395707e+01 3.972244e-01 4.042946e-01 1.452007e-03 1.384610e-04 1.241046e-04 1.258742e-04 5.023987e+01 
800 40000 4.226008e-03 3.720162e-04 5.010515e-08 7.318044e-02 1.126474e-04 2.497655e-02 2.460305e+01 5.496785e-01 5.470451e-01 6.583624e-04 6.083883e-02 1.058062e-04 2.457153e-02 2.454200e+01 5.408188e-01 5.897600e-01 2.279677e-03 1.552130e-04 1.299433e-04 1.283319e-04 5.156411e+01 
800 62500 1.502453e-02 6.832395e-04 9.019859e-08 7.297619e-02 1.116710e-04 2.528956e-02 2.341755e+01 8.212315e-01 8.431306e-01 6.610301e-03 6.122897e-02 1.089308e-04 2.446816e-02 2.286010e+01 8.425202e-01 8.438328e-01 3.502006e-03 2.336303e-04 2.069233e-04 2.068152e-04 4.983904e+01 
800 90000 3.910594e-02 1.220206e-03 9.308569e-08 7.173506e-02 1.130711e-04 2.508227e-02 2.360607e+01 1.183462e+00 1.218915e+00 1.454079e-03 6.177446e-02 1.166814e-04 2.446245e-02 2.370176e+01 1.204026e+00 1.188606e+00 5.031353e-03 2.933879e-04 2.425628e-04 2.396765e-04 5.233374e+01 
900 2500 7.841469e-04 2.697227e-05 2.603047e-08 9.184112e-02 1.153546e-04 3.366992e-02 2.982306e+01 3.901545e-02 3.773397e-02 7.010284e-05 7.755285e-02 1.049219e-04 3.316383e-02 2.983066e+01 4.117956e-02 3.783433e-02 1.410600e-04 6.831819e-05 6.782240e-05 6.624511e-05 6.004718e+01 
900 10000 7.843698e-04 9.012776e-05 3.105961e-08 9.929467e-02 1.163600e-04 3.654151e-02 2.937990e+01 2.237745e-01 2.535942e-01 2.225197e-04 9.487051e-02 1.121287e-04 3.502654e-02 2.960897e+01 1.692789e-01 2.123345e-01 6.754149e-04 1.101227e-04 9.999149e-05 9.904923e-05 6.011592e+01 
900 22500 6.619268e-04 2.203645e-04 3.599562e-08 9.189195e-02 1.118612e-04 3.351396e-02 2.998871e+01 4.237446e-01 4.053900e-01 4.255683e-04 8.391823e-02 1.144001e-04 3.324529e-02 3.017255e+01 3.888845e-01 3.909542e-01 1.529513e-03 1.493303e-04 1.472652e-04 1.354445e-04 6.201633e+01 
900 40000 2.925591e-03 3.778570e-04 4.810281e-08 9.195918e-02 1.122249e-04 3.363258e-02 2.983809e+01 6.040480e-01 6.145568e-01 4.718037e-03 7.791190e-02 1.076650e-04 3.275531e-02 2.913194e+01 6.197543e-01 6.142370e-01 2.325516e-03 1.592612e-04 1.366833e-04 1.356659e-04 6.166991e+01 
900 62500 1.105326e-03 7.590209e-04 5.210750e-08 9.177369e-02 1.120836e-04 3.356196e-02 3.065197e+01 9.530832e-01 9.560922e-01 1.001156e-03 7.741318e-02 1.016059e-04 3.288380e-02 3.091338e+01 9.399478e-01 9.401972e-01 3.535819e-03 2.015754e-04 1.649636e-04 1.637408e-04 6.559748e+01 
900 90000 1.404976e-02 1.229237e-03 1.241919e-07 9.125646e-02 1.184150e-04 3.364818e-02 3.014095e+01 1.331645e+00 1.342823e+00 1.422393e-03 7.742966e-02 1.051653e-04 3.272276e-02 3.046243e+01 1.329680e+00 1.337799e+00 5.023003e-03 2.686036e-04 2.405937e-04 2.395041e-04 6.620313e+01 
1000 2500 1.370397e-02 2.643750e-05 3.711320e-08 1.116011e-01 1.310951e-04 4.248314e-02 3.778681e+01 4.439798e-02 4.309759e-02 6.785351e-05 9.632189e-02 1.290489e-04 4.242230e-02 3.742900e+01 5.009269e-02 4.303583e-02 1.445612e-04 5.901731e-05 5.628606e-05 5.620001e-05 7.570366e+01 
1000 10000 6.843092e-04 8.913721e-05 5.508773e-08 1.127645e-01 1.283319e-04 4.257017e-02 3.894771e+01 2.086534e-01 2.237398e-01 2.025008e-04 1.006679e-01 1.317439e-04 4.233139e-02 3.959213e+01 2.168986e-01 1.797309e-01 5.772320e-04 1.079945e-04 6.863661e-05 6.781537e-05 7.966930e+01 
1000 22500 7.982545e-04 2.036685e-04 8.810312e-08 1.130245e-01 1.340204e-04 4.255154e-02 3.944328e+01 4.177507e-01 4.469939e-01 3.843376e-04 9.452765e-02 1.319934e-04 4.251563e-02 3.995079e+01 4.277664e-01 4.294557e-01 1.361216e-03 1.357169e-04 1.263930e-04 1.260144e-04 8.141208e+01 
1000 40000 7.940563e-04 3.940972e-04 1.031905e-07 1.138546e-01 1.355797e-04 4.278550e-02 4.049552e+01 7.847736e-01 7.034954e-01 6.755871e-04 9.613975e-02 1.252864e-04 4.212159e-02 4.058505e+01 6.827919e-01 6.950422e-01 2.593238e-03 2.757341e-02 2.811453e-02 2.742255e-02 8.432941e+01 
1000 62500 3.007551e-01 6.550154e-04 1.782086e-07 1.665899e-01 1.360884e-04 4.414412e-02 4.218607e+01 1.100502e+00 1.051804e+00 1.002839e-03 9.456672e-02 1.310489e-04 4.248622e-02 4.136615e+01 1.062086e+00 1.105696e+00 3.492140e-03 2.096525e-04 1.674293e-04 1.649226e-04 8.852683e+01 
1000 90000 1.863809e-02 1.192239e-03 2.223067e-07 1.111179e-01 1.375407e-04 4.263502e-02 3.868527e+01 1.521189e+00 1.476514e+00 1.429627e-03 9.495533e-02 1.274265e-04 4.199783e-02 3.776738e+01 1.522686e+00 1.473933e+00 5.144299e-03 3.068148e-04 2.388521e-04 2.276865e-04 8.276514e+01 
