50 400 1.014499e-05 4.969398e-06 9.816140e-08 3.719401e-02 2.325996e-03 2.631282e-03 1.606802e-05 3.506624e-02 2.331448e-03 2.653642e-03 2.857279e-05 1.691519e-05 1.460379e-05 1.409119e-05 8.231685e-02 
50 1600 9.272015e-06 1.671100e-05 1.797453e-08 3.660575e-02 9.236464e-03 1.045588e-02 4.508561e-05 3.747854e-02 9.285611e-03 1.048814e-02 1.086624e-04 3.638440e-05 3.447160e-05 3.593778e-05 1.138486e-01 
50 3600 1.159138e-05 3.851559e-05 1.102220e-07 3.616162e-02 2.065927e-02 2.345986e-02 1.018684e-04 3.590839e-02 2.070575e-02 2.353174e-02 2.448822e-04 5.195979e-05 5.008476e-05 5.077003e-05 1.609876e-01 
50 6400 1.211022e-05 6.674998e-05 8.419156e-08 3.450731e-02 3.665854e-02 4.159316e-02 1.827634e-04 3.476543e-02 3.665871e-02 4.163060e-02 4.357698e-04 7.803477e-05 7.377039e-05 7.591960e-05 2.267505e-01 
50 10000 9.179767e-06 9.982339e-05 6.002374e-08 3.656951e-02 5.731450e-02 6.511038e-02 2.737236e-04 3.702418e-02 5.744015e-02 6.520838e-02 6.771650e-04 1.072364e-04 1.054358e-04 1.049710e-04 3.200574e-01 
50 14400 1.172759e-05 1.434286e-04 8.200295e-08 3.677455e-02 8.261438e-02 9.317125e-02 4.036078e-04 3.739192e-02 8.192970e-02 9.324579e-02 9.767392e-04 1.456580e-04 1.532474e-04 1.611072e-04 4.271378e-01 
50 19600 1.137899e-05 1.971390e-04 8.619390e-08 3.409889e-02 1.115886e-01 1.270966e-01 5.568090e-04 3.432570e-02 1.117488e-01 1.268510e-01 1.331432e-03 2.015194e-04 1.969506e-04 1.975014e-04 5.484183e-01 
50 25600 1.176759e-05 2.576876e-04 6.416813e-08 3.728197e-02 1.463889e-01 1.664149e-01 7.454632e-04 3.285005e-02 1.461482e-01 1.668362e-01 1.742174e-03 4.089178e-04 3.887938e-04 3.425846e-04 6.998346e-01 
50 32400 1.128097e-05 3.338656e-04 9.797513e-08 5.045581e-02 1.853068e-01 2.111981e-01 8.667166e-04 3.572525e-02 1.848698e-01 2.099279e-01 2.203476e-03 3.037744e-04 3.514518e-04 3.595498e-04 8.819320e-01 
50 40000 1.190579e-05 4.415386e-04 1.042150e-07 3.543793e-02 2.287371e-01 2.624836e-01 1.070007e-03 3.497263e-02 2.306827e-01 2.605973e-01 2.783436e-03 3.665384e-04 3.589792e-04 3.585464e-04 1.058325e+00 
50 48400 1.170742e-05 5.617042e-04 1.542270e-07 3.426558e-02 2.760441e-01 3.136789e-01 1.611367e-03 3.585643e-02 2.780072e-01 3.153962e-01 3.321805e-03 4.365232e-04 4.627962e-04 4.621534e-04 1.260139e+00 
50 57600 1.165140e-05 7.456494e-04 1.502223e-07 3.289532e-02 3.286954e-01 3.744523e-01 1.721860e-03 3.562433e-02 3.314118e-01 3.770456e-01 3.948010e-03 5.338526e-04 5.389282e-04 5.399398e-04 1.488186e+00 
50 67600 1.187362e-05 9.735484e-04 1.423992e-07 3.224928e-02 3.854304e-01 4.384523e-01 1.800063e-03 3.429542e-02 3.851457e-01 4.377607e-01 4.639567e-03 7.961370e-04 8.025066e-04 8.000188e-04 1.723182e+00 
50 78400 1.180763e-05 1.118301e-03 1.921784e-07 3.419833e-02 4.480864e-01 5.097589e-01 2.247406e-03 3.277828e-02 4.466793e-01 5.111326e-01 5.320181e-03 8.893624e-04 8.810100e-04 8.844832e-04 1.994015e+00 
50 90000 1.173741e-05 1.308283e-03 1.842156e-07 3.625455e-02 5.140496e-01 5.872932e-01 2.560108e-03 3.614021e-02 5.162520e-01 5.872929e-01 6.344896e-03 1.002680e-03 1.063916e-03 1.075289e-03 2.290679e+00 
100 400 2.005398e-05 5.846797e-06 9.620562e-08 1.329143e-01 4.900175e-03 5.220266e-03 1.657084e-05 1.302678e-01 4.899432e-03 5.202727e-03 2.816622e-05 1.529083e-05 1.501241e-05 1.701140e-05 2.835308e-01 
100 1600 1.876396e-05 1.560338e-05 7.199124e-08 1.341310e-01 1.955064e-02 2.083875e-02 4.739277e-05 1.329958e-01 1.956405e-02 2.083927e-02 1.111802e-04 3.737579e-05 3.520660e-05 3.625816e-05 3.482344e-01 
100 3600 2.021822e-05 3.598980e-05 9.001233e-08 1.282987e-01 4.399828e-02 4.689900e-02 1.017964e-04 1.291399e-01 4.401722e-02 4.693487e-02 2.444116e-04 5.261078e-05 5.056360e-05 5.014902e-05 4.398579e-01 
100 6400 2.053459e-05 6.468277e-05 1.060311e-07 1.297203e-01 7.832033e-02 8.367845e-02 1.795546e-04 1.301836e-01 7.847528e-02 8.396460e-02 4.342296e-04 7.510441e-05 7.534060e-05 7.167920e-05 5.852766e-01 
100 10000 2.012420e-05 9.800261e-05 5.797483e-08 1.269895e-01 1.229126e-01 1.305364e-01 2.739238e-04 1.323272e-01 1.223259e-01 1.296441e-01 6.791420e-04 1.035910e-04 1.045984e-04 1.039756e-04 7.661303e-01 
100 14400 1.756437e-05 1.409968e-04 1.122244e-07 1.327904e-01 1.757030e-01 1.866082e-01 3.934266e-04 1.276918e-01 1.770073e-01 1.881991e-01 1.013769e-03 1.424050e-04 1.426794e-04 1.412914e-04 9.900038e-01 
100 19600 1.748418e-05 1.906452e-04 5.401671e-08 1.397999e-01 2.386578e-01 2.545306e-01 5.340550e-04 1.264499e-01 2.400977e-01 2.565759e-01 1.331889e-03 2.093150e-04 1.977218e-04 1.976878e-04 1.258804e+00 
100 25600 2.046460e-05 2.549514e-04 1.042150e-07 1.330104e-01 3.123518e-01 3.323222e-01 6.940044e-04 1.298777e-01 3.123494e-01 3.322918e-01 1.755779e-03 4.075256e-04 3.976810e-04 4.186604e-04 1.556172e+00 
100 32400 2.058679e-05 3.250122e-04 8.600764e-08 1.337572e-01 3.993549e-01 4.268097e-01 8.962628e-04 1.328096e-01 3.969103e-01 4.226859e-01 2.200552e-03 3.139216e-04 3.166838e-04 3.167598e-04 1.916736e+00 
100 40000 2.013603e-05 4.510008e-04 1.200009e-07 1.356221e-01 4.881667e-01 5.273499e-01 1.136530e-03 1.288320e-01 4.913206e-01 5.275417e-01 2.711877e-03 3.665144e-04 3.591214e-04 4.355296e-04 2.304334e+00 
100 48400 1.998800e-05 5.693118e-04 1.541805e-07 1.360309e-01 5.997250e-01 6.353796e-01 1.291082e-03 1.346031e-01 5.948467e-01 6.373676e-01 3.351959e-03 4.644308e-04 5.003106e-04 5.273752e-04 2.744700e+00 
100 57600 2.000579e-05 7.586772e-04 1.182314e-07 1.358604e-01 7.044312e-01 7.549709e-01 1.538033e-03 1.323794e-01 7.023259e-01 7.501994e-01 3.914455e-03 5.157956e-04 5.806948e-04 6.355628e-04 3.188169e+00 
100 67600 1.961719e-05 9.835496e-04 1.222361e-07 1.332482e-01 8.332602e-01 8.919038e-01 1.897579e-03 1.363730e-01 8.309819e-01 8.880067e-01 4.590015e-03 6.345234e-04 6.395168e-04 6.422750e-04 3.723217e+00 
100 78400 1.981156e-05 1.243068e-03 1.701992e-07 1.333860e-01 9.555485e-01 1.019440e+00 2.195954e-03 1.330356e-01 9.614731e-01 1.023909e+00 5.330926e-03 7.622804e-04 6.855676e-04 7.347914e-04 4.237800e+00 
100 90000 1.993380e-05 1.297369e-03 1.341570e-07 1.273866e-01 1.196727e+00 1.275140e+00 2.451151e-03 1.266838e-01 1.204606e+00 1.278188e+00 6.243061e-03 8.555860e-04 8.439086e-04 9.246434e-04 5.221406e+00 
150 400 2.829842e-05 5.548215e-06 1.242384e-07 3.835554e-01 7.460725e-03 7.785186e-03 1.610224e-05 3.843259e-01 7.462002e-03 7.782173e-03 2.821418e-05 1.718360e-05 1.481422e-05 1.426721e-05 7.985069e-01 
150 1600 2.577263e-05 1.610601e-05 5.220063e-08 3.791503e-01 2.981472e-02 3.116604e-02 4.695244e-05 3.803053e-01 2.983419e-02 3.111783e-02 1.088790e-04 3.640060e-05 3.418121e-05 3.471198e-05 8.817055e-01 
150 3600 2.858681e-05 3.623217e-05 8.195639e-08 3.869745e-01 6.699723e-02 6.974264e-02 1.028118e-04 3.835212e-01 6.819772e-02 7.011727e-02 2.462544e-04 5.367422e-05 5.032322e-05 5.056583e-05 1.046132e+00 
150 6400 2.857861e-05 6.655362e-05 1.119915e-07 3.864873e-01 1.191069e-01 1.248005e-01 1.821004e-04 3.841123e-01 1.193303e-01 1.245148e-01 4.366574e-04 7.292521e-05 7.443340e-05 7.677278e-05 1.259310e+00 
150 10000 2.835239e-05 9.771418e-05 1.201872e-07 3.840348e-01 1.856457e-01 1.956196e-01 2.909592e-04 3.855700e-01 1.858651e-01 1.950561e-01 6.866694e-04 1.070942e-04 1.027136e-04 1.042660e-04 1.533222e+00 
150 14400 2.889521e-05 1.459344e-04 1.261942e-07 3.866186e-01 2.671783e-01 2.788326e-01 4.032032e-04 3.822268e-01 2.709307e-01 2.840770e-01 9.777008e-04 1.599832e-04 1.636008e-04 1.634366e-04 1.871923e+00 
150 19600 2.858681e-05 1.955406e-04 1.322012e-07 3.829520e-01 3.657983e-01 3.827627e-01 5.327932e-04 3.844041e-01 3.645084e-01 3.828007e-01 1.329111e-03 1.965920e-04 1.880014e-04 1.893134e-04 2.265902e+00 
150 25600 2.688221e-05 2.614532e-04 1.342036e-07 3.905330e-01 4.799951e-01 5.015132e-01 6.950558e-04 3.868315e-01 4.770927e-01 5.007234e-01 1.756292e-03 4.065162e-04 4.085894e-04 4.341356e-04 2.740697e+00 
150 32400 2.834038e-05 3.448018e-04 1.022127e-07 3.886523e-01 6.017672e-01 6.320435e-01 8.939976e-04 3.962505e-01 6.066852e-01 6.360384e-01 2.202750e-03 3.019458e-04 3.332026e-04 3.518124e-04 3.265915e+00 
150 40000 2.841861e-05 4.328776e-04 1.002103e-07 3.809628e-01 7.465690e-01 7.851699e-01 1.131677e-03 3.818274e-01 7.462673e-01 7.824545e-01 2.717045e-03 3.671734e-04 3.586886e-04 3.605676e-04 3.828676e+00 
150 48400 2.854480e-05 5.868540e-04 1.442153e-07 3.802952e-01 9.029341e-01 9.446421e-01 1.294621e-03 3.804660e-01 9.021235e-01 9.459231e-01 3.315374e-03 4.661554e-04 4.326092e-04 5.060712e-04 4.463044e+00 
150 57600 2.784780e-05 7.529966e-04 1.421664e-07 3.846156e-01 1.076150e+00 1.224684e+00 1.619240e-03 3.804099e-01 1.073244e+00 1.223959e+00 3.909693e-03 5.487530e-04 5.158718e-04 5.096586e-04 5.370982e+00 
150 67600 2.822019e-05 9.910046e-04 1.502223e-07 3.789122e-01 1.265227e+00 1.323079e+00 1.898562e-03 3.806873e-01 1.257752e+00 1.321870e+00 4.705466e-03 6.683258e-04 6.425474e-04 6.379764e-04 5.937134e+00 
150 78400 2.795979e-05 1.067421e-03 2.483837e-07 3.791509e-01 1.463506e+00 1.525926e+00 2.138193e-03 3.892725e-01 1.466021e+00 1.525401e+00 5.380157e-03 7.917586e-04 6.864790e-04 8.650982e-04 6.760277e+00 
150 90000 2.778941e-05 1.321820e-03 1.142267e-07 3.731247e-01 1.685413e+00 1.758376e+00 2.528317e-03 3.751613e-01 1.680974e+00 1.759559e+00 6.177885e-03 8.902058e-04 9.489336e-04 1.030991e-03 7.645568e+00 
200 400 3.685323e-05 5.528191e-06 5.820766e-08 4.994726e-01 1.006980e-02 1.041992e-02 1.629237e-05 5.002422e-01 1.010845e-02 1.044576e-02 2.893540e-05 1.623821e-05 1.437957e-05 1.429743e-05 1.040905e+00 
200 1600 3.666682e-05 1.678299e-05 8.018687e-08 5.022315e-01 4.021231e-02 4.150284e-02 4.653162e-05 5.007407e-01 4.013315e-02 4.158063e-02 1.101166e-04 3.563319e-05 3.551301e-05 3.382056e-05 1.166732e+00 
200 3600 3.830120e-05 3.600777e-05 1.281966e-07 4.986624e-01 9.050113e-02 9.464931e-02 1.028580e-04 5.015473e-01 9.064166e-02 9.383535e-02 2.458238e-04 5.046558e-05 4.918361e-05 5.575744e-05 1.370431e+00 
200 6400 3.414103e-05 6.693797e-05 1.041684e-07 4.965551e-01 1.612948e-01 1.683512e-01 1.796008e-04 5.005779e-01 1.622315e-01 1.668797e-01 4.406474e-04 7.528858e-05 7.004282e-05 7.223398e-05 1.656849e+00 
200 10000 3.677299e-05 9.788643e-05 1.002103e-07 4.950398e-01 2.511617e-01 2.600062e-01 2.875842e-04 4.970437e-01 2.521638e-01 2.602452e-01 6.806204e-04 1.098864e-04 1.093676e-04 1.072724e-04 2.017108e+00 
200 14400 3.675101e-05 1.434506e-04 9.816140e-08 5.198393e-01 3.620404e-01 3.752783e-01 4.241426e-04 5.136481e-01 3.601965e-01 3.748668e-01 9.770918e-04 1.439334e-04 1.409630e-04 1.416578e-04 2.507896e+00 
200 19600 3.663679e-05 1.938960e-04 1.081731e-07 5.110290e-01 4.944835e-01 5.119442e-01 5.579606e-04 5.146581e-01 4.933664e-01 5.116297e-01 1.328237e-03 1.975114e-04 1.908374e-04 1.893552e-04 3.039825e+00 
200 25600 3.718962e-05 2.646020e-04 1.039822e-07 5.078313e-01 6.425002e-01 6.679192e-01 7.089406e-04 5.079129e-01 6.462839e-01 6.652585e-01 1.753702e-03 4.018914e-04 4.050280e-04 4.207034e-04 3.641721e+00 
200 32400 3.688522e-05 3.396240e-04 9.816140e-08 5.078733e-01 8.163081e-01 8.454580e-01 8.924710e-04 5.087056e-01 8.172919e-01 8.416355e-01 2.216189e-03 3.033738e-04 2.936452e-04 2.972806e-04 4.341679e+00 
200 40000 3.669281e-05 4.497248e-04 1.561828e-07 5.083957e-01 1.007304e+00 1.040036e+00 1.100530e-03 5.090625e-01 1.004479e+00 1.041406e+00 2.713383e-03 3.666946e-04 4.272730e-04 4.345442e-04 5.116244e+00 
200 48400 3.694324e-05 5.810512e-04 1.561828e-07 5.073704e-01 1.328154e+00 1.256994e+00 1.298514e-03 5.254086e-01 1.329413e+00 1.260668e+00 3.310048e-03 4.654442e-04 4.697226e-04 4.954772e-04 6.214700e+00 
200 57600 3.684303e-05 7.688802e-04 1.221895e-07 5.062035e-01 1.445500e+00 1.499673e+00 1.535547e-03 5.113261e-01 1.449197e+00 1.501025e+00 3.903501e-03 5.159038e-04 5.387680e-04 5.462092e-04 6.920799e+00 
200 67600 3.626421e-05 9.984676e-04 1.921784e-07 5.059307e-01 1.701613e+00 1.762866e+00 1.929338e-03 5.073492e-01 1.700792e+00 1.768004e+00 4.578894e-03 6.037532e-04 5.974578e-04 5.946034e-04 7.955932e+00 
200 78400 3.642240e-05 1.210048e-03 1.681969e-07 5.101080e-01 1.978112e+00 2.038596e+00 2.143943e-03 5.029472e-01 1.976968e+00 2.038331e+00 5.323616e-03 7.213072e-04 6.861124e-04 8.282950e-04 9.056045e+00 
200 90000 3.636838e-05 1.296481e-03 1.661945e-07 4.980134e-01 2.268439e+00 2.342955e+00 2.394168e-03 5.092648e-01 2.262356e+00 2.336464e+00 6.288837e-03 1.034898e-03 1.032024e-03 1.030522e-03 1.023063e+01 
250 400 4.496318e-05 5.628401e-06 1.081731e-07 8.676138e-01 1.259279e-02 1.296083e-02 1.657279e-05 8.672850e-01 1.258972e-02 1.295192e-02 2.825819e-05 1.705340e-05 1.499839e-05 1.675501e-05 1.786153e+00 
250 1600 4.517157e-05 1.661098e-05 1.002103e-07 8.677690e-01 5.031745e-02 5.176990e-02 5.036122e-05 8.685563e-01 5.058422e-02 5.195842e-02 1.116770e-04 3.845957e-05 3.559720e-05 3.626421e-05 1.941303e+00 
250 3600 4.611500e-05 3.685122e-05 7.422641e-08 8.643087e-01 1.129900e-01 1.163641e-01 1.043460e-04 8.556345e-01 1.135907e-01 1.178266e-01 2.488544e-04 5.457359e-05 5.031922e-05 5.011098e-05 2.181325e+00 
250 6400 4.630741e-05 6.659157e-05 1.121778e-07 8.628627e-01 2.022453e-01 2.089187e-01 1.800374e-04 8.684551e-01 2.010552e-01 2.068262e-01 4.380332e-04 7.484802e-05 7.437742e-05 7.263259e-05 2.551330e+00 
250 10000 4.515359e-05 1.010612e-04 9.802170e-08 8.668535e-01 3.164295e-01 3.249756e-01 2.854972e-04 8.659918e-01 3.143866e-01 3.232792e-01 6.781106e-04 1.088528e-04 1.039476e-04 1.064152e-04 3.013358e+00 
250 14400 4.534782e-05 1.488226e-04 1.059845e-07 8.613684e-01 4.554746e-01 4.684488e-01 4.059114e-04 8.635758e-01 4.552733e-01 4.684012e-01 9.756658e-04 1.446306e-04 1.411572e-04 1.419584e-04 3.574561e+00 
250 19600 4.617516e-05 1.957728e-04 1.362059e-07 8.625797e-01 6.246684e-01 6.411586e-01 5.362802e-04 8.651511e-01 6.213108e-01 6.358576e-01 1.333317e-03 2.046864e-04 1.988936e-04 2.109658e-04 4.253474e+00 
250 25600 4.764721e-05 2.648582e-04 1.141801e-07 8.595147e-01 8.059825e-01 8.313038e-01 6.935556e-04 8.688199e-01 8.078466e-01 8.311194e-01 1.752332e-03 3.730440e-04 3.608760e-04 3.481688e-04 5.008459e+00 
250 32400 4.520761e-05 3.371204e-04 1.060311e-07 8.628258e-01 1.024534e+00 1.053818e+00 8.767478e-04 8.668474e-01 1.020150e+00 1.049262e+00 2.207847e-03 3.043752e-04 2.948430e-04 2.972806e-04 5.881830e+00 
250 40000 4.478698e-05 4.472172e-04 1.422130e-07 8.610323e-01 1.264833e+00 1.299133e+00 1.097133e-03 8.690398e-01 1.260031e+00 1.297727e+00 2.706531e-03 3.692024e-04 3.567356e-04 3.609880e-04 6.857211e+00 
250 48400 4.562843e-05 5.862550e-04 1.581851e-07 8.669898e-01 1.525695e+00 1.575079e+00 1.366635e-03 8.699368e-01 1.520863e+00 1.569690e+00 3.275625e-03 5.196034e-04 5.494120e-04 5.514852e-04 7.935185e+00 
250 57600 4.441841e-05 7.576856e-04 1.162291e-07 8.533726e-01 1.818574e+00 1.873227e+00 1.535351e-03 8.595972e-01 1.820879e+00 1.871823e+00 3.905543e-03 5.564024e-04 5.455742e-04 5.583534e-04 9.105407e+00 
250 67600 4.480900e-05 9.939008e-04 1.742039e-07 8.619822e-01 2.132027e+00 2.195723e+00 1.798284e-03 8.649732e-01 2.127024e+00 2.194138e+00 4.569214e-03 6.694876e-04 6.427776e-04 6.408968e-04 1.038526e+01 
250 78400 4.474302e-05 1.197966e-03 1.881737e-07 8.578269e-01 2.712732e+00 2.542536e+00 2.135942e-03 8.706944e-01 2.711036e+00 2.538507e+00 5.419612e-03 7.310956e-04 6.879212e-04 7.154684e-04 1.224430e+01 
250 90000 4.473077e-05 1.347013e-03 1.782086e-07 8.679568e-01 2.844371e+00 2.923703e+00 2.534844e-03 8.681618e-01 2.839011e+00 2.919722e+00 6.224860e-03 9.158680e-04 8.493866e-04 8.521586e-04 1.327573e+01 
300 400 5.479399e-05 5.570380e-06 1.101755e-07 1.300655e+00 1.527631e-02 1.560583e-02 1.984360e-05 1.299051e+00 1.523770e-02 1.557121e-02 2.830639e-05 1.734197e-05 1.535499e-05 1.488621e-05 2.661569e+00 
300 1600 5.347203e-05 1.813103e-05 1.242384e-07 1.299776e+00 6.081553e-02 6.221711e-02 4.898123e-05 1.286778e+00 6.091183e-02 6.231127e-02 1.103870e-04 3.911857e-05 3.599981e-05 3.630039e-05 2.833169e+00 
300 3600 5.346597e-05 3.717360e-05 8.619390e-08 1.290307e+00 1.363855e-01 1.393529e-01 1.070882e-04 1.283928e+00 1.375827e-01 1.405845e-01 2.455514e-04 5.344399e-05 5.201981e-05 5.007302e-05 3.128753e+00 
300 6400 5.342178e-05 6.646737e-05 1.101755e-07 1.289040e+00 2.444106e-01 2.497560e-01 1.796066e-04 1.283453e+00 2.442819e-01 2.498882e-01 4.360644e-04 7.716543e-05 7.340382e-05 7.459959e-05 3.561804e+00 
300 10000 5.391859e-05 9.987736e-05 1.161825e-07 1.300352e+00 3.819220e-01 3.898772e-01 2.844534e-04 1.298895e+00 3.791075e-01 3.909407e-01 6.793200e-04 1.073366e-04 1.030162e-04 1.045944e-04 4.142546e+00 
300 14400 5.351198e-05 1.435208e-04 1.142267e-07 1.297779e+00 5.502325e-01 5.643447e-01 4.231028e-04 1.297629e+00 5.506962e-01 5.637755e-01 9.772078e-04 1.441796e-04 1.412692e-04 1.425152e-04 4.826498e+00 
300 19600 5.440540e-05 1.963296e-04 1.362059e-07 1.299735e+00 7.442622e-01 7.647952e-01 5.319778e-04 1.293252e+00 7.407443e-01 7.623860e-01 1.345317e-03 1.973252e-04 1.875584e-04 1.878530e-04 5.607898e+00 
300 25600 5.292101e-05 2.609222e-04 1.082197e-07 1.294299e+00 9.750372e-01 1.000002e+00 7.524498e-04 1.308243e+00 9.737078e-01 9.968543e-01 1.737353e-03 4.113234e-04 3.917280e-04 4.173664e-04 6.552197e+00 
300 32400 5.358420e-05 3.481708e-04 1.282431e-07 1.300074e+00 1.348879e+00 1.277389e+00 8.713174e-04 1.296739e+00 1.346917e+00 1.256140e+00 2.202453e-03 3.043152e-04 2.962392e-04 2.983584e-04 7.830542e+00 
300 40000 9.786440e-05 6.417480e-04 1.181848e-07 1.307835e+00 1.522712e+00 1.578580e+00 1.081849e-03 1.300122e+00 1.516002e+00 1.560735e+00 2.710225e-03 3.675358e-04 3.984760e-04 4.351070e-04 8.791754e+00 
300 48400 5.315538e-05 5.728792e-04 1.601875e-07 1.298607e+00 1.851148e+00 1.908832e+00 1.297333e-03 1.297219e+00 1.844488e+00 1.886606e+00 3.272736e-03 4.742636e-04 5.178126e-04 5.425598e-04 1.009366e+01 
300 57600 5.453560e-05 7.527382e-04 1.943670e-07 1.302641e+00 2.198591e+00 2.247212e+00 1.540302e-03 1.302032e+00 2.191785e+00 2.242627e+00 3.902028e-03 5.198256e-04 5.474470e-04 5.503734e-04 1.149279e+01 
300 67600 5.310937e-05 9.686612e-04 1.681969e-07 1.303986e+00 2.581129e+00 2.634907e+00 1.797079e-03 1.279373e+00 2.592871e+00 2.660122e+00 4.592344e-03 6.554746e-04 7.292972e-04 7.304988e-04 1.306195e+01 
300 78400 5.296739e-05 1.220762e-03 1.722015e-07 1.298402e+00 2.988676e+00 3.082769e+00 2.153478e-03 1.293815e+00 3.005182e+00 3.065148e+00 5.304846e-03 8.777570e-04 8.735648e-04 8.716940e-04 1.474538e+01 
300 90000 5.325582e-05 1.332656e-03 1.342036e-07 1.297733e+00 3.443157e+00 3.498938e+00 2.513000e-03 1.291501e+00 3.432893e+00 3.524435e+00 6.096332e-03 9.207736e-04 8.848336e-04 9.541174e-04 1.650145e+01 
350 400 6.188857e-05 5.428214e-06 1.522247e-07 1.873232e+00 1.781304e-02 1.817818e-02 1.815897e-05 1.871391e+00 1.772180e-02 1.806539e-02 2.816599e-05 1.767441e-05 1.478200e-05 1.467397e-05 3.816577e+00 
350 1600 6.313240e-05 1.642657e-05 1.099892e-07 1.868678e+00 7.131157e-02 7.253519e-02 4.983461e-05 1.871635e+00 7.107959e-02 7.255860e-02 1.105014e-04 3.770841e-05 3.536879e-05 3.491621e-05 4.028161e+00 
350 3600 6.176438e-05 3.534881e-05 1.380220e-07 1.876641e+00 1.597654e-01 1.622379e-01 1.029940e-04 1.872973e+00 1.610885e-01 1.637294e-01 2.458678e-04 5.501620e-05 5.073184e-05 5.026120e-05 4.397054e+00 
350 6400 6.198059e-05 6.589242e-05 1.181848e-07 1.907737e+00 2.846221e-01 2.899187e-01 1.809426e-04 1.893853e+00 2.846255e-01 2.922040e-01 4.347582e-04 7.587140e-05 7.121842e-05 7.210798e-05 4.953936e+00 
350 10000 6.184042e-05 1.017022e-04 1.121778e-07 1.876161e+00 4.443071e-01 4.543649e-01 2.770686e-04 1.877840e+00 4.461856e-01 4.542033e-01 6.800534e-04 1.060326e-04 1.041878e-04 1.055478e-04 5.554514e+00 
350 14400 6.384943e-05 1.456958e-04 1.121778e-07 1.866978e+00 6.419911e-01 6.543283e-01 4.141376e-04 1.872020e+00 6.381414e-01 6.532106e-01 9.781254e-04 1.440856e-04 1.467416e-04 1.488026e-04 6.328730e+00 
350 19600 6.193058e-05 1.989376e-04 1.141801e-07 1.862098e+00 8.718822e-01 8.891356e-01 5.429582e-04 1.880184e+00 8.740985e-01 8.889208e-01 1.326911e-03 2.032160e-04 1.953442e-04 2.081936e-04 7.269085e+00 
350 25600 6.152201e-05 2.611648e-04 1.442153e-07 1.885761e+00 1.248210e+00 1.265786e+00 6.965940e-04 1.878568e+00 1.252629e+00 1.277195e+00 1.741147e-03 4.041344e-04 3.943480e-04 4.096710e-04 8.812148e+00 
350 32400 6.319061e-05 3.411222e-04 1.039822e-07 1.876247e+00 1.434269e+00 1.469791e+00 8.720606e-04 1.871592e+00 1.439875e+00 1.466036e+00 2.193083e-03 3.031954e-04 3.326696e-04 3.364092e-04 9.562282e+00 
350 40000 6.168839e-05 4.406872e-04 1.802109e-07 1.857548e+00 1.785268e+00 1.822010e+00 1.128663e-03 1.861067e+00 1.787095e+00 1.817251e+00 2.712234e-03 3.749630e-04 4.134344e-04 4.182476e-04 1.093582e+01 
350 48400 6.402377e-05 5.909780e-04 1.281966e-07 1.846049e+00 2.154943e+00 2.199145e+00 1.293645e-03 1.850270e+00 2.155633e+00 2.205858e+00 3.381934e-03 4.832490e-04 4.923806e-04 4.904778e-04 1.241873e+01 
350 57600 6.149798e-05 7.652968e-04 1.201872e-07 1.853175e+00 2.571286e+00 2.617454e+00 1.616993e-03 1.858871e+00 2.576469e+00 2.614593e+00 3.919090e-03 5.472528e-04 5.045350e-04 5.076636e-04 1.409980e+01 
350 67600 6.109942e-05 9.784720e-04 1.482200e-07 1.874281e+00 3.022493e+00 3.083306e+00 1.841125e-03 1.868930e+00 3.010915e+00 3.074111e+00 4.670338e-03 6.767526e-04 7.808862e-04 7.773710e-04 1.594385e+01 
350 78400 6.119157e-05 1.120262e-03 1.864042e-07 1.871263e+00 3.499169e+00 3.560008e+00 2.090980e-03 1.859180e+00 3.484675e+00 3.542456e+00 5.349493e-03 9.744278e-04 8.972262e-04 8.990268e-04 1.782817e+01 
350 90000 6.287997e-05 1.425769e-03 1.402106e-07 1.854962e+00 4.047352e+00 4.131702e+00 2.401569e-03 1.857285e+00 3.997767e+00 4.089502e+00 6.248803e-03 9.619832e-04 9.509168e-04 9.765872e-04 1.999163e+01 
400 400 7.189158e-05 5.522231e-06 9.220093e-08 2.542929e+00 2.038697e-02 2.066519e-02 1.746817e-05 2.536533e+00 2.040426e-02 2.066352e-02 2.828240e-05 1.679123e-05 1.485436e-05 1.443960e-05 5.161767e+00 
400 1600 7.006703e-05 1.682318e-05 7.618219e-08 2.517373e+00 8.177076e-02 8.318682e-02 4.978459e-05 2.513890e+00 8.117066e-02 8.221092e-02 1.168588e-04 3.716960e-05 3.583962e-05 3.459780e-05 5.359983e+00 
400 3600 7.049339e-05 3.617802e-05 1.521781e-07 2.497178e+00 1.839541e-01 1.875672e-01 1.054396e-04 2.511748e+00 1.838685e-01 1.868896e-01 2.457016e-04 5.457359e-05 5.070781e-05 5.073599e-05 5.751835e+00 
400 6400 7.111640e-05 6.464464e-05 1.201872e-07 2.499600e+00 3.273440e-01 3.329653e-01 1.783428e-04 2.514111e+00 3.275393e-01 3.330252e-01 4.349126e-04 7.505440e-05 7.277681e-05 7.501221e-05 6.335573e+00 
400 10000 7.191561e-05 9.742179e-05 1.241919e-07 2.506914e+00 5.134332e-01 5.210408e-01 2.975170e-04 2.514597e+00 5.106499e-01 5.199577e-01 6.770048e-04 1.063652e-04 1.023812e-04 1.037812e-04 7.088072e+00 
400 14400 7.183338e-05 1.450030e-04 8.000061e-08 2.501789e+00 7.369339e-01 7.480362e-01 3.965274e-04 2.506841e+00 7.373339e-01 7.474838e-01 9.896846e-04 1.415738e-04 1.417642e-04 1.420586e-04 7.980468e+00 
400 19600 7.036142e-05 1.994824e-04 1.022127e-07 2.499642e+00 1.002239e+00 1.020456e+00 5.302734e-04 2.500178e+00 1.001955e+00 1.023093e+00 1.330731e-03 2.024630e-04 1.969786e-04 1.973432e-04 9.050317e+00 
400 25600 7.183137e-05 2.517726e-04 8.400530e-08 2.524904e+00 1.309537e+00 1.328642e+00 7.494652e-04 2.528823e+00 1.305347e+00 1.327926e+00 1.735903e-03 4.061036e-04 3.922368e-04 4.107346e-04 1.032923e+01 
400 32400 7.187161e-05 3.380938e-04 1.142267e-07 2.516269e+00 1.662673e+00 1.692341e+00 8.732024e-04 2.560131e+00 1.648141e+00 1.678953e+00 2.190485e-03 3.050244e-04 2.941800e-04 3.000348e-04 1.176291e+01 
400 40000 7.002079e-05 4.403468e-04 1.902226e-07 2.543501e+00 2.043178e+00 2.071435e+00 1.072783e-03 2.557617e+00 2.041261e+00 2.071347e+00 2.707397e-03 4.438608e-04 4.685438e-04 4.662982e-04 1.333404e+01 
400 48400 6.954023e-05 5.730642e-04 1.019798e-07 2.550839e+00 2.715373e+00 2.510314e+00 1.296482e-03 2.591130e+00 2.712816e+00 2.502853e+00 3.277950e-03 4.368696e-04 4.323408e-04 4.326772e-04 1.558988e+01 
400 57600 7.106019e-05 7.545910e-04 1.922250e-07 2.580165e+00 2.942602e+00 2.992343e+00 1.711723e-03 2.512133e+00 2.937043e+00 2.988757e+00 3.904197e-03 5.155632e-04 5.058470e-04 5.064498e-04 1.696104e+01 
400 67600 6.940579e-05 9.656648e-04 1.344364e-07 2.518379e+00 3.459212e+00 3.510439e+00 1.798417e-03 2.508715e+00 3.443016e+00 3.502433e+00 4.570062e-03 6.356050e-04 8.055852e-04 8.104626e-04 1.895188e+01 
400 78400 6.955219e-05 1.068779e-03 1.822133e-07 2.522006e+00 4.036883e+00 4.060132e+00 2.082177e-03 2.519280e+00 3.997703e+00 4.059729e+00 5.301346e-03 7.152844e-04 8.165818e-04 8.317684e-04 2.120665e+01 
400 90000 7.196357e-05 1.308886e-03 1.601875e-07 2.537643e+00 4.601075e+00 4.703242e+00 2.588631e-03 2.548120e+00 4.602178e+00 4.702999e+00 6.155606e-03 1.009671e-03 1.004833e-03 1.003271e-03 2.370843e+01 
450 400 8.024601e-05 5.840790e-06 9.620562e-08 3.434203e+00 2.304331e-02 2.333036e-02 1.926478e-05 3.456389e+00 2.306516e-02 2.340472e-02 2.840064e-05 1.822519e-05 1.547718e-05 1.534298e-05 6.983634e+00 
450 1600 7.804879e-05 1.726202e-05 9.620562e-08 3.443141e+00 9.223581e-02 9.390371e-02 5.134284e-05 3.387386e+00 9.199931e-02 9.340680e-02 1.094538e-04 3.846362e-05 3.610221e-05 3.598984e-05 7.202456e+00 
450 3600 8.061458e-05 3.574942e-05 1.281966e-07 3.383327e+00 2.071010e-01 2.101750e-01 1.068038e-04 3.373628e+00 2.069003e-01 2.101013e-01 2.468252e-04 5.392660e-05 5.020723e-05 5.192962e-05 7.591871e+00 
450 6400 7.896223e-05 6.699236e-05 1.062173e-07 3.388061e+00 3.682772e-01 3.733452e-01 1.857860e-04 3.387947e+00 3.704016e-01 3.734479e-01 4.405472e-04 7.533859e-05 6.958600e-05 7.057362e-05 8.262489e+00 
450 10000 7.847939e-05 1.003742e-04 1.179986e-07 3.379456e+00 5.764460e-01 5.846526e-01 2.758928e-04 3.447528e+00 5.769562e-01 5.845698e-01 6.786012e-04 1.057802e-04 1.034850e-04 1.036170e-04 9.151074e+00 
450 14400 7.844539e-05 1.446544e-04 1.141801e-07 3.359079e+00 8.255515e-01 8.440610e-01 3.948970e-04 3.349613e+00 8.282195e-01 8.388790e-01 9.788966e-04 1.426214e-04 1.432662e-04 1.402958e-04 1.004745e+01 
450 19600 7.792260e-05 1.965038e-04 1.059845e-07 3.361052e+00 1.243182e+00 1.254152e+00 5.320400e-04 3.368270e+00 1.234429e+00 1.252146e+00 1.328924e-03 1.952582e-04 1.862308e-04 1.847884e-04 1.171597e+01 
450 25600 8.019200e-05 2.641132e-04 9.401701e-08 3.379804e+00 1.474363e+00 1.491048e+00 6.990640e-04 3.352283e+00 1.469403e+00 1.490558e+00 1.756185e-03 4.318122e-04 3.969418e-04 3.572244e-04 1.266148e+01 
450 32400 7.997979e-05 3.413888e-04 1.422130e-07 3.351865e+00 1.873812e+00 1.893265e+00 8.744182e-04 3.353866e+00 1.867024e+00 1.887321e+00 2.200869e-03 3.019698e-04 2.959948e-04 2.959066e-04 1.423158e+01 
450 40000 7.792660e-05 4.504098e-04 1.062173e-07 3.396846e+00 2.301522e+00 2.335219e+00 1.072024e-03 3.325917e+00 2.295689e+00 2.332666e+00 2.762537e-03 4.099374e-04 4.205352e-04 4.178172e-04 1.599350e+01 
450 48400 7.918240e-05 5.805566e-04 1.241919e-07 3.377592e+00 2.779052e+00 2.827485e+00 1.294266e-03 3.339911e+00 2.781155e+00 2.816677e+00 3.270375e-03 4.591450e-04 4.539652e-04 4.528796e-04 1.792849e+01 
450 57600 7.768241e-05 7.731810e-04 1.602340e-07 3.366499e+00 3.309609e+00 3.361081e+00 1.544439e-03 3.368766e+00 3.308858e+00 3.359218e+00 3.897418e-03 5.953588e-04 5.391708e-04 5.475352e-04 2.008204e+01 
450 67600 7.922440e-05 9.998080e-04 1.382083e-07 3.431665e+00 3.882502e+00 3.976531e+00 1.912476e-03 3.397174e+00 3.879257e+00 3.937036e+00 4.632333e-03 6.214618e-04 5.950044e-04 6.074168e-04 2.251364e+01 
450 78400 7.922263e-05 1.113234e-03 1.201872e-07 3.409373e+00 4.514813e+00 4.558566e+00 2.090024e-03 3.393314e+00 4.504443e+00 4.566908e+00 5.307278e-03 7.258202e-04 7.878308e-04 8.059160e-04 2.495836e+01 
450 90000 7.790257e-05 1.308398e-03 1.582317e-07 3.394980e+00 5.168352e+00 5.266019e+00 2.530447e-03 3.411267e+00 5.168921e+00 5.239488e+00 6.225986e-03 9.186024e-04 8.965354e-04 9.194258e-04 2.766193e+01 
500 400 8.680183e-05 5.566189e-06 1.002103e-07 4.445258e+00 2.544368e-02 2.580988e-02 1.796880e-05 4.452298e+00 2.541508e-02 2.580666e-02 2.831239e-05 1.942101e-05 1.577758e-05 1.563542e-05 9.000236e+00 
500 1600 8.747880e-05 1.672902e-05 1.059845e-07 4.443358e+00 1.021040e-01 1.036497e-01 5.279300e-05 4.471702e+00 1.020241e-01 1.037662e-01 1.124362e-04 3.704159e-05 3.611799e-05 3.605802e-05 9.327001e+00 
500 3600 8.851239e-05 3.675898e-05 1.301989e-07 4.433680e+00 2.294561e-01 2.329277e-01 1.050994e-04 4.446622e+00 2.290664e-01 2.315416e-01 2.445900e-04 5.365224e-05 5.180738e-05 5.032723e-05 9.803937e+00 
500 6400 8.891900e-05 6.629117e-05 1.224224e-07 4.434767e+00 4.066934e-01 4.142783e-01 1.796148e-04 4.497635e+00 4.097006e-01 4.152402e-01 4.361668e-04 7.313141e-05 7.845741e-05 7.936480e-05 1.057934e+01 
500 10000 8.681398e-05 1.008288e-04 1.181848e-07 4.440605e+00 6.395688e-01 6.483587e-01 2.905430e-04 4.517284e+00 6.393645e-01 6.492047e-01 6.865138e-04 1.065514e-04 1.055160e-04 1.034810e-04 1.153588e+01 
500 14400 8.622920e-05 1.458424e-04 1.000240e-07 4.489893e+00 9.193622e-01 9.355559e-01 4.066026e-04 4.472092e+00 9.217464e-01 9.326019e-01 9.755176e-04 1.444562e-04 1.426634e-04 1.397710e-04 1.267332e+01 
500 19600 8.675382e-05 1.951700e-04 1.042150e-07 4.475450e+00 1.256052e+00 1.270530e+00 5.356034e-04 4.466409e+00 1.254059e+00 1.268896e+00 1.332372e-03 1.944570e-04 1.891610e-04 1.865332e-04 1.399415e+01 
500 25600 8.676182e-05 2.623926e-04 1.944136e-07 4.460267e+00 1.627697e+00 1.652128e+00 6.909618e-04 4.459104e+00 1.631735e+00 1.657592e+00 1.738453e-03 3.394238e-04 3.792014e-04 4.393194e-04 1.549249e+01 
500 32400 8.780337e-05 3.354980e-04 1.401640e-07 4.448278e+00 2.080337e+00 2.110356e+00 8.793798e-04 4.471373e+00 2.064719e+00 2.099810e+00 2.192785e-03 3.056574e-04 2.948270e-04 2.990656e-04 1.727930e+01 
500 40000 8.623102e-05 4.451180e-04 1.139939e-07 4.467239e+00 2.560027e+00 2.606423e+00 1.072445e-03 4.428928e+00 2.554843e+00 2.588835e+00 2.709783e-03 4.521368e-04 4.695728e-04 4.641530e-04 1.921203e+01 
500 48400 8.844403e-05 5.857584e-04 1.462176e-07 4.403411e+00 3.096655e+00 3.141105e+00 1.326357e-03 4.433090e+00 3.121774e+00 3.136681e+00 3.309077e-03 4.398942e-04 5.286670e-04 5.408634e-04 2.133957e+01 
500 57600 8.631721e-05 7.723336e-04 1.241919e-07 4.517457e+00 4.043401e+00 3.744892e+00 1.536679e-03 4.469920e+00 4.020093e+00 3.724781e+00 3.917367e-03 5.925842e-04 6.212572e-04 6.193884e-04 2.452872e+01 
500 67600 8.764700e-05 9.842282e-04 1.822133e-07 4.453548e+00 4.337696e+00 4.384396e+00 1.847822e-03 4.481176e+00 4.351389e+00 4.409803e+00 4.602558e-03 7.036226e-04 7.043258e-04 7.253212e-04 2.642769e+01 
500 78400 8.784337e-05 1.084477e-03 1.301989e-07 4.442302e+00 5.019150e+00 5.098033e+00 2.141095e-03 4.457057e+00 5.011113e+00 5.079560e+00 5.300962e-03 7.270038e-04 6.876226e-04 6.855076e-04 2.911796e+01 
500 90000 8.657561e-05 1.314134e-03 1.561828e-07 4.366409e+00 5.744030e+00 5.819448e+00 2.459942e-03 4.375648e+00 5.796526e+00 5.889983e+00 6.097656e-03 9.918138e-04 9.618690e-04 9.619752e-04 3.200495e+01 
550 400 9.593936e-05 5.494198e-06 1.121778e-07 5.177871e+00 2.800159e-02 2.856414e-02 1.851781e-05 5.217186e+00 2.786843e-02 2.820971e-02 2.995897e-05 1.753420e-05 1.583183e-05 1.564138e-05 1.050791e+01 
550 1600 9.480380e-05 1.910864e-05 9.620562e-08 5.234632e+00 1.119840e-01 1.135848e-01 5.143904e-05 5.241096e+00 1.118383e-01 1.129736e-01 1.127468e-04 3.624819e-05 3.512860e-05 3.491417e-05 1.092651e+01 
550 3600 9.516040e-05 3.588577e-05 1.001637e-07 5.243703e+00 2.530781e-01 2.570401e-01 1.057162e-04 5.239751e+00 2.511659e-01 2.546594e-01 2.452008e-04 5.262280e-05 5.171122e-05 5.115042e-05 1.150005e+01 
550 6400 9.511639e-05 6.595058e-05 1.501758e-07 5.252266e+00 4.513073e-01 4.572960e-01 1.795928e-04 5.291971e+00 4.500220e-01 4.561387e-01 4.381096e-04 7.282700e-05 7.005082e-05 7.169340e-05 1.236002e+01 
550 10000 9.511439e-05 9.974344e-05 1.261942e-07 5.269166e+00 7.061896e-01 7.144658e-01 2.774912e-04 5.283077e+00 7.052780e-01 7.127831e-01 6.817180e-04 1.075710e-04 1.019906e-04 1.213436e-04 1.339247e+01 
550 14400 9.653843e-05 1.432944e-04 1.101755e-07 5.225016e+00 1.011405e+00 1.019257e+00 4.062318e-04 5.280196e+00 1.011071e+00 1.025222e+00 1.012439e-03 1.450048e-04 1.423610e-04 1.407566e-04 1.457428e+01 
550 19600 9.513441e-05 1.952400e-04 8.419156e-08 5.262405e+00 1.387479e+00 1.407930e+00 5.546798e-04 5.280744e+00 1.376095e+00 1.397149e+00 1.328047e-03 1.962436e-04 1.883538e-04 1.898220e-04 1.611458e+01 
550 25600 9.672660e-05 2.584946e-04 8.018687e-08 5.258166e+00 1.799912e+00 1.830973e+00 7.674960e-04 5.285465e+00 1.794560e+00 1.824850e+00 1.753265e-03 4.498290e-04 4.412380e-04 4.210920e-04 1.779815e+01 
550 32400 9.538084e-05 3.408960e-04 1.501758e-07 5.280066e+00 2.283838e+00 2.314882e+00 8.762028e-04 5.297959e+00 2.274056e+00 2.324187e+00 2.195993e-03 3.040428e-04 2.928542e-04 2.960670e-04 1.977942e+01 
550 40000 9.631603e-05 4.780612e-04 9.820797e-08 5.264904e+00 2.810784e+00 2.856118e+00 1.099641e-03 5.271391e+00 2.808545e+00 2.850548e+00 2.711885e-03 3.681928e-04 3.585622e-04 3.595018e-04 2.186779e+01 
550 48400 9.417282e-05 5.946916e-04 1.701992e-07 5.283125e+00 3.405472e+00 3.452224e+00 1.292894e-03 5.284631e+00 3.403011e+00 3.459029e+00 3.278152e-03 5.120722e-04 5.052760e-04 5.038118e-04 2.429431e+01 
550 57600 9.441720e-05 7.781042e-04 1.201872e-07 5.306392e+00 4.057635e+00 4.118656e+00 1.542417e-03 5.352646e+00 4.049612e+00 4.108730e+00 3.999093e-03 5.144918e-04 5.545436e-04 6.346794e-04 2.700182e+01 
550 67600 9.437921e-05 9.819290e-04 2.283603e-07 5.323761e+00 4.758729e+00 4.833398e+00 1.897567e-03 5.334841e+00 4.724560e+00 4.816007e+00 4.572468e-03 6.969166e-04 7.901522e-04 7.981240e-04 2.980116e+01 
550 78400 9.580138e-05 1.054249e-03 1.541805e-07 5.310851e+00 5.514711e+00 5.596754e+00 2.087547e-03 5.337223e+00 5.510625e+00 5.634393e+00 5.305751e-03 7.247056e-04 6.848760e-04 8.025698e-04 3.291535e+01 
550 90000 9.723138e-05 1.294912e-03 1.342036e-07 5.320814e+00 6.336803e+00 6.413451e+00 2.394777e-03 5.338228e+00 6.391078e+00 6.467174e+00 6.096992e-03 8.694452e-04 8.484918e-04 8.632078e-04 3.628005e+01 
600 400 1.032122e-04 5.600415e-06 1.222361e-07 6.687607e+00 3.053460e-02 3.095477e-02 1.718760e-05 6.707545e+00 3.061574e-02 3.107424e-02 2.823039e-05 1.807497e-05 1.578364e-05 1.760824e-05 1.351855e+01 
600 1600 1.032866e-04 1.850179e-05 7.417984e-08 6.679609e+00 1.230331e-01 1.246580e-01 5.083778e-05 6.701097e+00 1.225871e-01 1.235309e-01 1.122490e-04 3.730962e-05 3.574723e-05 3.674282e-05 1.387492e+01 
600 3600 1.033340e-04 3.786040e-05 1.062173e-07 6.680458e+00 2.741657e-01 2.778947e-01 1.046984e-04 6.700526e+00 2.752825e-01 2.796540e-01 2.462176e-04 5.588741e-05 5.059564e-05 5.075382e-05 1.448865e+01 
600 6400 1.058442e-04 6.540958e-05 1.442153e-07 6.677768e+00 4.894728e-01 4.996023e-01 1.788030e-04 6.704355e+00 4.910109e-01 5.014385e-01 4.348352e-04 7.764599e-05 7.183519e-05 7.306118e-05 1.536468e+01 
600 10000 1.054054e-04 9.966479e-05 9.816140e-08 6.670407e+00 7.687072e-01 7.834492e-01 2.795072e-04 6.700727e+00 7.723162e-01 7.831278e-01 6.788776e-04 1.054714e-04 1.039472e-04 1.044840e-04 1.648024e+01 
600 14400 1.033504e-04 1.458078e-04 1.201872e-07 6.692875e+00 1.203208e+00 1.225185e+00 3.941986e-04 6.695537e+00 1.118613e+00 1.213695e+00 9.788816e-04 1.419840e-04 1.542382e-04 1.603694e-04 1.815123e+01 
600 19600 1.044702e-04 1.952856e-04 9.620562e-08 6.679124e+00 1.498218e+00 1.524382e+00 5.427344e-04 6.703475e+00 1.494041e+00 1.518004e+00 1.332930e-03 2.049380e-04 2.024302e-04 2.008018e-04 1.942006e+01 
600 25600 1.045700e-04 2.584400e-04 1.002103e-07 6.676201e+00 1.954446e+00 1.992564e+00 7.179882e-04 6.697678e+00 1.965105e+00 1.990897e+00 1.764253e-03 4.184148e-04 4.345670e-04 4.346670e-04 2.128106e+01 
600 32400 1.047662e-04 3.407546e-04 1.502223e-07 6.677063e+00 2.477136e+00 2.520506e+00 9.161282e-04 6.695749e+00 2.472563e+00 2.516328e+00 2.193197e-03 3.374518e-04 3.652456e-04 3.679516e-04 2.336400e+01 
600 40000 1.026894e-04 4.345168e-04 1.301989e-07 6.677579e+00 3.073634e+00 3.130902e+00 1.071999e-03 6.699952e+00 3.091137e+00 3.134496e+00 2.711543e-03 3.801958e-04 3.599576e-04 3.591744e-04 2.581315e+01 
600 48400 1.042416e-04 5.935364e-04 1.241919e-07 6.686274e+00 4.082209e+00 3.771802e+00 1.296188e-03 6.702483e+00 4.087027e+00 3.762192e+00 3.314318e-03 4.382346e-04 4.302906e-04 4.307894e-04 2.909862e+01 
600 57600 1.053612e-04 7.780096e-04 1.402106e-07 6.666290e+00 4.432689e+00 4.490239e+00 1.536292e-03 6.697386e+00 4.421485e+00 4.490673e+00 3.899341e-03 5.518700e-04 5.385282e-04 5.469608e-04 3.120675e+01 
600 67600 1.026452e-04 9.856600e-04 1.701992e-07 6.666433e+00 5.212659e+00 5.244264e+00 1.855381e-03 6.697715e+00 5.173386e+00 5.255819e+00 4.625882e-03 6.004928e-04 5.936706e-04 6.094502e-04 3.425968e+01 
600 78400 1.025610e-04 1.124721e-03 1.701992e-07 6.686920e+00 6.049477e+00 6.660588e+00 2.089378e-03 6.702094e+00 6.006025e+00 6.651778e+00 5.354518e-03 7.284378e-04 8.439964e-04 8.812960e-04 3.876804e+01 
600 90000 1.025732e-04 1.254047e-03 2.062414e-07 6.661452e+00 6.911811e+00 6.999307e+00 2.397550e-03 6.695737e+00 6.904322e+00 7.045041e+00 6.420066e-03 9.215824e-04 8.767874e-04 8.935864e-04 4.123057e+01 
650 400 1.135014e-04 5.700579e-06 1.281966e-07 8.581505e+00 3.310691e-02 3.352507e-02 1.933281e-05 8.570399e+00 3.311319e-02 3.353561e-02 2.983841e-05 1.698541e-05 1.587779e-05 1.602801e-05 1.728542e+01 
650 1600 1.122418e-04 1.737601e-05 9.220093e-08 8.586579e+00 1.324130e-01 1.337043e-01 5.164901e-05 8.588068e+00 1.324769e-01 1.337399e-01 1.089988e-04 3.940081e-05 3.525456e-05 3.698720e-05 1.770740e+01 
650 3600 1.114986e-04 3.819321e-05 1.122244e-07 8.578557e+00 2.980060e-01 3.033973e-01 1.063608e-04 8.585266e+00 2.973861e-01 3.041601e-01 2.451842e-04 5.519642e-05 5.067382e-05 5.066562e-05 1.836745e+01 
650 6400 1.115326e-04 6.620083e-05 1.201872e-07 8.580202e+00 5.301602e-01 5.363595e-01 1.837806e-04 8.590785e+00 5.316916e-01 5.423392e-01 4.367822e-04 7.452122e-05 7.410059e-05 7.473780e-05 1.931258e+01 
650 10000 1.143286e-04 9.929421e-05 9.820797e-08 8.578092e+00 8.273872e-01 8.409527e-01 2.906420e-04 8.574409e+00 8.273551e-01 8.395533e-01 6.819304e-04 1.077550e-04 1.055956e-04 1.083056e-04 2.048929e+01 
650 14400 1.195546e-04 1.420200e-04 9.220093e-08 8.615763e+00 1.298845e+00 1.312210e+00 4.060364e-04 8.596562e+00 1.221936e+00 1.331499e+00 9.763960e-04 1.449406e-04 1.418156e-04 1.407042e-04 2.237893e+01 
650 19600 1.129648e-04 1.984222e-04 1.222361e-07 8.589453e+00 1.624669e+00 1.645311e+00 5.342118e-04 8.573024e+00 1.618057e+00 1.638844e+00 1.364704e-03 2.341256e-04 2.333524e-04 2.314396e-04 2.369230e+01 
650 25600 1.128726e-04 2.581676e-04 1.421664e-07 8.578987e+00 2.126317e+00 2.160775e+00 6.969888e-04 8.582911e+00 2.117766e+00 2.162033e+00 1.760409e-03 3.876548e-04 3.291456e-04 3.302392e-04 2.573270e+01 
650 32400 1.111720e-04 3.418646e-04 1.201872e-07 8.569507e+00 2.690423e+00 2.738114e+00 8.720824e-04 8.572550e+00 2.691486e+00 2.728525e+00 2.269319e-03 3.057906e-04 2.943254e-04 2.982012e-04 2.799513e+01 
650 40000 1.113364e-04 4.545326e-04 1.062173e-07 8.554530e+00 3.328638e+00 3.366965e+00 1.071103e-03 8.552553e+00 3.329680e+00 3.369421e+00 2.708779e-03 3.688326e-04 3.582388e-04 4.304468e-04 3.050732e+01 
650 48400 1.101764e-04 5.974420e-04 7.399358e-08 8.556649e+00 4.025468e+00 4.086685e+00 1.294766e-03 8.560509e+00 4.041756e+00 4.090112e+00 3.321193e-03 4.662682e-04 5.250840e-04 5.399702e-04 3.336807e+01 
650 57600 1.128446e-04 7.826326e-04 1.742039e-07 8.574337e+00 4.784347e+00 5.292958e+00 1.535733e-03 8.588375e+00 4.834004e+00 5.310359e+00 3.904536e-03 5.939028e-04 6.216302e-04 6.240138e-04 3.739259e+01 
650 67600 1.109096e-04 9.985992e-04 1.742039e-07 8.568794e+00 5.629621e+00 5.759075e+00 1.938515e-03 8.573480e+00 5.623017e+00 5.700378e+00 4.781038e-03 6.233508e-04 6.173598e-04 6.659364e-04 3.986413e+01 
650 78400 1.109918e-04 1.078645e-03 1.701992e-07 8.578247e+00 6.524971e+00 6.610785e+00 2.141452e-03 8.577014e+00 6.528548e+00 6.684150e+00 5.482798e-03 7.462824e-04 7.819176e-04 8.007638e-04 4.351489e+01 
650 90000 1.110558e-04 1.303909e-03 1.723878e-07 8.584318e+00 7.533905e+00 7.644850e+00 2.399341e-03 8.579277e+00 7.534999e+00 7.577394e+00 6.086773e-03 8.262940e-04 8.316620e-04 8.495708e-04 4.746718e+01 
700 400 1.196648e-04 5.620392e-06 9.620562e-08 1.027253e+01 3.565549e-02 3.609516e-02 1.918683e-05 1.027258e+01 3.552477e-02 3.590896e-02 2.989681e-05 1.797080e-05 1.594583e-05 1.600976e-05 2.068853e+01 
700 1600 1.222426e-04 1.689540e-05 1.082197e-07 1.026581e+01 1.424752e-01 1.439261e-01 5.178940e-05 1.028699e+01 1.427756e-01 1.443088e-01 1.096198e-04 4.147599e-05 3.576758e-05 3.519459e-05 2.112671e+01 
700 3600 1.217018e-04 3.624000e-05 1.241919e-07 1.028514e+01 3.220564e-01 3.267693e-01 1.062706e-04 1.027215e+01 3.208240e-01 3.282416e-01 2.469930e-04 5.260259e-05 5.052560e-05 5.207178e-05 2.185586e+01 
700 6400 1.215636e-04 6.635501e-05 1.062173e-07 1.025583e+01 5.713475e-01 5.820839e-01 1.799526e-04 1.024576e+01 5.712749e-01 5.788317e-01 4.378218e-04 7.373020e-05 7.344559e-05 7.162876e-05 2.280618e+01 
700 10000 1.197848e-04 1.005482e-04 1.341570e-07 1.028236e+01 8.941889e-01 9.067857e-01 2.772980e-04 1.027686e+01 8.905590e-01 9.014439e-01 6.889706e-04 1.056618e-04 1.063588e-04 1.087624e-04 2.415373e+01 
700 14400 1.217698e-04 1.430254e-04 1.121778e-07 1.026693e+01 1.291816e+00 1.308435e+00 3.947194e-04 1.027246e+01 1.283454e+00 1.306620e+00 9.774536e-04 1.429154e-04 1.432940e-04 1.420342e-04 2.573182e+01 
700 19600 1.195324e-04 1.983582e-04 8.819625e-08 1.024001e+01 1.761540e+00 1.784586e+00 5.351732e-04 1.026328e+01 1.766884e+00 1.807081e+00 1.330563e-03 2.015510e-04 1.955020e-04 1.953958e-04 2.762620e+01 
700 25600 1.194364e-04 2.601344e-04 8.619390e-08 1.026390e+01 2.297853e+00 2.324040e+00 6.996688e-04 1.029335e+01 2.285494e+00 2.319396e+00 1.745486e-03 3.656620e-04 4.232260e-04 4.281294e-04 2.978810e+01 
700 32400 1.207344e-04 3.419806e-04 1.482200e-07 1.026643e+01 2.893815e+00 2.947159e+00 8.961122e-04 1.027219e+01 2.916433e+00 2.941513e+00 2.194591e-03 3.098586e-04 3.162964e-04 3.167050e-04 3.224207e+01 
700 40000 1.192200e-04 4.373752e-04 1.002103e-07 1.028286e+01 3.923470e+00 3.956806e+00 1.068628e-03 1.030652e+01 3.925748e+00 4.002558e+00 2.709626e-03 3.687706e-04 3.596590e-04 3.593186e-04 3.640342e+01 
700 48400 1.215334e-04 5.778510e-04 1.601875e-07 1.024783e+01 4.324169e+00 4.394787e+00 1.295611e-03 1.025227e+01 4.332450e+00 4.386118e+00 3.274229e-03 4.383766e-04 4.316446e-04 4.339000e-04 3.794423e+01 
700 57600 1.209566e-04 7.665728e-04 1.521781e-07 1.025500e+01 5.165134e+00 5.222583e+00 1.535507e-03 1.026148e+01 5.158382e+00 5.222558e+00 3.946141e-03 5.896286e-04 6.066880e-04 6.064556e-04 4.129334e+01 
700 67600 1.211950e-04 9.881436e-04 2.063811e-07 1.028822e+01 6.608016e+00 6.703214e+00 1.846449e-03 1.028993e+01 6.630967e+00 6.691057e+00 4.685457e-03 5.983756e-04 6.037876e-04 6.409452e-04 4.722092e+01 
700 78400 1.209646e-04 1.080043e-03 1.722015e-07 1.027772e+01 7.024400e+00 7.107103e+00 2.219715e-03 1.025883e+01 7.014861e+00 7.106822e+00 5.363253e-03 7.546990e-04 7.332450e-04 7.368804e-04 4.880077e+01 
700 90000 1.195144e-04 1.291322e-03 1.181848e-07 1.026920e+01 8.087294e+00 8.226492e+00 2.391383e-03 1.028310e+01 8.146018e+00 8.174091e+00 6.852341e-03 9.659666e-04 9.385056e-04 9.401320e-04 5.319973e+01 
750 400 1.275064e-04 5.620392e-06 9.620562e-08 1.223597e+01 3.821429e-02 3.865103e-02 1.916662e-05 1.227211e+01 3.809375e-02 3.847405e-02 2.966817e-05 1.747399e-05 1.751422e-05 1.609595e-05 2.466177e+01 
750 1600 1.296476e-04 1.658280e-05 1.181848e-07 1.227904e+01 1.530390e-01 1.557407e-01 5.267477e-05 1.226023e+01 1.525368e-01 1.541117e-01 1.094936e-04 3.898437e-05 3.577359e-05 3.629420e-05 2.515514e+01 
750 3600 1.302484e-04 3.696922e-05 1.020264e-07 1.226471e+01 3.445730e-01 3.480621e-01 1.066092e-04 1.227509e+01 3.434121e-01 3.511203e-01 2.470790e-04 5.264082e-05 5.219402e-05 5.160300e-05 2.592766e+01 
750 6400 1.280332e-04 6.537139e-05 7.622875e-08 1.225401e+01 6.114855e-01 6.195664e-01 1.796362e-04 1.227780e+01 6.121320e-01 6.165674e-01 4.441554e-04 7.446720e-05 7.196739e-05 7.454120e-05 2.699263e+01 
750 10000 1.297738e-04 9.665238e-05 1.182314e-07 1.224571e+01 9.571233e-01 9.712249e-01 2.776786e-04 1.224564e+01 9.609806e-01 9.722394e-01 6.787076e-04 1.068316e-04 1.042816e-04 1.049366e-04 2.835444e+01 
750 14400 1.279332e-04 1.436746e-04 1.484063e-07 1.226655e+01 1.387274e+00 1.399841e+00 3.960032e-04 1.227375e+01 1.376506e+00 1.388060e+00 9.784432e-04 1.438468e-04 1.438406e-04 1.397928e-04 3.009409e+01 
750 19600 1.293172e-04 1.917844e-04 1.184177e-07 1.225314e+01 1.879237e+00 1.904544e+00 5.330262e-04 1.226318e+01 1.883396e+00 1.903782e+00 1.328378e-03 2.036264e-04 2.074218e-04 2.144044e-04 3.209012e+01 
750 25600 1.295056e-04 2.601186e-04 9.019859e-08 1.226058e+01 2.458103e+00 2.487028e+00 6.939526e-04 1.226317e+01 2.613509e+00 2.481540e+00 1.735248e-03 3.703172e-04 4.177882e-04 4.358672e-04 3.456800e+01 
750 32400 1.274664e-04 3.433108e-04 1.281966e-07 1.215918e+01 3.121423e+00 3.159848e+00 9.210920e-04 1.215950e+01 3.104680e+00 3.144888e+00 2.265615e-03 3.466076e-04 3.471844e-04 3.493918e-04 3.685424e+01 
750 40000 1.276266e-04 4.464568e-04 1.301989e-07 1.215245e+01 3.841994e+00 3.887380e+00 1.068229e-03 1.215789e+01 3.826218e+00 3.877190e+00 2.708212e-03 3.670402e-04 3.622068e-04 3.605104e-04 3.974860e+01 
750 48400 1.276226e-04 5.824498e-04 1.802109e-07 1.214888e+01 4.648187e+00 4.726693e+00 1.401114e-03 1.213949e+01 4.650791e+00 4.707471e+00 3.345912e-03 4.687920e-04 4.600470e-04 4.662082e-04 4.302840e+01 
750 57600 1.294874e-04 7.803092e-04 1.422130e-07 1.216926e+01 5.533927e+00 5.594206e+00 1.534287e-03 1.215032e+01 5.517573e+00 5.585553e+00 3.895349e-03 5.166580e-04 5.059902e-04 5.086800e-04 4.655873e+01 
750 67600 1.273362e-04 9.714496e-04 1.482200e-07 1.214180e+01 6.481389e+00 6.568540e+00 1.929998e-03 1.212493e+01 6.497064e+00 6.553426e+00 4.573854e-03 6.000000e-04 5.959780e-04 7.324298e-04 5.037672e+01 
750 78400 1.274224e-04 1.053710e-03 1.442153e-07 1.213312e+01 7.546471e+00 7.601080e+00 2.157242e-03 1.214183e+01 7.529477e+00 7.594270e+00 5.309999e-03 8.537770e-04 8.387906e-04 8.360946e-04 5.455745e+01 
750 90000 1.295116e-04 1.312157e-03 2.081972e-07 1.217394e+01 9.479553e+00 8.749753e+00 2.454624e-03 1.214734e+01 8.794318e+00 8.719788e+00 6.253238e-03 8.421596e-04 7.761588e-04 8.036558e-04 6.007729e+01 
800 400 1.374474e-04 5.566422e-06 1.322012e-07 1.432605e+01 4.075623e-02 4.118403e-02 1.910059e-05 1.432517e+01 4.076661e-02 4.119729e-02 3.049341e-05 1.778840e-05 1.553921e-05 1.600999e-05 2.881539e+01 
800 1600 1.384930e-04 1.770640e-05 1.102220e-07 1.434536e+01 1.633711e-01 1.655050e-01 5.513239e-05 1.432826e+01 1.643153e-01 1.661159e-01 1.124800e-04 3.800280e-05 3.537079e-05 3.529880e-05 2.933337e+01 
800 3600 1.390356e-04 3.582360e-05 1.221895e-07 1.433403e+01 3.674239e-01 3.707271e-01 1.040714e-04 1.432941e+01 3.662059e-01 3.706276e-01 2.475576e-04 5.307742e-05 5.098819e-05 5.239621e-05 3.013913e+01 
800 6400 1.388434e-04 6.547179e-05 1.221895e-07 1.432904e+01 6.541469e-01 6.630058e-01 2.064904e-04 1.432807e+01 6.578873e-01 6.695824e-01 4.390096e-04 7.556281e-05 7.230002e-05 7.060762e-05 3.130282e+01 
800 10000 1.385790e-04 9.823279e-05 9.001233e-08 1.434606e+01 1.022761e+00 1.036184e+00 2.796036e-04 1.433435e+01 1.018790e+00 1.036456e+00 6.791482e-04 1.078330e-04 1.030578e-04 1.058762e-04 3.279615e+01 
800 14400 1.386632e-04 1.430176e-04 2.163928e-07 1.433677e+01 1.470132e+00 1.489901e+00 4.070058e-04 1.434691e+01 1.468229e+00 1.492107e+00 9.759660e-04 1.449264e-04 1.396846e-04 1.422444e-04 3.460617e+01 
800 19600 1.375974e-04 1.952676e-04 9.220093e-08 1.433902e+01 2.001096e+00 2.017535e+00 5.498174e-04 1.433283e+01 2.006956e+00 2.029779e+00 1.329049e-03 2.198304e-04 2.195860e-04 2.191694e-04 3.673012e+01 
800 25600 1.377058e-04 2.565392e-04 1.521781e-07 1.429051e+01 2.627039e+00 2.651669e+00 6.949080e-04 1.432675e+01 2.638323e+00 2.649711e+00 1.737776e-03 4.015278e-04 3.823350e-04 4.141506e-04 3.918806e+01 
800 32400 1.359752e-04 3.351086e-04 1.161825e-07 1.429587e+01 3.317100e+00 3.356929e+00 8.742960e-04 1.431628e+01 3.317925e+00 3.353242e+00 2.192653e-03 3.050216e-04 3.273650e-04 3.663812e-04 4.196192e+01 
800 40000 1.375674e-04 4.448684e-04 1.020264e-07 1.433689e+01 4.092521e+00 4.143842e+00 1.068778e-03 1.433909e+01 4.103540e+00 4.172344e+00 2.780020e-03 3.934936e-04 3.573258e-04 3.599354e-04 4.519381e+01 
800 48400 1.375194e-04 5.855066e-04 7.799827e-08 1.432277e+01 5.016281e+00 5.024900e+00 1.297007e-03 1.431296e+01 4.958048e+00 5.010937e+00 3.273505e-03 5.017454e-04 5.159286e-04 5.272394e-04 4.865276e+01 
800 57600 1.359150e-04 7.680010e-04 1.581851e-07 1.430027e+01 5.909179e+00 6.000789e+00 1.553106e-03 1.430353e+01 5.895306e+00 5.956127e+00 3.898206e-03 5.132004e-04 5.056092e-04 5.742458e-04 5.237319e+01 
800 67600 1.374092e-04 9.364906e-04 1.381617e-07 1.427376e+01 6.955517e+00 7.044858e+00 1.798612e-03 1.427610e+01 6.989505e+00 7.031238e+00 4.623664e-03 6.675070e-04 7.181626e-04 7.282758e-04 5.658063e+01 
800 78400 1.378718e-04 1.147306e-03 2.024230e-07 1.428741e+01 8.058283e+00 8.129908e+00 2.218460e-03 1.428472e+01 8.049206e+00 8.087175e+00 5.313924e-03 7.106734e-04 7.837164e-04 7.950434e-04 6.090785e+01 
800 90000 1.376516e-04 1.312941e-03 1.442153e-07 1.430147e+01 9.267656e+00 9.340546e+00 2.390995e-03 1.430214e+01 9.234277e+00 9.364043e+00 6.275334e-03 8.431692e-04 8.383760e-04 8.603490e-04 6.582283e+01 
850 400 1.441874e-04 5.736621e-06 7.823110e-08 1.671099e+01 4.330262e-02 4.381124e-02 1.942897e-05 1.671342e+01 4.337673e-02 4.378697e-02 3.021723e-05 1.769238e-05 1.561521e-05 1.584580e-05 3.359895e+01 
850 1600 1.467712e-04 1.728581e-05 1.241919e-07 1.671889e+01 1.731930e-01 1.744603e-01 5.132058e-05 1.671275e+01 1.732432e-01 1.747941e-01 1.118592e-04 3.759200e-05 3.552102e-05 3.481600e-05 3.412779e+01 
850 3600 1.474222e-04 3.604577e-05 1.261942e-07 1.670201e+01 3.922483e-01 3.989357e-01 1.053834e-04 1.671143e+01 3.920312e-01 3.959821e-01 2.459894e-04 5.261060e-05 5.067582e-05 5.144281e-05 3.499335e+01 
850 6400 1.466470e-04 6.410163e-05 1.202337e-07 1.669157e+01 6.933120e-01 7.004777e-01 1.792316e-04 1.669264e+01 6.970096e-01 7.059512e-01 4.374072e-04 7.744562e-05 7.145079e-05 7.074359e-05 3.618203e+01 
850 10000 1.445980e-04 9.881160e-05 1.242384e-07 1.675392e+01 1.089166e+00 1.222512e+00 2.761246e-04 1.674526e+01 1.081546e+00 1.192528e+00 6.965622e-04 1.040314e-04 1.038472e-04 1.032040e-04 3.808649e+01 
850 14400 1.449884e-04 1.443296e-04 1.742039e-07 1.670852e+01 1.570083e+00 1.586038e+00 3.943810e-04 1.670168e+01 1.558280e+00 1.571315e+00 9.791244e-04 1.438810e-04 1.663846e-04 1.809984e-04 3.969810e+01 
850 19600 1.451268e-04 1.942240e-04 1.022127e-07 1.666105e+01 2.132487e+00 2.152851e+00 5.322430e-04 1.665611e+01 2.127509e+00 2.149347e+00 1.328316e-03 1.961950e-04 1.871776e-04 1.859798e-04 4.188215e+01 
850 25600 1.462144e-04 2.597260e-04 5.797483e-08 1.669131e+01 2.784188e+00 2.826884e+00 6.945414e-04 1.668406e+01 2.788748e+00 2.803505e+00 1.740401e-03 3.875750e-04 3.774978e-04 3.850130e-04 4.458272e+01 
850 32400 1.458238e-04 3.400600e-04 8.400530e-08 1.668524e+01 3.534050e+00 3.567062e+00 8.725994e-04 1.668754e+01 3.518556e+00 3.569524e+00 2.192943e-03 3.061754e-04 2.967554e-04 2.943876e-04 4.756646e+01 
850 40000 1.442154e-04 4.543748e-04 1.322012e-07 1.669951e+01 4.357720e+00 4.404998e+00 1.070010e-03 1.667234e+01 4.342570e+00 4.396469e+00 2.710811e-03 4.410246e-04 4.362076e-04 4.356146e-04 5.087933e+01 
850 48400 1.461022e-04 5.886512e-04 1.501758e-07 1.672431e+01 5.269224e+00 5.358000e+00 1.306980e-03 1.671634e+01 5.246015e+00 5.313913e+00 3.269309e-03 5.143122e-04 5.184044e-04 5.176732e-04 5.463469e+01 
850 57600 1.458278e-04 7.691428e-04 2.244022e-07 1.677742e+01 6.276426e+00 6.348514e+00 1.537595e-03 1.676835e+01 6.276336e+00 6.358325e+00 3.945494e-03 5.673574e-04 6.218570e-04 6.362864e-04 5.881362e+01 
850 67600 1.455194e-04 9.871284e-04 1.903623e-07 1.685317e+01 8.091676e+00 8.116550e+00 1.791780e-03 1.685801e+01 8.044570e+00 8.131413e+00 4.569720e-03 6.513752e-04 6.880938e-04 6.928030e-04 6.610495e+01 
850 78400 1.435082e-04 1.109704e-03 1.402106e-07 1.685595e+01 9.373024e+00 9.439097e+00 2.098529e-03 1.685229e+01 9.372958e+00 9.425851e+00 5.623754e-03 7.299042e-04 7.286544e-04 7.970904e-04 7.133043e+01 
850 90000 1.452308e-04 1.301115e-03 1.822133e-07 1.685262e+01 1.072862e+01 1.084357e+01 2.392296e-03 1.684161e+01 1.072500e+01 1.082014e+01 6.084906e-03 9.905718e-04 1.010253e-03 1.008274e-03 7.682453e+01 
900 400 1.543544e-04 5.750638e-06 7.618219e-08 1.961685e+01 4.587708e-02 4.630418e-02 1.946297e-05 1.961237e+01 4.580707e-02 4.623737e-02 3.015921e-05 1.717159e-05 1.503639e-05 1.525078e-05 3.941372e+01 
900 1600 1.550576e-04 1.698341e-05 9.797513e-08 1.962416e+01 1.835123e-01 1.851474e-01 5.287300e-05 1.964238e+01 1.837239e-01 1.853662e-01 1.155726e-04 3.877580e-05 3.507240e-05 3.519040e-05 4.000475e+01 
900 3600 1.542182e-04 3.660261e-05 9.997748e-08 1.961979e+01 4.122976e-01 4.159771e-01 1.049828e-04 1.960940e+01 4.124797e-01 4.192202e-01 2.483768e-04 5.329163e-05 5.041538e-05 5.022897e-05 4.088988e+01 
900 6400 1.545188e-04 6.463863e-05 1.159962e-07 1.962201e+01 7.409180e-01 7.496077e-01 1.790194e-04 1.962171e+01 7.447189e-01 7.493285e-01 4.391158e-04 7.377220e-05 7.232423e-05 7.365197e-05 4.222938e+01 
900 10000 1.544988e-04 9.966479e-05 1.142267e-07 1.962075e+01 1.148172e+00 1.263375e+00 2.761924e-04 1.962357e+01 1.168049e+00 1.285551e+00 6.791806e-04 1.056076e-04 1.038410e-04 1.034566e-04 4.411102e+01 
900 14400 1.552238e-04 1.424828e-04 1.762062e-07 1.959175e+01 1.658009e+00 1.675360e+00 3.947836e-04 1.960906e+01 1.662681e+00 1.677207e+00 9.785698e-04 1.444378e-04 1.418700e-04 1.428934e-04 4.587620e+01 
900 19600 1.529646e-04 1.987668e-04 1.422130e-07 1.959572e+01 2.258677e+00 2.286804e+00 5.322610e-04 1.959556e+01 2.258647e+00 2.278729e+00 1.331130e-03 1.957044e-04 1.876102e-04 2.072696e-04 4.827698e+01 
900 25600 1.528042e-04 2.670810e-04 8.400530e-08 1.963466e+01 2.957233e+00 2.991657e+00 6.978042e-04 1.963095e+01 2.989177e+00 2.984173e+00 1.740433e-03 3.858024e-04 4.001296e-04 3.593848e-04 5.119189e+01 
900 32400 1.545390e-04 3.418926e-04 7.618219e-08 1.961946e+01 3.738739e+00 3.782113e+00 8.913194e-04 1.960597e+01 3.726353e+00 3.784961e+00 2.193380e-03 3.083426e-04 3.170516e-04 3.385798e-04 5.426216e+01 
900 40000 1.539260e-04 4.512360e-04 1.261942e-07 1.958166e+01 4.603413e+00 4.666502e+00 1.072512e-03 1.957359e+01 4.608616e+00 4.655463e+00 2.710575e-03 3.693916e-04 4.085222e-04 4.159532e-04 5.769486e+01 
900 48400 1.541364e-04 5.784860e-04 1.301989e-07 1.961840e+01 5.669793e+00 5.676162e+00 1.326121e-03 1.960147e+01 5.575640e+00 5.640978e+00 3.347192e-03 4.780260e-04 5.073098e-04 5.275418e-04 6.178940e+01 
900 57600 1.541342e-04 7.704148e-04 1.622364e-07 1.960619e+01 6.635696e+00 6.714000e+00 1.534859e-03 1.961640e+01 6.623771e+00 6.719644e+00 3.893786e-03 5.293426e-04 5.451344e-04 5.453906e-04 6.592372e+01 
900 67600 1.541344e-04 9.436236e-04 1.441687e-07 1.961347e+01 7.829169e+00 7.938141e+00 1.808607e-03 1.963497e+01 7.775681e+00 7.868252e+00 4.580027e-03 6.351948e-04 7.966238e-04 8.201550e-04 7.066945e+01 
900 78400 1.545088e-04 1.062765e-03 1.701992e-07 1.959056e+01 9.050766e+00 9.160857e+00 2.078717e-03 1.957658e+01 9.018239e+00 9.121005e+00 5.315544e-03 7.154686e-04 6.862550e-04 8.282232e-04 7.552888e+01 
900 90000 1.539018e-04 1.295377e-03 1.382083e-07 1.960209e+01 1.040703e+01 1.049871e+01 2.390342e-03 1.959973e+01 1.040354e+01 1.050331e+01 6.291750e-03 8.516360e-04 8.469792e-04 8.426706e-04 8.102711e+01 
950 400 1.624226e-04 5.534198e-06 9.196810e-08 2.195164e+01 4.848481e-02 4.885537e-02 1.888019e-05 2.195309e+01 4.845441e-02 4.886813e-02 2.989257e-05 1.777038e-05 1.579784e-05 1.758020e-05 4.409968e+01 
950 1600 1.599230e-04 1.659677e-05 1.079869e-07 2.196075e+01 1.941643e-01 1.954895e-01 5.058739e-05 2.195034e+01 1.941569e-01 1.961919e-01 1.128546e-04 3.749798e-05 3.546299e-05 3.555920e-05 4.469156e+01 
950 3600 1.628632e-04 3.565722e-05 1.464039e-07 2.195685e+01 4.402327e-01 4.451470e-01 1.086562e-04 2.196266e+01 4.389472e-01 4.435910e-01 2.515898e-04 5.388041e-05 5.225199e-05 5.130060e-05 4.568816e+01 
950 6400 1.626450e-04 6.655739e-05 1.222361e-07 2.195920e+01 7.781914e-01 7.856175e-01 1.815092e-04 2.196988e+01 7.778455e-01 7.854707e-01 4.365520e-04 7.340959e-05 7.387041e-05 7.398040e-05 4.705729e+01 
950 10000 1.627430e-04 9.932439e-05 1.241919e-07 2.200058e+01 1.309011e+00 1.354317e+00 2.770878e-04 2.197422e+01 1.237641e+00 1.346567e+00 6.787318e-04 1.053774e-04 1.102528e-04 1.135616e-04 4.922392e+01 
950 14400 1.627012e-04 1.425930e-04 1.279637e-07 2.196300e+01 1.750497e+00 1.775639e+00 3.946154e-04 2.196567e+01 1.779149e+00 1.768597e+00 9.865616e-04 1.448082e-04 1.473280e-04 1.460962e-04 5.100471e+01 
950 19600 1.624706e-04 1.943342e-04 1.343898e-07 2.201634e+01 2.622816e+00 2.630420e+00 5.309530e-04 2.201087e+01 2.612998e+00 2.635907e+00 1.330547e-03 2.037244e-04 1.977354e-04 1.993196e-04 5.453221e+01 
950 25600 1.620240e-04 2.607936e-04 8.218922e-08 2.197150e+01 3.114565e+00 3.150696e+00 6.938924e-04 2.196077e+01 3.105083e+00 3.138361e+00 1.783947e-03 3.983670e-04 4.041718e-04 3.938364e-04 5.644510e+01 
950 32400 1.623484e-04 3.383074e-04 5.397014e-08 2.196345e+01 3.931351e+00 3.973666e+00 8.792794e-04 2.195688e+01 3.942158e+00 3.974455e+00 2.193995e-03 3.062334e-04 2.944158e-04 3.286990e-04 5.974649e+01 
950 40000 1.623186e-04 4.664208e-04 1.141801e-07 2.200562e+01 5.318974e+00 5.381539e+00 1.071839e-03 2.199702e+01 5.334682e+00 5.381871e+00 2.705597e-03 3.676050e-04 3.595752e-04 3.599116e-04 6.542523e+01 
950 48400 1.606200e-04 5.992452e-04 1.582317e-07 2.196312e+01 5.895097e+00 5.955055e+00 1.294163e-03 2.196004e+01 5.884179e+00 6.008348e+00 3.277630e-03 4.609746e-04 4.306012e-04 4.298400e-04 6.767252e+01 
950 57600 1.628814e-04 7.951758e-04 1.861714e-07 2.196096e+01 7.007893e+00 7.065932e+00 1.534320e-03 2.196880e+01 7.010022e+00 7.088289e+00 3.904412e-03 5.268148e-04 6.015946e-04 6.196716e-04 7.211007e+01 
950 67600 1.633360e-04 9.969010e-04 1.422130e-07 2.195970e+01 8.230418e+00 8.300472e+00 1.892705e-03 2.197325e+01 8.236449e+00 8.362352e+00 4.569030e-03 6.376404e-04 6.972534e-04 7.132092e-04 7.707234e+01 
950 78400 1.620760e-04 1.092814e-03 2.003741e-07 2.198246e+01 9.588836e+00 9.705785e+00 2.081924e-03 2.197193e+01 9.537476e+00 9.653931e+00 5.365780e-03 7.177280e-04 6.877532e-04 7.450888e-04 8.245129e+01 
950 90000 1.622984e-04 1.283593e-03 1.904089e-07 2.198927e+01 1.099637e+01 1.212048e+01 2.527942e-03 2.198766e+01 1.094423e+01 1.205975e+01 6.416374e-03 9.192590e-04 9.792666e-04 1.011008e-03 9.011109e+01 
1000 400 1.714420e-04 5.690427e-06 1.021661e-07 2.538946e+01 5.101226e-02 5.158280e-02 1.965142e-05 2.538323e+01 5.103678e-02 5.138340e-02 3.042938e-05 1.838743e-05 1.622620e-05 1.541721e-05 5.097800e+01 
1000 1600 1.706086e-04 1.783459e-05 1.000240e-07 2.510571e+01 2.042599e-01 2.059628e-01 5.147900e-05 2.509282e+01 2.037655e-01 2.054851e-01 1.115986e-04 3.916258e-05 3.584558e-05 3.562318e-05 5.101848e+01 
1000 3600 1.709914e-04 3.621997e-05 1.261942e-07 2.506702e+01 4.655835e-01 4.705434e-01 1.063248e-04 2.508818e+01 4.581406e-01 4.646009e-01 2.467466e-04 5.438719e-05 4.994259e-05 5.052341e-05 5.201481e+01 
1000 6400 1.711678e-04 6.397362e-05 1.181848e-07 2.507832e+01 8.178173e-01 8.232282e-01 1.933128e-04 2.505927e+01 8.182551e-01 8.274642e-01 4.390218e-04 7.420280e-05 7.223198e-05 7.309718e-05 5.342547e+01 
1000 10000 1.711856e-04 9.820880e-05 1.041684e-07 2.508763e+01 1.275871e+00 1.290431e+00 2.801684e-04 2.510010e+01 1.284732e+00 1.302057e+00 6.807226e-04 1.053754e-04 1.038670e-04 1.022488e-04 5.534239e+01 
1000 14400 1.707332e-04 1.427312e-04 1.119915e-07 2.507507e+01 1.848327e+00 1.864310e+00 4.274826e-04 2.507135e+01 1.842582e+00 1.861297e+00 9.850212e-04 1.579078e-04 1.594422e-04 1.591958e-04 5.756517e+01 
1000 19600 1.690966e-04 1.950512e-04 7.799827e-08 2.506583e+01 2.508616e+00 2.539242e+00 5.367438e-04 2.507621e+01 2.505940e+00 2.532239e+00 1.329073e-03 1.945566e-04 1.873718e-04 1.847720e-04 6.023090e+01 
1000 25600 1.707350e-04 2.647976e-04 1.362059e-07 2.507245e+01 3.273592e+00 3.306431e+00 6.974138e-04 2.508515e+01 3.267456e+00 3.307151e+00 1.796193e-03 3.861868e-04 4.051472e-04 3.946736e-04 6.331638e+01 
1000 32400 1.694010e-04 3.452196e-04 1.521781e-07 2.508600e+01 4.134708e+00 4.208485e+00 8.765952e-04 2.508218e+01 4.122015e+00 4.171433e+00 2.199177e-03 3.026762e-04 2.941732e-04 2.946842e-04 6.680933e+01 
1000 40000 1.703264e-04 4.507972e-04 1.241919e-07 2.511718e+01 5.149395e+00 5.186016e+00 1.075024e-03 2.513245e+01 5.126899e+00 5.175089e+00 2.709044e-03 3.679596e-04 3.598014e-04 3.759316e-04 7.089257e+01 
1000 48400 1.701942e-04 5.955436e-04 1.281966e-07 2.507286e+01 6.227593e+00 6.312192e+00 1.303535e-03 2.508742e+01 6.199632e+00 6.244113e+00 3.272915e-03 4.383566e-04 4.310500e-04 4.481814e-04 7.515050e+01 
1000 57600 1.704986e-04 7.865990e-04 1.701992e-07 2.510912e+01 8.058226e+00 7.493208e+00 1.539465e-03 2.510850e+01 8.094296e+00 7.526406e+00 3.997609e-03 5.528698e-04 5.118426e-04 5.119588e-04 8.139786e+01 
1000 67600 1.710496e-04 9.926166e-04 1.181848e-07 2.508815e+01 8.707994e+00 8.808344e+00 1.892733e-03 2.508704e+01 8.664168e+00 8.727511e+00 4.570673e-03 5.974324e-04 5.943778e-04 6.083806e-04 8.509267e+01 
1000 78400 1.704666e-04 1.104352e-03 1.201872e-07 2.510889e+01 1.004389e+01 1.013403e+01 2.089707e-03 2.511436e+01 1.002475e+01 1.015752e+01 5.309092e-03 8.411064e-04 8.399064e-04 8.407918e-04 9.059467e+01 
1000 90000 1.703626e-04 1.293887e-03 1.641922e-07 2.511061e+01 1.160566e+01 1.176766e+01 2.386507e-03 2.512215e+01 1.150882e+01 1.167442e+01 6.091877e-03 8.302280e-04 8.255370e-04 8.470252e-04 9.680179e+01 
