100 2500 2.102774e-04 2.672880e-05 4.309695e-08 3.899398e-03 1.525570e-05 6.604643e-04 9.539573e-02 1.539905e-02 1.652928e-02 6.145060e-05 3.874503e-03 1.561020e-05 6.716110e-04 9.527589e-02 1.551020e-02 1.642136e-02 1.703749e-04 4.083090e-05 3.865460e-05 3.968710e-05 2.642754e-01 
100 10000 1.240779e-04 9.695150e-05 2.599554e-08 3.910965e-03 1.545700e-05 6.619566e-04 9.514824e-02 6.137969e-02 6.530423e-02 2.239888e-04 3.890439e-03 1.643550e-05 6.486448e-04 9.492138e-02 6.130826e-02 6.542455e-02 6.808788e-04 7.132220e-05 6.729530e-05 6.733130e-05 4.539824e-01 
100 22500 1.266618e-04 2.002735e-04 3.610039e-08 3.889440e-03 1.622320e-05 6.350625e-04 9.515815e-02 1.383625e-01 1.472088e-01 4.977259e-04 3.896872e-03 1.643050e-05 6.175545e-04 9.550897e-02 1.384316e-01 1.472689e-01 1.526147e-03 1.804600e-04 1.695206e-04 1.693974e-04 7.739005e-01 
100 40000 1.288240e-04 3.889728e-04 6.710179e-08 3.869104e-03 1.644850e-05 6.281853e-04 9.503152e-02 2.462095e-01 2.624465e-01 8.675220e-04 3.900963e-03 1.749710e-05 6.361531e-04 9.520194e-02 2.454176e-01 2.625076e-01 2.715245e-03 2.651003e-04 1.963778e-04 1.960053e-04 1.220665e+00 
100 62500 1.257045e-04 7.632682e-04 7.209601e-08 3.843247e-03 1.615110e-05 6.246044e-04 9.510091e-02 3.834736e-01 4.080472e-01 1.386949e-03 3.873771e-03 1.808100e-05 6.338632e-04 9.529106e-02 3.844994e-01 4.103494e-01 4.468658e-03 4.026193e-04 3.269876e-04 3.411336e-04 1.793614e+00 
100 90000 1.276404e-04 1.226284e-03 8.410425e-08 4.167690e-03 1.661270e-05 6.731108e-04 9.508426e-02 6.037995e-01 6.444226e-01 1.993653e-03 4.083804e-03 1.660270e-05 6.646611e-04 9.500391e-02 6.196497e-01 6.397895e-01 6.308204e-03 5.352261e-04 5.108317e-04 5.429777e-04 2.718649e+00 
200 2500 1.441059e-04 2.763420e-05 2.799788e-08 1.578442e-02 2.477700e-05 2.769452e-03 3.718423e-01 3.156667e-02 3.263894e-02 6.100400e-05 1.580134e-02 2.543090e-05 2.735367e-03 3.713499e-01 3.156992e-02 3.258888e-02 1.710460e-04 4.154290e-05 3.844030e-05 3.917340e-05 9.092398e-01 
200 10000 1.471615e-04 8.870720e-05 3.310270e-08 1.576744e-02 2.698520e-05 2.759234e-03 3.702487e-01 1.261826e-01 1.300843e-01 2.297766e-04 1.577169e-02 2.793570e-05 2.692516e-03 3.709864e-01 1.264062e-01 1.303570e-01 6.783555e-04 7.255820e-05 6.595540e-05 6.710510e-05 1.292683e+00 
200 22500 1.466837e-04 1.982397e-04 4.409812e-08 1.581463e-02 2.616300e-05 2.517160e-03 3.708792e-01 2.840776e-01 2.938827e-01 4.974598e-04 1.581901e-02 2.608190e-05 2.494992e-03 3.709263e-01 2.842379e-01 2.940995e-01 1.533630e-03 1.769799e-04 1.720606e-04 1.695539e-04 1.937719e+00 
200 40000 1.570392e-04 3.812455e-04 4.210160e-08 1.574063e-02 2.470080e-05 2.727057e-03 3.710025e-01 5.046099e-01 5.208350e-01 8.636469e-04 1.578636e-02 2.598269e-05 2.466431e-03 3.713290e-01 5.033322e-01 5.218786e-01 2.743124e-03 2.344125e-04 2.191847e-04 2.201671e-04 2.834607e+00 
200 62500 3.884386e-02 6.696141e-04 7.410417e-08 1.576627e-02 2.524370e-05 2.802543e-03 3.650620e-01 7.940186e-01 8.203710e-01 1.347109e-03 1.574782e-02 2.582050e-05 2.493828e-03 3.812268e-01 7.872378e-01 8.138488e-01 4.239493e-03 4.152220e-04 3.303954e-04 3.161091e-04 4.044824e+00 
200 90000 1.438922e-02 1.176383e-03 1.011998e-07 1.573475e-02 2.459370e-05 2.721549e-03 3.653367e-01 1.137903e+00 1.176599e+00 1.987383e-03 1.563634e-02 2.663260e-05 2.518230e-03 3.637355e-01 1.165391e+00 1.177520e+00 6.284093e-03 5.809751e-04 5.499628e-04 5.045161e-04 5.448654e+00 
300 2500 1.605984e-04 2.604080e-05 2.799788e-08 3.559070e-02 3.397770e-05 6.362766e-03 8.137600e-01 4.778353e-02 4.881986e-02 6.197040e-05 3.573091e-02 3.504620e-05 6.093988e-03 8.140400e-01 4.763803e-02 4.875011e-02 1.705192e-04 4.022290e-05 3.945280e-05 3.965610e-05 1.905201e+00 
300 10000 1.569980e-04 8.908280e-05 3.300374e-08 3.561192e-02 3.467370e-05 6.343759e-03 8.158242e-01 1.906502e-01 1.949642e-01 2.258867e-04 3.564072e-02 3.604370e-05 5.985380e-03 8.035704e-01 1.909350e-01 1.959887e-01 6.782582e-04 7.122010e-05 6.630280e-05 6.546460e-05 2.476963e+00 
300 22500 1.578193e-04 1.998189e-04 4.100148e-08 3.556598e-02 3.667870e-05 5.767525e-03 8.018863e-01 4.282557e-01 4.383202e-01 4.994044e-04 3.563242e-02 3.453050e-05 5.801509e-03 8.028377e-01 4.331014e-01 4.403605e-01 1.581054e-03 1.758342e-04 1.680125e-04 1.779673e-04 3.430592e+00 
300 40000 1.580106e-04 3.800846e-04 7.610070e-08 3.563361e-02 3.504230e-05 6.022783e-03 7.996075e-01 7.615373e-01 7.793098e-01 8.665709e-04 3.576532e-02 3.463860e-05 5.995871e-03 8.006959e-01 7.652651e-01 7.819754e-01 2.741548e-03 2.871250e-04 2.397234e-04 2.406557e-04 4.776824e+00 
300 62500 1.921214e-04 7.672778e-04 8.109491e-08 3.785943e-02 3.523850e-05 6.520154e-03 8.085256e-01 1.304641e+00 1.330925e+00 1.346510e-03 3.814859e-02 3.701520e-05 6.499678e-03 8.035931e-01 1.300247e+00 1.328813e+00 4.240990e-03 4.034153e-04 3.657603e-04 3.698703e-04 6.973564e+00 
300 90000 1.613816e-04 1.194626e-03 1.581968e-07 3.555468e-02 3.382840e-05 6.469792e-03 8.038348e-01 1.715846e+00 1.765772e+00 2.055161e-03 3.564602e-02 3.423410e-05 6.016930e-03 7.998783e-01 1.735734e+00 1.778077e+00 6.097139e-03 6.070306e-04 5.458203e-04 5.548948e-04 8.694149e+00 
400 2500 1.696881e-04 2.629030e-05 2.700253e-08 6.365124e-02 4.724450e-05 1.188761e-02 1.529158e+00 6.405628e-02 6.503972e-02 6.187230e-05 6.359909e-02 4.439930e-05 1.092686e-02 1.528129e+00 6.383706e-02 6.483426e-02 1.713366e-04 3.985750e-05 4.070880e-05 3.892300e-05 3.465784e+00 
400 10000 1.712685e-04 8.876050e-05 3.610039e-08 6.375188e-02 4.415590e-05 1.117747e-02 1.530759e+00 2.563884e-01 2.602239e-01 2.386400e-04 6.377225e-02 4.318440e-05 1.110666e-02 1.523609e+00 2.560505e-01 2.603539e-01 6.798555e-04 7.140240e-05 6.711500e-05 6.709600e-05 4.238688e+00 
400 22500 1.716449e-04 1.968855e-04 3.400492e-08 6.775394e-02 4.413380e-05 1.199930e-02 1.526086e+00 6.280837e-01 6.380798e-01 4.955908e-04 6.810650e-02 4.335960e-05 1.189204e-02 1.526952e+00 6.294222e-01 6.395249e-01 1.525220e-03 1.754245e-04 1.712413e-04 1.703239e-04 5.750926e+00 
400 40000 1.718382e-04 3.853595e-04 6.409828e-08 6.349504e-02 4.413480e-05 1.090460e-02 1.551473e+00 1.020881e+00 1.050272e+00 8.643436e-04 6.359061e-02 4.534270e-05 1.115072e-02 1.550120e+00 1.020230e+00 1.035122e+00 2.739302e-03 2.667967e-04 1.961041e-04 1.951336e-04 7.382179e+00 
400 62500 1.891166e-04 7.984021e-04 7.909839e-08 6.341221e-02 4.270990e-05 1.195918e-02 1.555603e+00 1.626296e+00 1.625800e+00 1.343588e-03 6.351964e-02 4.441920e-05 1.082237e-02 1.540971e+00 1.594658e+00 1.618007e+00 4.240391e-03 3.651452e-04 2.932088e-04 3.002143e-04 9.718697e+00 
400 90000 1.724484e-04 1.193261e-03 8.709612e-08 6.350158e-02 4.436620e-05 1.094831e-02 1.542249e+00 2.309407e+00 2.332426e+00 1.989709e-03 6.371237e-02 4.482190e-05 1.080325e-02 1.539189e+00 2.300323e+00 2.330430e+00 6.106977e-03 4.989334e-04 4.768414e-04 4.959770e-04 1.251405e+01 
500 2500 3.413647e-03 2.708440e-05 3.909809e-08 9.916853e-02 5.333950e-05 1.750178e-02 2.632915e+00 7.983943e-02 8.107620e-02 6.315720e-05 9.942031e-02 5.284280e-05 1.757615e-02 2.628585e+00 8.006781e-02 8.129896e-02 1.712716e-04 4.111230e-05 4.112030e-05 3.882600e-05 5.821376e+00 
500 10000 1.875488e-04 8.992120e-05 2.700253e-08 9.948308e-02 5.135570e-05 1.937190e-02 2.632934e+00 3.202713e-01 3.246505e-01 2.255626e-04 9.959088e-02 5.229400e-05 1.839349e-02 2.627125e+00 3.197297e-01 3.244551e-01 6.791464e-04 7.895180e-05 6.544760e-05 6.586220e-05 6.787527e+00 
500 22500 1.853656e-04 2.000545e-04 4.509930e-08 9.919935e-02 5.405970e-05 1.745995e-02 2.628403e+00 7.186366e-01 7.286881e-01 5.033568e-04 9.958237e-02 5.854130e-05 1.779324e-02 2.622905e+00 7.188221e-01 7.288650e-01 1.539070e-03 2.026657e-04 1.981289e-04 2.057952e-04 8.383536e+00 
500 40000 2.503414e-04 3.886558e-04 5.409820e-08 9.941213e-02 5.130850e-05 1.931274e-02 2.675342e+00 1.281143e+00 1.299634e+00 8.641961e-04 9.949539e-02 5.246430e-05 1.747259e-02 2.677295e+00 1.277193e+00 1.295289e+00 2.709714e-03 2.687799e-04 1.959063e-04 1.960886e-04 1.074660e+01 
500 62500 1.913234e-04 8.108207e-04 7.509952e-08 9.937253e-02 5.034510e-05 1.817004e-02 2.683254e+00 1.996674e+00 2.028846e+00 1.344655e-03 9.952315e-02 5.238720e-05 1.752219e-02 2.668401e+00 1.999269e+00 2.022575e+00 4.235945e-03 4.742867e-04 3.907952e-04 3.909134e-04 1.364158e+01 
500 90000 1.886055e-04 1.190438e-03 9.819632e-08 9.916850e-02 5.228500e-05 1.704385e-02 2.640921e+00 2.893195e+00 2.911159e+00 1.926511e-03 9.925149e-02 5.080080e-05 1.727639e-02 2.621260e+00 2.877748e+00 2.915998e+00 6.235752e-03 5.903417e-04 5.246076e-04 5.295280e-04 1.710435e+01 
600 2500 2.081353e-04 2.658460e-05 3.810273e-08 1.433539e-01 6.061140e-05 2.550506e-02 3.969027e+00 9.600942e-02 9.704974e-02 6.319120e-05 1.434503e-01 6.216470e-05 2.640562e-02 3.961337e+00 9.599915e-02 9.729736e-02 1.699024e-04 4.608470e-05 4.210690e-05 4.274770e-05 8.656181e+00 
600 10000 2.018681e-04 8.853410e-05 3.810273e-08 1.431799e-01 6.314720e-05 2.695701e-02 3.951305e+00 3.845389e-01 3.886388e-01 2.245550e-04 1.433937e-01 6.163300e-05 2.576929e-02 3.956173e+00 3.847574e-01 3.888168e-01 6.795908e-04 7.085870e-05 6.536450e-05 7.073850e-05 9.795083e+00 
600 22500 2.062337e-04 1.971130e-04 3.209570e-08 1.435410e-01 6.213170e-05 2.572249e-02 3.955824e+00 8.889586e-01 8.780157e-01 5.013971e-04 1.436371e-01 6.256230e-05 2.584066e-02 4.171358e+00 8.651491e-01 8.786888e-01 1.532549e-03 1.802960e-04 2.151039e-04 2.188515e-04 1.197995e+01 
600 40000 2.077840e-04 3.882011e-04 5.409820e-08 1.432088e-01 6.069360e-05 2.655407e-02 4.163659e+00 1.542392e+00 1.568825e+00 8.658539e-04 1.434266e-01 6.263340e-05 2.542916e-02 4.158567e+00 1.541004e+00 1.554740e+00 2.700255e-03 2.682372e-04 1.964951e-04 1.974446e-04 1.487279e+01 
600 62500 2.071330e-04 7.519058e-04 6.510527e-08 1.477149e-01 6.299790e-05 2.689372e-02 4.176838e+00 2.408807e+00 2.657730e+00 1.342160e-03 1.480473e-01 6.141170e-05 2.594631e-02 4.155783e+00 2.399568e+00 2.656607e+00 4.235197e-03 4.536197e-04 3.963593e-04 3.995841e-04 1.881188e+01 
600 90000 2.088886e-04 1.274099e-03 1.050998e-07 1.432740e-01 6.097300e-05 2.701032e-02 4.176424e+00 3.488314e+00 3.516246e+00 1.993023e-03 1.430040e-01 6.229590e-05 2.527724e-02 4.166686e+00 3.454375e+00 3.498952e+00 6.113985e-03 5.465465e-04 4.680804e-04 4.688185e-04 2.265079e+01 
700 2500 2.234835e-04 2.561330e-05 3.509922e-08 1.954382e-01 6.736350e-05 3.514003e-02 6.087130e+00 1.122203e-01 1.135139e-01 6.363690e-05 1.952949e-01 6.909210e-05 3.584858e-02 6.066101e+00 1.123449e-01 1.136390e-01 1.714739e-04 3.949390e-05 4.040220e-05 3.894910e-05 1.306743e+01 
700 10000 2.167825e-04 8.901680e-05 3.200257e-08 1.952365e-01 7.049120e-05 3.597892e-02 6.105006e+00 4.482702e-01 4.537228e-01 2.266893e-04 1.955006e-01 7.153170e-05 3.596944e-02 6.105060e+00 4.493730e-01 4.549531e-01 6.786707e-04 7.066640e-05 6.678060e-05 6.582130e-05 1.448066e+01 
700 22500 2.219833e-04 1.991802e-04 2.709567e-08 1.949350e-01 7.060930e-05 3.660267e-02 5.798145e+00 1.008790e+00 1.020258e+00 5.020312e-04 1.952649e-01 7.303300e-05 3.818814e-02 5.818931e+00 1.008286e+00 1.018340e+00 1.527796e-03 2.020214e-04 2.022919e-04 1.903921e-04 1.614096e+01 
700 40000 2.206983e-04 4.034189e-04 8.909847e-08 2.086332e-01 7.092990e-05 3.757446e-02 5.825123e+00 1.964333e+00 1.984679e+00 8.645917e-04 2.086561e-01 6.822580e-05 3.813124e-02 5.802978e+00 1.963540e+00 1.981651e+00 2.714333e-03 2.636104e-04 1.962018e-04 1.973094e-04 2.002033e+01 
700 62500 6.505130e-02 7.012314e-04 6.409828e-08 1.951875e-01 6.863750e-05 3.784337e-02 6.014379e+00 2.809922e+00 2.838424e+00 1.345825e-03 1.953474e-01 6.871650e-05 3.523569e-02 5.983043e+00 2.799224e+00 2.828499e+00 4.231136e-03 3.890936e-04 2.984674e-04 2.977863e-04 2.380960e+01 
700 90000 2.138691e-04 1.213935e-03 7.509952e-08 1.950136e-01 6.837811e-05 3.780443e-02 6.000850e+00 4.046265e+00 4.087391e+00 1.930091e-03 1.951238e-01 6.940050e-05 3.571321e-02 5.989127e+00 4.031965e+00 4.075456e+00 6.101064e-03 5.892082e-04 4.995675e-04 5.032009e-04 2.870594e+01 
800 2500 2.311118e-04 2.563930e-05 3.899913e-08 2.543650e-01 7.775600e-05 4.798145e-02 8.162488e+00 1.281688e-01 1.294654e-01 6.436500e-05 2.540515e-01 8.126530e-05 4.869740e-02 8.192243e+00 1.281982e-01 1.293868e-01 1.716421e-04 4.426111e-05 4.397360e-05 4.111030e-05 1.747585e+01 
800 10000 2.286092e-04 9.028670e-05 4.009926e-08 2.548620e-01 7.651110e-05 5.246463e-02 8.142633e+00 5.139657e-01 5.185668e-01 2.236256e-04 2.548255e-01 8.010360e-05 5.073389e-02 8.136401e+00 5.124345e-01 5.174211e-01 6.785442e-04 7.097190e-05 6.541050e-05 6.630790e-05 1.895592e+01 
800 22500 2.321022e-04 1.997870e-04 5.009933e-08 2.638263e-01 7.996230e-05 5.118986e-02 8.183130e+00 1.157839e+00 1.279396e+00 4.921984e-04 2.661468e-01 8.265730e-05 4.760319e-02 8.207009e+00 1.152711e+00 1.274940e+00 1.527757e-03 1.817111e-04 1.883090e-04 1.860967e-04 2.188700e+01 
800 40000 2.325881e-04 3.888051e-04 5.210168e-08 2.558473e-01 7.798640e-05 5.166333e-02 8.141035e+00 2.054157e+00 2.073545e+00 9.721426e-04 2.549624e-01 8.092870e-05 4.781469e-02 8.132802e+00 2.049717e+00 2.068157e+00 2.715957e-03 2.664125e-04 1.969288e-04 1.974406e-04 2.513487e+01 
800 62500 2.306311e-04 7.522765e-04 5.909824e-08 2.543146e-01 7.927030e-05 4.875321e-02 8.203619e+00 3.203354e+00 3.234913e+00 1.341187e-03 2.550842e-01 7.693080e-05 5.081657e-02 8.199707e+00 3.203502e+00 3.242265e+00 4.243180e-03 3.747632e-04 2.958114e-04 3.027228e-04 2.990406e+01 
800 90000 2.317699e-04 1.213042e-03 1.022010e-07 2.547357e-01 7.709700e-05 4.925334e-02 8.206004e+00 4.625687e+00 4.672611e+00 1.932889e-03 2.554315e-01 7.811760e-05 4.743412e-02 8.163089e+00 4.620001e+00 4.656522e+00 6.097353e-03 5.293829e-04 4.407487e-04 4.834965e-04 3.556189e+01 
900 2500 2.475915e-04 2.646350e-05 3.009918e-08 3.235541e-01 8.388620e-05 6.554545e-02 1.082228e+01 1.446972e-01 1.461743e-01 6.254640e-05 3.231235e-01 8.616960e-05 6.335129e-02 1.085868e+01 1.446127e-01 1.459477e-01 1.714408e-04 4.230110e-05 4.022800e-05 4.294210e-05 2.303880e+01 
900 10000 2.452069e-04 8.910200e-05 2.600136e-08 3.476260e-01 8.644400e-05 6.418708e-02 1.079593e+01 6.359661e-01 6.396658e-01 2.244159e-04 3.339323e-01 8.515110e-05 6.309094e-02 1.081670e+01 5.882481e-01 6.387737e-01 6.773539e-04 6.922730e-05 6.561290e-05 6.607160e-05 2.492576e+01 
900 22500 2.491078e-04 2.000625e-04 2.700253e-08 3.223718e-01 9.252500e-05 6.493452e-02 1.083973e+01 1.300252e+00 1.312411e+00 4.954563e-04 3.223817e-01 8.683359e-05 6.295701e-02 1.087566e+01 1.302737e+00 1.320855e+00 1.527211e-03 1.845694e-04 1.864281e-04 1.795349e-04 2.772754e+01 
900 40000 2.526681e-04 4.111275e-04 5.509937e-08 3.227114e-01 8.675650e-05 6.435822e-02 1.082491e+01 2.306155e+00 2.333278e+00 8.625783e-04 3.225853e-01 8.762780e-05 5.977386e-02 1.091605e+01 2.307537e+00 2.338861e+00 2.710939e-03 2.474623e-04 1.953686e-04 2.313704e-04 3.180134e+01 
900 62500 4.029950e-02 7.325554e-04 6.509945e-08 3.223021e-01 8.619960e-05 6.508271e-02 1.062802e+01 3.614664e+00 3.646453e+00 1.349149e-03 3.227388e-01 8.864130e-05 6.100042e-02 1.070591e+01 3.615785e+00 3.645090e+00 4.227925e-03 3.756135e-04 3.082341e-04 3.134248e-04 3.667487e+01 
900 90000 6.776472e-02 1.184618e-03 8.409843e-08 3.222087e-01 8.617360e-05 6.167286e-02 1.068372e+01 5.194564e+00 5.250015e+00 1.931142e-03 3.224310e-01 8.789920e-05 6.182808e-02 1.074697e+01 5.202753e+00 5.250332e+00 6.170493e-03 5.144277e-04 4.664460e-04 5.207451e-04 4.317526e+01 
1000 2500 2.616505e-04 2.610690e-05 3.809691e-08 3.994301e-01 9.313400e-05 8.209270e-02 1.374144e+01 1.610881e-01 1.622527e-01 6.302900e-05 3.987784e-01 9.816640e-05 7.750195e-02 1.381258e+01 1.607201e-01 1.622912e-01 1.708349e-04 4.262360e-05 4.163520e-05 4.132860e-05 2.915905e+01 
1000 10000 2.585779e-04 8.811050e-05 2.799788e-08 3.979508e-01 9.375590e-05 7.873752e-02 1.367727e+01 6.410146e-01 6.477249e-01 2.244950e-04 3.980825e-01 9.528320e-05 7.985769e-02 1.376021e+01 6.413408e-01 6.537750e-01 6.789221e-04 7.107200e-05 6.467450e-05 6.619680e-05 3.097764e+01 
1000 22500 2.616194e-04 2.011932e-04 5.710172e-08 3.979332e-01 9.798230e-05 8.338110e-02 1.380521e+01 1.444838e+00 1.458246e+00 4.935756e-04 3.979421e-01 9.859510e-05 8.111285e-02 1.367577e+01 1.444013e+00 1.454429e+00 1.528013e-03 1.887207e-04 1.835929e-04 1.842620e-04 3.424615e+01 
1000 40000 2.630225e-04 3.867332e-04 5.709589e-08 3.410509e-01 8.822670e-05 6.280079e-02 1.294176e+01 2.208525e+00 2.298312e+00 7.280806e-04 3.293261e-01 8.138050e-05 6.464466e-02 1.296675e+01 2.203174e+00 2.173400e+00 2.238561e-03 1.718826e-04 1.652617e-04 2.040556e-04 3.559411e+01 
1000 62500 3.657463e-02 7.838413e-04 4.909816e-08 3.343455e-01 8.489180e-05 6.625476e-02 1.262169e+01 3.354446e+00 3.349691e+00 1.130061e-03 3.303019e-01 8.240010e-05 6.410089e-02 1.235840e+01 3.474336e+00 3.373427e+00 3.528561e-03 3.934071e-04 3.074478e-04 3.064333e-04 3.937022e+01 
1000 90000 2.644619e-04 1.189239e-03 6.610062e-08 3.386744e-01 8.097690e-05 6.381966e-02 1.241109e+01 5.132588e+00 4.911386e+00 1.619273e-03 3.289665e-01 8.272740e-05 6.316466e-02 1.234304e+01 4.888361e+00 4.842753e+00 5.091707e-03 4.358776e-04 3.684740e-04 3.812521e-04 4.533340e+01 
