50 400 1.008720e-05 5.159620e-06 1.342036e-07 4.098470e-02 8.427626e-04 9.245568e-04 1.669102e-05 3.923089e-02 8.243432e-04 9.207472e-04 2.955021e-05 1.557721e-05 1.504039e-05 1.495238e-05 8.384951e-02 
50 1600 9.239791e-06 1.633842e-05 8.419156e-08 3.971234e-02 3.183519e-03 3.880872e-03 5.096397e-05 4.091003e-02 3.136056e-03 3.573010e-03 1.132510e-04 2.649962e-05 2.540778e-05 2.586660e-05 9.468171e-02 
50 3600 1.149317e-05 3.581936e-05 8.600764e-08 3.837944e-02 7.334706e-03 8.004200e-03 8.414779e-05 3.947724e-02 7.359596e-03 7.981392e-03 2.452984e-04 4.325658e-05 3.921259e-05 3.792061e-05 1.090560e-01 
50 6400 9.215809e-06 6.577224e-05 1.140404e-07 4.465115e-02 1.246333e-02 1.414037e-02 1.380962e-04 4.058682e-02 1.247609e-02 1.409036e-02 4.364358e-04 5.139280e-05 5.368418e-05 5.063764e-05 1.392342e-01 
50 10000 9.359978e-06 9.950059e-05 8.200295e-08 4.077213e-02 1.937309e-02 2.203749e-02 2.086196e-04 3.684731e-02 1.945328e-02 2.205463e-02 7.010632e-04 6.240122e-05 7.649022e-05 6.039217e-05 1.617809e-01 
50 14400 1.196978e-05 1.452130e-04 9.019859e-08 4.091345e-02 2.809476e-02 3.172207e-02 2.948764e-04 4.491639e-02 2.793195e-02 3.171455e-02 9.826196e-04 6.898702e-05 7.084780e-05 6.799158e-05 2.069615e-01 
50 19600 1.110658e-05 1.939998e-04 1.382083e-07 4.149870e-02 3.794451e-02 4.315734e-02 4.115006e-04 4.480597e-02 3.831792e-02 4.324143e-02 1.359575e-03 1.050548e-04 8.486863e-05 8.351682e-05 2.512400e-01 
50 25600 9.113830e-06 2.599062e-04 8.218922e-08 3.829135e-02 4.967001e-02 5.628609e-02 5.925370e-04 3.994079e-02 4.958383e-02 5.634315e-02 1.758496e-03 1.675602e-04 1.558268e-04 1.656554e-04 2.932504e-01 
50 32400 1.150100e-05 3.422852e-04 9.820797e-08 3.909535e-02 6.263822e-02 7.123467e-02 6.542212e-04 4.250777e-02 6.262579e-02 7.116916e-02 2.223964e-03 1.453210e-04 1.305790e-04 1.331768e-04 3.529386e-01 
50 40000 1.138300e-05 4.425730e-04 1.242384e-07 3.836961e-02 7.845555e-02 8.881234e-02 8.017094e-04 4.298444e-02 7.887227e-02 8.895033e-02 2.786954e-03 1.581222e-04 1.460620e-04 1.464006e-04 4.209678e-01 
50 48400 1.262883e-05 5.888214e-04 1.762062e-07 4.701073e-02 9.490295e-02 1.077078e-01 9.899044e-04 4.579003e-02 9.435237e-02 1.085589e-01 3.284317e-03 1.874900e-04 1.710034e-04 1.766698e-04 5.037639e-01 
50 57600 1.136302e-05 7.802354e-04 1.981854e-07 4.179320e-02 1.117125e-01 1.265428e-01 1.308721e-03 4.476930e-02 1.114782e-01 1.268706e-01 4.017001e-03 2.129000e-04 2.032596e-04 2.026006e-04 5.699329e-01 
50 67600 1.138300e-05 9.641640e-04 1.681969e-07 3.641838e-02 1.311373e-01 1.489466e-01 1.438871e-03 4.513070e-02 1.311812e-01 1.489741e-01 4.680454e-03 2.510410e-04 2.335328e-04 2.325092e-04 6.496330e-01 
50 78400 9.129802e-06 1.101411e-03 1.602340e-07 3.754954e-02 1.518965e-01 1.761637e-01 1.664500e-03 4.534336e-02 1.523315e-01 1.765148e-01 5.351338e-03 3.287732e-04 2.582196e-04 2.564008e-04 7.488072e-01 
50 90000 1.311162e-05 1.262413e-03 1.661945e-07 4.862939e-02 1.774640e-01 2.020648e-01 1.911389e-03 3.871509e-02 1.778635e-01 2.014791e-01 6.106953e-03 4.280012e-04 3.062114e-04 3.070886e-04 8.565899e-01 
100 400 2.047862e-05 5.374243e-06 1.022127e-07 1.270496e-01 1.731005e-03 1.827682e-03 1.695119e-05 1.317996e-01 1.733908e-03 1.810416e-03 2.822019e-05 1.706160e-05 1.581162e-05 1.556724e-05 2.660838e-01 
100 1600 1.750202e-05 1.624618e-05 1.122244e-07 1.313483e-01 6.671836e-03 7.145316e-03 4.085503e-05 1.269316e-01 6.754841e-03 7.149919e-03 1.088306e-04 2.563437e-05 2.524559e-05 2.735876e-05 2.862808e-01 
100 3600 1.745620e-05 3.549703e-05 1.101755e-07 1.259469e-01 1.485513e-02 1.581642e-02 8.094078e-05 1.255612e-01 1.504631e-02 1.581875e-02 2.467684e-04 4.151599e-05 3.940901e-05 4.121759e-05 3.135747e-01 
100 6400 1.998581e-05 6.608260e-05 8.200295e-08 1.258511e-01 2.640873e-02 2.817443e-02 1.368184e-04 1.343447e-01 2.642667e-02 2.809792e-02 4.376818e-04 5.255863e-05 5.876780e-05 5.134279e-05 3.701540e-01 
100 10000 1.772661e-05 9.735958e-05 1.201872e-07 1.257719e-01 4.113522e-02 4.380729e-02 2.162750e-04 1.261488e-01 4.118551e-02 4.382480e-02 6.800538e-04 5.835299e-05 6.058239e-05 5.737958e-05 4.230852e-01 
100 14400 1.762244e-05 1.489744e-04 1.661945e-07 1.249072e-01 5.946307e-02 6.338913e-02 3.295100e-04 1.262983e-01 5.928551e-02 6.323252e-02 9.779044e-04 7.455940e-05 6.933562e-05 6.933757e-05 4.982942e-01 
100 19600 1.985980e-05 1.969460e-04 1.141801e-07 1.266954e-01 8.081273e-02 8.636488e-02 3.988818e-04 1.266337e-01 8.083524e-02 8.580839e-02 1.343441e-03 9.914599e-05 8.332441e-05 8.656741e-05 5.894054e-01 
100 25600 1.764037e-05 2.545420e-04 1.964159e-07 1.250006e-01 1.055124e-01 1.123504e-01 5.208718e-04 1.269936e-01 1.056234e-01 1.122920e-01 1.775682e-03 1.664948e-04 1.634944e-04 1.751116e-04 6.908740e-01 
100 32400 2.132179e-05 3.346138e-04 1.482200e-07 1.243097e-01 1.336660e-01 1.422287e-01 6.958192e-04 1.395992e-01 1.332348e-01 1.423757e-01 2.225167e-03 1.370566e-04 1.208386e-04 1.366382e-04 8.191154e-01 
100 40000 1.773462e-05 4.447382e-04 1.881737e-07 1.254499e-01 1.683844e-01 1.796196e-01 8.012106e-04 1.263104e-01 1.673246e-01 1.797353e-01 2.715003e-03 1.668232e-04 1.484278e-04 1.583044e-04 9.513122e-01 
100 48400 2.053659e-05 5.872972e-04 1.641922e-07 1.258973e-01 2.038025e-01 2.157952e-01 1.004266e-03 1.278700e-01 2.024360e-01 2.145330e-01 3.340385e-03 1.933606e-04 1.709534e-04 1.714940e-04 1.095859e+00 
100 57600 2.341899e-05 7.477988e-04 2.543908e-07 1.273410e-01 2.375229e-01 2.527594e-01 1.227409e-03 1.238416e-01 2.373933e-01 2.521607e-01 3.903490e-03 2.145546e-04 1.957342e-04 2.138614e-04 1.237582e+00 
100 67600 1.954520e-05 9.407792e-04 1.681969e-07 1.288536e-01 2.777557e-01 2.988243e-01 1.403943e-03 1.265135e-01 2.798979e-01 2.987899e-01 4.722090e-03 2.532762e-04 2.226124e-04 2.333164e-04 1.418468e+00 
100 78400 1.964122e-05 1.078541e-03 1.222361e-07 1.239609e-01 3.229653e-01 3.437750e-01 1.668282e-03 1.273248e-01 3.231058e-01 3.454146e-01 5.462731e-03 3.544894e-04 2.852502e-04 2.871630e-04 1.595746e+00 
100 90000 1.988979e-05 1.285296e-03 1.742039e-07 1.238603e-01 4.083484e-01 4.360955e-01 1.978549e-03 1.237967e-01 4.086227e-01 4.394616e-01 6.236941e-03 4.128706e-04 3.048192e-04 3.234030e-04 1.950792e+00 
150 400 2.927580e-05 5.546212e-06 9.420328e-08 3.593858e-01 2.643508e-03 2.723704e-03 1.770840e-05 3.629062e-01 2.621659e-03 2.702673e-03 2.837637e-05 1.925477e-05 1.713759e-05 1.723780e-05 7.331442e-01 
150 1600 2.842438e-05 1.721159e-05 9.001233e-08 3.586498e-01 1.011431e-02 1.053652e-02 4.160423e-05 3.576441e-01 1.013638e-02 1.052440e-02 1.093694e-04 2.571261e-05 2.585058e-05 2.460880e-05 7.579063e-01 
150 3600 2.582860e-05 3.514839e-05 9.820797e-08 3.620773e-01 2.264256e-02 2.353308e-02 8.246321e-05 3.588655e-01 2.264575e-02 2.366999e-02 2.441406e-04 4.403177e-05 4.011383e-05 4.184041e-05 8.139792e-01 
150 6400 2.863682e-05 6.387541e-05 1.059845e-07 3.606267e-01 4.031105e-02 4.190488e-02 1.384548e-04 3.603306e-01 4.014523e-02 4.194403e-02 4.356786e-04 6.002183e-05 5.286899e-05 5.006082e-05 8.861241e-01 
150 10000 2.859659e-05 9.857519e-05 7.222407e-08 3.546823e-01 6.287145e-02 6.655648e-02 2.081850e-04 3.604625e-01 6.352525e-02 6.549738e-02 6.855360e-04 6.196457e-05 5.736779e-05 5.663261e-05 9.748232e-01 
150 14400 2.892320e-05 1.433922e-04 1.422130e-07 3.552402e-01 9.025130e-02 9.460344e-02 3.062936e-04 3.550870e-01 9.139014e-02 9.420411e-02 1.001746e-03 7.072580e-05 6.977823e-05 6.785942e-05 1.082491e+00 
150 19600 2.927780e-05 1.929340e-04 8.619390e-08 3.569502e-01 1.229655e-01 1.282714e-01 4.261204e-04 3.587650e-01 1.225979e-01 1.285580e-01 1.357385e-03 9.532841e-05 8.870042e-05 8.551180e-05 1.220417e+00 
150 25600 2.587461e-05 2.545622e-04 9.420328e-08 3.600644e-01 1.638371e-01 1.709698e-01 5.223160e-04 3.607393e-01 1.629756e-01 1.712152e-01 1.821472e-03 1.639088e-04 1.447602e-04 1.637426e-04 1.392932e+00 
150 32400 2.962817e-05 3.351144e-04 1.002103e-07 3.553918e-01 2.079280e-01 2.126149e-01 6.550664e-04 3.581689e-01 2.065502e-01 2.123804e-01 2.201174e-03 1.400332e-04 1.192100e-04 1.216676e-04 1.556674e+00 
150 40000 2.813819e-05 4.396706e-04 1.904089e-07 3.541040e-01 2.508286e-01 2.619880e-01 8.005536e-04 3.578901e-01 2.510036e-01 2.618968e-01 2.772565e-03 1.550456e-04 1.460842e-04 1.441572e-04 1.742233e+00 
150 48400 2.777139e-05 5.925790e-04 2.421904e-07 3.567552e-01 3.042931e-01 3.198366e-01 1.001404e-03 3.571262e-01 3.036330e-01 3.171741e-01 3.297154e-03 1.947528e-04 1.695192e-04 1.729924e-04 1.964318e+00 
150 57600 2.840641e-05 7.796906e-04 2.244022e-07 3.715649e-01 3.619935e-01 4.172798e-01 1.231972e-03 3.533726e-01 3.616641e-01 4.159073e-01 3.888397e-03 2.099136e-04 1.970744e-04 1.951874e-04 2.288360e+00 
150 67600 2.784762e-05 9.245488e-04 1.601875e-07 3.541992e-01 4.238464e-01 4.426881e-01 1.392259e-03 3.520404e-01 4.255876e-01 4.430698e-01 4.579843e-03 2.425284e-04 2.467786e-04 2.476278e-04 2.449142e+00 
150 78400 2.781763e-05 1.081314e-03 2.081972e-07 3.510696e-01 4.937949e-01 5.124671e-01 1.615620e-03 3.540573e-01 5.028528e-01 5.117707e-01 5.319316e-03 3.286932e-04 2.755618e-04 2.789808e-04 2.734997e+00 
150 90000 2.794177e-05 1.252932e-03 2.103858e-07 3.548291e-01 5.639840e-01 5.994384e-01 2.040867e-03 3.553938e-01 5.631100e-01 6.005768e-01 6.283731e-03 4.603520e-04 3.028826e-04 3.103256e-04 3.048071e+00 
200 400 3.765221e-05 5.350029e-06 1.102220e-07 4.490771e-01 3.558717e-03 3.632942e-03 1.729000e-05 4.494824e-01 3.500056e-03 3.622372e-03 2.827421e-05 1.893621e-05 1.877001e-05 1.523877e-05 9.130343e-01 
200 1600 3.437940e-05 1.645260e-05 1.221895e-07 4.511515e-01 1.363390e-02 1.415970e-02 4.134779e-05 4.523835e-01 1.368805e-02 1.411076e-02 1.109998e-04 3.041159e-05 2.525379e-05 2.527782e-05 9.594403e-01 
200 3600 3.747800e-05 3.599180e-05 1.102220e-07 4.490012e-01 3.054398e-02 3.142284e-02 8.289581e-05 4.477616e-01 3.042366e-02 3.138555e-02 2.458554e-04 4.453659e-05 4.034042e-05 4.152399e-05 1.021097e+00 
200 6400 3.650440e-05 6.500920e-05 1.119915e-07 4.486859e-01 5.491925e-02 5.600856e-02 1.401534e-04 4.491583e-01 5.505879e-02 5.597490e-02 4.370790e-04 5.882001e-05 5.313139e-05 5.328562e-05 1.120680e+00 
200 10000 3.920859e-05 9.906399e-05 1.221895e-07 4.516107e-01 8.436706e-02 8.702963e-02 2.226968e-04 4.489365e-01 8.552237e-02 8.714384e-02 6.928314e-04 6.249738e-05 5.898802e-05 5.615978e-05 1.245876e+00 
200 14400 3.869580e-05 1.420544e-04 1.002103e-07 4.520489e-01 1.215070e-01 1.256278e-01 3.004950e-04 4.465245e-01 1.216278e-01 1.260518e-01 9.764070e-04 7.368620e-05 6.796559e-05 6.808583e-05 1.395085e+00 
200 19600 3.670682e-05 1.920370e-04 1.019798e-07 4.504261e-01 1.690010e-01 1.744817e-01 4.021028e-04 4.483402e-01 1.678789e-01 1.749266e-01 1.345989e-03 1.031682e-04 8.346681e-05 8.573402e-05 1.587333e+00 
200 25600 3.672279e-05 2.554878e-04 1.781620e-07 4.484473e-01 2.163613e-01 2.234983e-01 5.201794e-04 4.492267e-01 2.159504e-01 2.235452e-01 1.785762e-03 1.590998e-04 1.530968e-04 1.599790e-04 1.780135e+00 
200 32400 3.635236e-05 3.379630e-04 1.102220e-07 4.510642e-01 2.742858e-01 2.836774e-01 6.525370e-04 4.489853e-01 2.734589e-01 2.842751e-01 2.204997e-03 1.336398e-04 1.276368e-04 1.322456e-04 2.019409e+00 
200 40000 3.636042e-05 4.440654e-04 1.281966e-07 4.479386e-01 3.425293e-01 3.539295e-01 8.032422e-04 4.519668e-01 3.375828e-01 3.490719e-01 2.763095e-03 1.663246e-04 1.549554e-04 1.536296e-04 2.287576e+00 
200 48400 3.660861e-05 5.939114e-04 1.701992e-07 4.517926e-01 4.522820e-01 4.261767e-01 9.713614e-04 4.583162e-01 4.524883e-01 4.365686e-01 3.275290e-03 1.881892e-04 1.753040e-04 1.755382e-04 2.683086e+00 
200 57600 3.612801e-05 8.123420e-04 1.161825e-07 4.467098e-01 4.954569e-01 5.094111e-01 1.149475e-03 4.501252e-01 4.903143e-01 5.031713e-01 3.954254e-03 2.135610e-04 1.989532e-04 2.051044e-04 2.901810e+00 
200 67600 3.610780e-05 9.780112e-04 1.984183e-07 4.483178e-01 5.716514e-01 6.015626e-01 1.350776e-03 4.546486e-01 5.760133e-01 6.060356e-01 4.717751e-03 5.973144e-04 2.238424e-04 2.294910e-04 3.266410e+00 
200 78400 3.630822e-05 1.060815e-03 2.381857e-07 4.512741e-01 6.634692e-01 6.847590e-01 1.613040e-03 4.502811e-01 6.615558e-01 6.842996e-01 5.381932e-03 4.044504e-04 2.859372e-04 2.855508e-04 3.604770e+00 
200 90000 3.634421e-05 1.279426e-03 1.722015e-07 4.572437e-01 7.603728e-01 7.861694e-01 1.783367e-03 4.517590e-01 7.600844e-01 7.863505e-01 6.176739e-03 4.594586e-04 3.077920e-04 3.123066e-04 4.012396e+00 
250 400 4.495122e-05 5.556177e-06 1.322012e-07 6.840715e-01 4.432282e-03 4.639333e-03 1.781057e-05 6.948268e-01 4.415997e-03 4.505809e-03 2.840441e-05 1.940504e-05 1.543122e-05 1.553120e-05 1.397067e+00 
250 1600 4.582456e-05 1.684916e-05 1.706416e-06 6.873172e-01 1.711074e-02 1.757267e-02 4.289597e-05 6.855985e-01 1.706320e-02 1.750980e-02 1.087804e-04 3.098040e-05 2.917359e-05 2.558222e-05 1.442502e+00 
250 3600 4.511341e-05 3.594561e-05 1.361594e-07 6.834293e-01 3.814380e-02 3.916710e-02 8.296799e-05 6.824005e-01 3.810662e-02 3.920218e-02 2.457890e-04 4.865681e-05 5.744980e-05 4.129158e-05 1.521038e+00 
250 6400 4.548579e-05 6.444422e-05 1.241919e-07 6.797173e-01 6.805804e-02 6.982703e-02 1.387914e-04 6.875681e-01 6.770203e-02 6.972340e-02 4.345972e-04 6.323042e-05 5.566119e-05 5.348800e-05 1.643480e+00 
250 10000 4.496523e-05 9.992919e-05 1.121778e-07 6.827244e-01 1.060901e-01 1.089725e-01 2.157100e-04 6.855790e-01 1.060943e-01 1.089162e-01 6.872002e-04 6.548977e-05 5.736779e-05 5.630800e-05 1.799634e+00 
250 14400 4.493520e-05 1.456754e-04 1.181848e-07 6.834756e-01 1.526052e-01 1.568657e-01 3.000860e-04 6.837971e-01 1.527592e-01 1.574075e-01 1.003234e-03 7.487400e-05 7.006680e-05 6.732638e-05 1.988645e+00 
250 19600 4.500719e-05 1.939978e-04 1.059845e-07 6.861646e-01 2.118617e-01 2.135624e-01 3.999514e-04 6.815273e-01 2.139523e-01 2.138249e-01 1.346785e-03 1.037690e-04 8.256743e-05 8.628080e-05 2.223183e+00 
250 25600 4.605060e-05 2.622256e-04 1.042150e-07 6.805645e-01 2.718879e-01 2.795801e-01 5.218654e-04 6.795888e-01 2.711868e-01 2.785461e-01 1.748185e-03 1.871474e-04 1.653508e-04 1.638608e-04 2.464487e+00 
250 32400 4.497720e-05 3.397854e-04 1.142267e-07 6.964863e-01 3.434484e-01 3.532897e-01 6.634730e-04 6.825232e-01 3.467754e-01 3.579304e-01 2.245021e-03 1.390858e-04 1.332108e-04 1.282656e-04 2.784193e+00 
250 40000 4.622899e-05 4.463866e-04 1.122244e-07 6.855186e-01 4.241615e-01 4.358722e-01 8.303262e-04 7.010964e-01 4.238215e-01 4.349545e-01 2.745905e-03 1.625568e-04 1.536174e-04 1.521772e-04 3.110006e+00 
250 48400 4.719859e-05 6.115954e-04 1.581851e-07 6.811914e-01 5.135204e-01 5.272627e-01 1.006365e-03 6.838063e-01 5.171588e-01 5.318658e-01 3.386241e-03 1.866126e-04 1.719468e-04 1.735030e-04 3.460446e+00 
250 57600 4.476276e-05 7.798686e-04 1.902226e-07 6.794006e-01 6.210636e-01 6.387811e-01 1.230658e-03 6.795165e-01 6.206131e-01 6.384631e-01 3.943325e-03 2.142080e-04 1.969902e-04 2.147748e-04 3.884523e+00 
250 67600 4.450241e-05 8.896246e-04 1.621898e-07 6.790358e-01 7.199634e-01 7.411032e-01 1.351565e-03 6.828055e-01 7.154967e-01 7.375803e-01 4.645510e-03 2.486754e-04 2.346144e-04 2.315278e-04 4.283692e+00 
250 78400 4.536780e-05 1.141219e-03 1.762062e-07 6.796885e-01 9.184893e-01 8.613949e-01 1.688548e-03 6.859597e-01 9.156548e-01 8.592305e-01 5.341415e-03 3.336384e-04 2.802386e-04 2.585362e-04 4.929572e+00 
250 90000 4.446842e-05 1.265921e-03 1.964159e-07 6.797883e-01 9.536297e-01 9.808879e-01 1.915702e-03 6.796595e-01 9.539274e-01 9.788360e-01 6.161376e-03 4.323440e-04 3.297748e-04 3.419248e-04 5.237278e+00 
300 400 5.493402e-05 5.389983e-06 9.820797e-08 9.889544e-01 5.313469e-03 5.384231e-03 1.818319e-05 9.920978e-01 5.343322e-03 5.416173e-03 2.823002e-05 1.806300e-05 1.471001e-05 1.478200e-05 2.002692e+00 
300 1600 5.423301e-05 1.712162e-05 9.620562e-08 9.946268e-01 2.055002e-02 2.096318e-02 4.082499e-05 9.984886e-01 2.061989e-02 2.096211e-02 1.092432e-04 3.074799e-05 2.717860e-05 2.541002e-05 2.076544e+00 
300 3600 5.605160e-05 3.570542e-05 1.041684e-07 9.887955e-01 4.594776e-02 4.699787e-02 8.684979e-05 9.871475e-01 4.597381e-02 4.706244e-02 2.451704e-04 4.583444e-05 4.219902e-05 3.986540e-05 2.162512e+00 
300 6400 5.102223e-05 6.445823e-05 1.464039e-07 9.871856e-01 8.189451e-02 8.396861e-02 1.372230e-04 9.885295e-01 8.181990e-02 8.367648e-02 4.352542e-04 5.656462e-05 5.443119e-05 5.533257e-05 2.307966e+00 
300 10000 5.353400e-05 9.958479e-05 1.221895e-07 9.853160e-01 1.279231e-01 1.306448e-01 2.218754e-04 9.846636e-01 1.279859e-01 1.311380e-01 7.003662e-04 6.184243e-05 5.796058e-05 5.911840e-05 2.488954e+00 
300 14400 5.331561e-05 1.455534e-04 1.322012e-07 1.000787e+00 1.876068e-01 1.915776e-01 3.057968e-04 9.891307e-01 1.876915e-01 1.918322e-01 9.798256e-04 7.708920e-05 6.924937e-05 6.974000e-05 2.750353e+00 
300 19600 5.336981e-05 1.994620e-04 1.401640e-07 9.908453e-01 2.526158e-01 2.580902e-01 4.023670e-04 9.861538e-01 2.508738e-01 2.566531e-01 1.347605e-03 1.047446e-04 8.325642e-05 8.634897e-05 2.997538e+00 
300 25600 5.306718e-05 2.556298e-04 1.261942e-07 9.952916e-01 3.271281e-01 3.342915e-01 5.223684e-04 9.980594e-01 3.264912e-01 3.340697e-01 1.752336e-03 1.806858e-04 1.598908e-04 1.645678e-04 3.318459e+00 
300 32400 5.351184e-05 3.430224e-04 1.521781e-07 9.868855e-01 4.582032e-01 4.234803e-01 6.584216e-04 9.963177e-01 4.644279e-01 4.322033e-01 2.192329e-03 1.385010e-04 1.212130e-04 1.226212e-04 3.765192e+00 
300 40000 5.284296e-05 4.456138e-04 1.260079e-07 1.002510e+00 5.110542e-01 5.226936e-01 8.586226e-04 9.970901e-01 5.111182e-01 5.223612e-01 2.746448e-03 1.658928e-04 1.537828e-04 1.582656e-04 4.071455e+00 
300 48400 5.309777e-05 5.897834e-04 1.341570e-07 1.000838e+00 6.307477e-01 6.370884e-01 1.037908e-03 1.000561e+00 6.310001e-01 6.313152e-01 3.289107e-03 2.033832e-04 1.745960e-04 1.734724e-04 4.537120e+00 
300 57600 5.458980e-05 7.986770e-04 2.182089e-07 9.969815e-01 7.358633e-01 7.549027e-01 1.163542e-03 1.008701e+00 7.357442e-01 7.551147e-01 3.950271e-03 2.174886e-04 1.964950e-04 2.208856e-04 4.993974e+00 
300 67600 5.312976e-05 9.024546e-04 1.722015e-07 1.009762e+00 8.647374e-01 8.857469e-01 1.337966e-03 9.950350e-01 8.618747e-01 8.811519e-01 4.690406e-03 2.594154e-04 2.256510e-04 2.257492e-04 5.506066e+00 
300 78400 5.495199e-05 1.121558e-03 1.782086e-07 1.000057e+00 1.019537e+00 1.041764e+00 1.609097e-03 9.965376e-01 1.019278e+00 1.041649e+00 5.467073e-03 3.547022e-04 2.584382e-04 2.570322e-04 6.127999e+00 
300 90000 5.463958e-05 1.362965e-03 1.782086e-07 9.949646e-01 1.150459e+00 1.176904e+00 1.849420e-03 9.946665e-01 1.147399e+00 1.175120e+00 6.275162e-03 4.170112e-04 2.969278e-04 3.019552e-04 6.650134e+00 
350 400 6.145779e-05 5.492195e-06 1.120381e-07 1.390230e+00 6.253007e-03 6.350631e-03 1.790682e-05 1.397205e+00 6.216456e-03 6.304480e-03 3.225817e-05 1.972537e-05 1.771837e-05 1.727780e-05 2.812755e+00 
350 1600 6.266362e-05 1.689121e-05 1.082197e-07 1.391195e+00 2.411793e-02 2.447012e-02 4.099524e-05 1.391382e+00 2.398892e-02 2.442752e-02 1.110160e-04 3.096219e-05 2.596080e-05 2.589477e-05 2.879923e+00 
350 3600 6.414782e-05 3.584162e-05 1.202337e-07 1.393842e+00 5.397141e-02 5.492432e-02 8.164858e-05 1.394363e+00 5.407311e-02 5.493611e-02 2.491178e-04 4.192097e-05 4.218342e-05 4.016822e-05 3.006694e+00 
350 6400 6.240960e-05 6.735916e-05 1.402106e-07 1.403207e+00 9.587982e-02 9.805493e-02 1.391750e-04 1.384285e+00 9.627843e-02 9.728734e-02 4.398844e-04 5.735820e-05 5.062222e-05 4.973058e-05 3.175892e+00 
350 10000 6.419239e-05 9.698961e-05 1.082197e-07 1.388779e+00 1.496765e-01 1.523009e-01 2.188206e-04 1.389672e+00 1.493882e-01 1.519657e-01 6.867428e-04 6.297659e-05 5.718581e-05 5.859802e-05 3.383058e+00 
350 14400 6.185276e-05 1.471408e-04 1.241919e-07 1.395418e+00 2.161286e-01 2.202885e-01 3.161264e-04 1.384721e+00 2.152618e-01 2.193712e-01 9.879804e-04 7.515643e-05 6.848620e-05 6.761700e-05 3.652948e+00 
350 19600 6.357501e-05 1.951938e-04 1.220033e-07 1.391500e+00 2.929429e-01 2.987266e-01 4.015820e-04 1.387815e+00 2.928926e-01 2.987516e-01 1.349657e-03 9.723138e-05 8.871662e-05 8.318042e-05 3.964948e+00 
350 25600 6.364919e-05 2.574126e-04 1.382083e-07 1.380565e+00 4.250315e-01 4.313299e-01 5.235024e-04 1.377509e+00 4.311771e-01 4.309375e-01 1.742148e-03 1.757826e-04 1.516286e-04 1.342206e-04 4.479634e+00 
350 32400 6.322460e-05 3.373618e-04 1.522247e-07 1.373435e+00 4.841017e-01 4.927778e-01 6.521480e-04 1.373569e+00 4.845624e-01 4.970446e-01 2.201523e-03 1.361902e-04 1.229402e-04 1.260890e-04 4.709174e+00 
350 40000 6.103721e-05 4.419206e-04 1.962297e-07 1.374644e+00 6.092905e-01 6.204635e-01 8.034890e-04 1.371948e+00 6.093971e-01 6.203490e-01 2.712551e-03 1.614594e-04 1.445040e-04 1.447204e-04 5.210613e+00 
350 48400 6.146580e-05 5.719050e-04 1.984183e-07 1.388232e+00 7.277234e-01 7.418493e-01 1.008321e-03 1.394493e+00 7.220418e-01 7.351028e-01 3.312127e-03 1.846300e-04 1.775252e-04 1.801694e-04 5.714994e+00 
350 57600 6.101122e-05 7.919500e-04 1.601875e-07 1.390102e+00 8.606061e-01 8.762658e-01 1.152717e-03 1.387259e+00 8.696397e-01 8.826949e-01 3.938136e-03 2.208984e-04 1.994102e-04 1.977178e-04 6.273193e+00 
350 67600 6.109942e-05 9.971338e-04 2.142042e-07 1.381911e+00 1.027343e+00 1.047897e+00 1.394502e-03 1.375224e+00 1.028356e+00 1.046328e+00 4.575349e-03 3.090464e-04 2.305048e-04 2.313822e-04 6.914911e+00 
350 78400 6.127362e-05 1.081614e-03 2.784189e-07 1.396112e+00 1.171218e+00 1.199906e+00 1.668536e-03 1.379435e+00 1.169951e+00 1.191137e+00 5.466397e-03 3.924450e-04 2.578336e-04 2.570926e-04 7.517002e+00 
350 90000 6.236341e-05 1.263338e-03 2.444256e-07 1.381575e+00 1.341385e+00 1.369824e+00 1.785246e-03 1.385439e+00 1.344821e+00 1.377726e+00 6.107476e-03 4.312512e-04 2.958746e-04 3.061460e-04 8.211073e+00 
400 400 7.255259e-05 5.590217e-06 6.817281e-08 1.822297e+00 7.086520e-03 7.182648e-03 2.095136e-05 1.826585e+00 7.133006e-03 7.178412e-03 3.059781e-05 1.898641e-05 1.744619e-05 2.037459e-05 3.677672e+00 
400 1600 6.994461e-05 1.704157e-05 1.141801e-07 1.824400e+00 2.785079e-02 2.822330e-02 4.130779e-05 1.823159e+00 2.754152e-02 2.798233e-02 1.137742e-04 2.980661e-05 2.720281e-05 2.844040e-05 3.759512e+00 
400 3600 7.017702e-05 3.604800e-05 1.082197e-07 1.822665e+00 6.171302e-02 6.273299e-02 8.124160e-05 1.827085e+00 6.188564e-02 6.273576e-02 2.456032e-04 4.457459e-05 4.047239e-05 4.206882e-05 3.899406e+00 
400 6400 7.009082e-05 6.472860e-05 1.521781e-07 1.805465e+00 1.098521e-01 1.112951e-01 1.381926e-04 1.826937e+00 1.096490e-01 1.115490e-01 4.352226e-04 5.619200e-05 5.136281e-05 5.018297e-05 4.075644e+00 
400 10000 6.997660e-05 1.003200e-04 1.402106e-07 1.822023e+00 1.751402e-01 1.780778e-01 2.270956e-04 1.828088e+00 1.753690e-01 1.781878e-01 6.825784e-04 6.329664e-05 5.727583e-05 5.810680e-05 4.358173e+00 
400 14400 7.010284e-05 1.428696e-04 1.062173e-07 1.825306e+00 2.468271e-01 2.504133e-01 3.037602e-04 1.826309e+00 2.468583e-01 2.509555e-01 1.001399e-03 7.128059e-05 6.951583e-05 6.982842e-05 4.648434e+00 
400 19600 6.981241e-05 1.945850e-04 1.041684e-07 1.819322e+00 3.360243e-01 3.418754e-01 4.016024e-04 1.827165e+00 3.352149e-01 3.413634e-01 1.335034e-03 1.024032e-04 8.791341e-05 8.231499e-05 5.003274e+00 
400 25600 6.963820e-05 2.591332e-04 2.021901e-07 1.821634e+00 4.385255e-01 4.591479e-01 5.213570e-04 1.822477e+00 4.386531e-01 4.454153e-01 1.745317e-03 1.672138e-04 1.466092e-04 1.637146e-04 5.428973e+00 
400 32400 6.965999e-05 3.452076e-04 1.161825e-07 1.819690e+00 5.541948e-01 5.636572e-01 6.622514e-04 1.825626e+00 5.529412e-01 5.637082e-01 2.223263e-03 1.378360e-04 1.229958e-04 1.215516e-04 5.883551e+00 
400 40000 7.012077e-05 4.537744e-04 1.701992e-07 1.827419e+00 6.849651e-01 6.956920e-01 8.178346e-04 1.836684e+00 6.848973e-01 6.956629e-01 2.712613e-03 1.627012e-04 1.424028e-04 1.456236e-04 6.429878e+00 
400 48400 6.990042e-05 6.359568e-04 1.522247e-07 1.832128e+00 9.150540e-01 8.432316e-01 1.042625e-03 1.840781e+00 9.165355e-01 8.519545e-01 3.285865e-03 1.873682e-04 1.733752e-04 1.712380e-04 7.205302e+00 
400 57600 7.039523e-05 7.888294e-04 1.783948e-07 1.835259e+00 9.866629e-01 1.020006e+00 1.152539e-03 1.832454e+00 9.847801e-01 1.019792e+00 3.902797e-03 3.272234e-04 2.022524e-04 2.141382e-04 7.685673e+00 
400 67600 7.165722e-05 9.980042e-04 1.641922e-07 1.840324e+00 1.158171e+00 1.175484e+00 1.344606e-03 1.829687e+00 1.155063e+00 1.174229e+00 4.645446e-03 2.752356e-04 2.256694e-04 2.380698e-04 8.340808e+00 
400 78400 6.929762e-05 1.211385e-03 2.484303e-07 1.834655e+00 1.341328e+00 1.363201e+00 1.621761e-03 1.833594e+00 1.342584e+00 1.368954e+00 5.416999e-03 3.431868e-04 2.654706e-04 2.672414e-04 9.093570e+00 
400 90000 6.963001e-05 1.308275e-03 1.924112e-07 1.834772e+00 1.542306e+00 1.563700e+00 1.850921e-03 1.830828e+00 1.543057e+00 1.569060e+00 6.285714e-03 4.421430e-04 3.295746e-04 3.204632e-04 9.894385e+00 
450 400 7.965900e-05 5.852804e-06 1.181848e-07 2.423288e+00 8.013287e-03 8.068709e-03 1.775040e-05 2.418822e+00 7.993749e-03 8.063305e-03 2.820217e-05 2.384163e-05 1.949924e-05 1.875004e-05 4.874471e+00 
450 1600 7.845936e-05 1.711957e-05 7.818453e-08 2.423352e+00 3.127481e-02 3.191322e-02 4.128763e-05 2.423553e+00 3.104780e-02 3.150066e-02 1.109658e-04 3.229021e-05 2.822839e-05 2.860883e-05 4.973011e+00 
450 3600 7.899622e-05 3.624819e-05 1.909025e-06 2.414264e+00 6.945820e-02 7.042771e-02 8.378318e-05 2.421812e+00 6.950604e-02 7.038181e-02 2.461440e-04 4.615923e-05 4.298822e-05 3.983737e-05 5.116455e+00 
450 6400 8.046841e-05 6.437222e-05 1.121778e-07 2.418800e+00 1.236187e-01 1.254012e-01 1.576096e-04 2.416945e+00 1.233983e-01 1.255004e-01 4.365548e-04 5.716737e-05 5.176542e-05 5.120640e-05 5.334592e+00 
450 10000 8.118120e-05 9.762398e-05 1.481734e-07 2.418021e+00 1.974522e-01 2.003168e-01 2.177176e-04 2.411900e+00 1.931031e-01 1.999926e-01 6.825626e-04 6.348481e-05 5.830121e-05 5.862759e-05 5.622082e+00 
450 14400 8.050641e-05 1.445202e-04 1.522247e-07 2.386794e+00 2.775215e-01 2.819820e-01 3.000086e-04 2.383383e+00 2.778990e-01 2.815235e-01 9.797690e-04 7.150499e-05 6.964621e-05 7.005879e-05 5.890857e+00 
450 19600 7.853541e-05 1.972830e-04 1.122244e-07 2.386969e+00 4.254171e-01 4.255175e-01 4.197216e-04 2.390312e+00 4.201284e-01 4.249560e-01 1.347855e-03 9.740959e-05 8.940562e-05 8.487096e-05 6.475650e+00 
450 25600 7.773442e-05 2.588130e-04 1.022127e-07 2.426389e+00 4.931476e-01 5.007720e-01 5.294736e-04 2.426617e+00 4.952752e-01 5.007657e-01 1.744528e-03 1.660142e-04 1.537658e-04 1.498580e-04 6.846096e+00 
450 32400 8.019200e-05 3.397198e-04 1.761597e-07 2.366529e+00 6.367191e-01 6.320875e-01 7.105602e-04 2.369196e+00 6.367912e-01 6.325204e-01 2.203659e-03 1.398370e-04 1.217680e-04 1.206224e-04 7.277611e+00 
450 40000 7.780641e-05 4.589742e-04 1.382083e-07 2.358935e+00 7.741174e-01 7.881758e-01 8.328292e-04 2.367868e+00 7.690635e-01 7.812617e-01 2.714098e-03 1.622788e-04 1.479452e-04 1.518050e-04 7.844025e+00 
450 48400 7.768222e-05 5.890586e-04 1.901761e-07 2.380912e+00 9.373556e-01 9.512620e-01 1.067939e-03 2.380055e+00 9.337573e-01 9.453768e-01 3.356380e-03 1.906710e-04 1.734734e-04 1.753042e-04 8.534400e+00 
450 57600 7.784641e-05 7.739492e-04 1.482200e-07 2.365024e+00 1.112363e+00 1.135471e+00 1.189917e-03 2.365944e+00 1.107252e+00 1.124126e+00 3.908470e-03 2.203754e-04 2.109274e-04 2.131126e-04 9.216829e+00 
450 67600 7.939660e-05 9.987854e-04 2.023764e-07 2.380631e+00 1.301820e+00 1.319818e+00 1.360490e-03 2.373068e+00 1.302596e+00 1.322275e+00 4.720490e-03 2.470054e-04 2.453406e-04 2.464284e-04 1.000816e+01 
450 78400 7.767999e-05 1.065155e-03 2.021901e-07 2.372637e+00 1.509291e+00 1.529674e+00 1.667607e-03 2.368453e+00 1.507903e+00 1.534002e+00 5.447938e-03 3.487174e-04 2.685214e-04 2.681930e-04 1.083115e+01 
450 90000 7.805461e-05 1.312080e-03 1.762062e-07 2.403274e+00 1.732699e+00 1.756925e+00 1.891058e-03 2.384279e+00 1.733186e+00 1.757006e+00 6.082800e-03 4.101292e-04 3.037744e-04 3.105704e-04 1.177781e+01 
500 400 8.638301e-05 5.504210e-06 1.162291e-07 3.110102e+00 8.745463e-03 8.849981e-03 1.749219e-05 3.102968e+00 8.822330e-03 8.943591e-03 3.042757e-05 2.078898e-05 2.015200e-05 1.934902e-05 6.248659e+00 
500 1600 8.654939e-05 1.660697e-05 9.802170e-08 3.097262e+00 3.440549e-02 3.484248e-02 4.177261e-05 3.099423e+00 3.434623e-02 3.480985e-02 1.110440e-04 3.175559e-05 2.775942e-05 2.921163e-05 6.335463e+00 
500 3600 8.660736e-05 3.887000e-05 1.201872e-07 3.036038e+00 7.701338e-02 7.830431e-02 8.690781e-05 3.038308e+00 7.716691e-02 7.842577e-02 2.481210e-04 4.761121e-05 4.295018e-05 4.038238e-05 6.385876e+00 
500 6400 8.805557e-05 6.450838e-05 1.299661e-07 3.035060e+00 1.367447e-01 1.391822e-01 1.392260e-04 3.044959e+00 1.399285e-01 1.395473e-01 4.353130e-04 5.549500e-05 5.327556e-05 5.278504e-05 6.636341e+00 
500 10000 8.663363e-05 9.855540e-05 1.221895e-07 3.041923e+00 2.146044e-01 2.173116e-01 2.084156e-04 3.040614e+00 2.138752e-01 2.170732e-01 6.793558e-04 6.365320e-05 6.013983e-05 5.759220e-05 6.946693e+00 
500 14400 8.633300e-05 1.452092e-04 1.042150e-07 3.028025e+00 3.080860e-01 3.127529e-01 3.012684e-04 3.041088e+00 3.102000e-01 3.126736e-01 9.893132e-04 7.405281e-05 7.108618e-05 6.798180e-05 7.314601e+00 
500 19600 8.621681e-05 1.915244e-04 1.561828e-07 3.030278e+00 4.233649e-01 4.264566e-01 4.019910e-04 3.035118e+00 4.192022e-01 4.262086e-01 1.331337e-03 1.048008e-04 8.322038e-05 8.614482e-05 7.762948e+00 
500 25600 8.795359e-05 2.623184e-04 1.701992e-07 3.024825e+00 5.492428e-01 5.562824e-01 5.379524e-04 3.034677e+00 5.479597e-01 5.558098e-01 1.782962e-03 1.645580e-04 1.450690e-04 1.501664e-04 8.271973e+00 
500 32400 8.611879e-05 3.440884e-04 1.301989e-07 3.091328e+00 6.928827e-01 7.060180e-01 6.769622e-04 3.073496e+00 6.935356e-01 7.035786e-01 2.223665e-03 1.341064e-04 1.254456e-04 1.210370e-04 8.964600e+00 
500 40000 8.679982e-05 4.443844e-04 1.202337e-07 3.072138e+00 8.577276e-01 8.704008e-01 8.034634e-04 3.070797e+00 8.559951e-01 8.692433e-01 2.747342e-03 1.712582e-04 1.586492e-04 1.573032e-04 9.600919e+00 
500 48400 8.596461e-05 5.959150e-04 1.581851e-07 3.068509e+00 1.056741e+00 1.051519e+00 1.000975e-03 3.076619e+00 1.059213e+00 1.049051e+00 3.281059e-03 1.882354e-04 1.697678e-04 1.694574e-04 1.036720e+01 
500 57600 8.773119e-05 7.896428e-04 1.544133e-07 3.073430e+00 1.361624e+00 1.251427e+00 1.150034e-03 3.076239e+00 1.364852e+00 1.264144e+00 3.899479e-03 3.128918e-04 2.111076e-04 2.088944e-04 1.139843e+01 
500 67600 8.761701e-05 9.244742e-04 2.023764e-07 3.075030e+00 1.475965e+00 1.469295e+00 1.491748e-03 3.092446e+00 1.474712e+00 1.463198e+00 4.710349e-03 2.534090e-04 2.489422e-04 2.484756e-04 1.205867e+01 
500 78400 8.615078e-05 1.087039e-03 2.143905e-07 3.034813e+00 1.682308e+00 1.704745e+00 1.556594e-03 3.062547e+00 1.677311e+00 1.702479e+00 5.330909e-03 3.710408e-04 2.821458e-04 2.771484e-04 1.287324e+01 
500 90000 8.666157e-05 1.279495e-03 1.701992e-07 3.032181e+00 1.948245e+00 1.981073e+00 1.791583e-03 3.034238e+00 1.926437e+00 1.955346e+00 6.261100e-03 4.563544e-04 3.092924e-04 3.149748e-04 1.388807e+01 
550 400 9.649419e-05 5.720602e-06 1.182314e-07 3.769578e+00 9.597096e-03 9.719968e-03 1.993780e-05 3.787263e+00 9.627748e-03 9.699153e-03 3.005681e-05 2.104961e-05 2.148617e-05 1.926483e-05 7.595723e+00 
550 1600 9.495798e-05 1.715762e-05 1.159962e-07 3.765959e+00 3.759048e-02 3.823086e-02 4.346496e-05 3.780127e+00 3.767134e-02 3.821337e-02 1.100546e-04 3.222222e-05 2.848459e-05 2.833642e-05 7.698177e+00 
550 3600 9.585340e-05 3.670878e-05 1.102220e-07 3.771152e+00 8.509202e-02 8.616956e-02 8.449838e-05 3.763029e+00 8.493246e-02 8.627028e-02 2.452910e-04 4.662378e-05 4.237718e-05 4.083696e-05 7.877266e+00 
550 6400 9.484799e-05 6.699222e-05 9.820797e-08 3.746756e+00 1.510502e-01 1.531143e-01 1.415036e-04 3.759133e+00 1.515164e-01 1.543876e-01 4.413682e-04 5.928683e-05 5.464377e-05 5.323961e-05 8.116902e+00 
550 10000 9.449138e-05 1.007206e-04 1.382083e-07 3.758538e+00 2.357890e-01 2.389432e-01 2.114924e-04 3.758356e+00 2.358853e-01 2.390175e-01 6.942786e-04 6.436617e-05 5.922262e-05 5.702921e-05 8.467846e+00 
550 14400 9.454540e-05 1.438650e-04 8.619390e-08 3.755054e+00 3.391632e-01 3.438611e-01 3.002448e-04 3.764094e+00 3.450295e-01 3.436681e-01 9.787796e-04 7.078783e-05 7.018899e-05 6.777341e-05 8.892634e+00 
550 19600 9.651422e-05 1.931528e-04 1.544133e-07 3.862737e+00 4.716190e-01 4.726606e-01 3.991488e-04 3.879940e+00 4.612223e-01 4.679456e-01 1.363873e-03 1.038052e-04 8.377740e-05 8.773720e-05 9.618503e+00 
550 25600 9.621982e-05 2.610202e-04 1.281966e-07 3.876728e+00 6.149490e-01 6.220396e-01 5.304170e-04 3.870573e+00 6.147347e-01 6.224084e-01 1.743773e-03 1.743008e-04 1.558830e-04 1.646260e-04 1.022461e+01 
550 32400 9.596157e-05 3.375388e-04 1.300126e-07 3.831026e+00 7.643592e-01 7.746419e-01 6.931264e-04 3.757695e+00 7.626074e-01 7.724429e-01 2.199192e-03 1.340044e-04 1.234284e-04 1.225032e-04 1.066653e+01 
550 40000 9.567896e-05 4.444366e-04 1.622364e-07 3.774777e+00 9.549460e-01 9.645862e-01 8.008556e-04 3.872921e+00 9.435202e-01 9.662257e-01 2.711485e-03 1.707694e-04 1.413574e-04 1.450908e-04 1.148154e+01 
550 48400 9.563300e-05 5.921094e-04 1.222361e-07 3.860533e+00 1.140371e+00 1.157465e+00 9.722298e-04 3.865605e+00 1.146141e+00 1.161276e+00 3.306841e-03 1.855654e-04 1.760332e-04 1.740782e-04 1.233695e+01 
550 57600 9.428500e-05 7.706312e-04 1.901761e-07 3.870569e+00 1.357492e+00 1.377403e+00 1.229604e-03 3.862278e+00 1.355226e+00 1.371796e+00 3.981441e-03 2.203576e-04 2.056136e-04 2.077148e-04 1.320152e+01 
550 67600 9.596357e-05 9.907384e-04 2.144370e-07 3.851000e+00 1.595067e+00 1.619208e+00 1.356280e-03 3.846555e+00 1.601615e+00 1.611783e+00 4.672138e-03 2.449442e-04 2.451384e-04 2.423784e-04 1.413313e+01 
550 78400 9.427681e-05 1.106741e-03 1.984183e-07 3.844727e+00 1.883411e+00 1.908668e+00 1.562496e-03 3.841295e+00 1.888359e+00 1.908979e+00 5.353419e-03 3.857588e-04 2.696090e-04 2.889020e-04 1.528455e+01 
550 90000 9.521837e-05 1.315437e-03 2.084300e-07 3.833705e+00 2.127324e+00 2.144090e+00 1.917241e-03 3.837112e+00 2.117240e+00 2.149931e+00 6.105898e-03 3.982536e-04 3.295146e-04 3.289318e-04 1.621994e+01 
600 400 1.056020e-04 5.640602e-06 9.220093e-08 4.726193e+00 1.050782e-02 1.073078e-02 2.058283e-05 4.719052e+00 1.060871e-02 1.069533e-02 2.825819e-05 2.266779e-05 1.861583e-05 2.127583e-05 9.488040e+00 
600 1600 1.049710e-04 1.658481e-05 1.101755e-07 4.694588e+00 4.147820e-02 4.208866e-02 4.302040e-05 4.706848e+00 4.141248e-02 4.200142e-02 1.117352e-04 3.244858e-05 2.883896e-05 2.851277e-05 9.568814e+00 
600 3600 1.058824e-04 3.705742e-05 8.600764e-08 4.719424e+00 9.267495e-02 9.407231e-02 8.386541e-05 4.701244e+00 9.278118e-02 9.399750e-02 2.476224e-04 4.438241e-05 4.064459e-05 4.092720e-05 9.794826e+00 
600 6400 1.025654e-04 6.634523e-05 1.422130e-07 4.708598e+00 1.686043e-01 1.708412e-01 1.563398e-04 4.701656e+00 1.645501e-01 1.701504e-01 4.505978e-04 5.703536e-05 5.253861e-05 5.501020e-05 1.008538e+01 
600 10000 1.048026e-04 9.794240e-05 1.062173e-07 4.699554e+00 2.576457e-01 2.608701e-01 2.485236e-04 4.701653e+00 2.579615e-01 2.609708e-01 6.853248e-04 6.016600e-05 6.054859e-05 5.709338e-05 1.044000e+01 
600 14400 1.030622e-04 1.468696e-04 1.281966e-07 4.713772e+00 4.107262e-01 4.217276e-01 3.021498e-04 4.705570e+00 3.808222e-01 4.243401e-01 9.767646e-04 7.303921e-05 6.941799e-05 6.785942e-05 1.105874e+01 
600 19600 1.044362e-04 1.926442e-04 1.142267e-07 4.670084e+00 5.040779e-01 5.160585e-01 4.273332e-04 4.683664e+00 5.049410e-01 5.113868e-01 1.347605e-03 9.957482e-05 8.752081e-05 8.554384e-05 1.139260e+01 
600 25600 1.059204e-04 2.603614e-04 1.161825e-07 4.703607e+00 6.619884e-01 6.719541e-01 5.360156e-04 4.691955e+00 6.574852e-01 6.674106e-01 2.004774e-03 1.749438e-04 1.544008e-04 1.556348e-04 1.205784e+01 
600 32400 1.029640e-04 3.406396e-04 1.081731e-07 4.783958e+00 8.341286e-01 8.442258e-01 6.765940e-04 4.751883e+00 8.352736e-01 8.481821e-01 2.206268e-03 1.342888e-04 1.245522e-04 1.224552e-04 1.290142e+01 
600 40000 1.035828e-04 4.463996e-04 1.842156e-07 4.768339e+00 1.046593e+00 1.041782e+00 8.013744e-04 4.759133e+00 1.048771e+00 1.039632e+00 2.714390e-03 1.608806e-04 1.477150e-04 1.456760e-04 1.370883e+01 
600 48400 1.046164e-04 5.698886e-04 1.924112e-07 4.755969e+00 1.374720e+00 1.261305e+00 1.099627e-03 4.758873e+00 1.375743e+00 1.271456e+00 3.301461e-03 1.906292e-04 1.769146e-04 1.786652e-04 1.480374e+01 
600 57600 1.042740e-04 7.642472e-04 2.122018e-07 4.763563e+00 1.492022e+00 1.513147e+00 1.155148e-03 4.766750e+00 1.479807e+00 1.499090e+00 3.951267e-03 2.118288e-04 2.052992e-04 2.110236e-04 1.552103e+01 
600 67600 1.040056e-04 8.946900e-04 2.101995e-07 4.794122e+00 1.741869e+00 1.760858e+00 1.344801e-03 4.747497e+00 1.739434e+00 1.762276e+00 4.784515e-03 2.481750e-04 2.241072e-04 2.443094e-04 1.655395e+01 
600 78400 1.025452e-04 1.074072e-03 1.522247e-07 4.743320e+00 2.021078e+00 2.255727e+00 1.561393e-03 4.746234e+00 2.014795e+00 2.252190e+00 5.522967e-03 3.909186e-04 2.889020e-04 2.878224e-04 1.804261e+01 
600 90000 1.029418e-04 1.426521e-03 1.722015e-07 4.868642e+00 2.317304e+00 2.367976e+00 1.915044e-03 4.877944e+00 2.329235e+00 2.357422e+00 6.275355e-03 3.848474e-04 3.075640e-04 3.078464e-04 1.912929e+01 
650 400 1.123842e-04 5.702581e-06 6.998889e-08 5.677847e+00 1.132834e-02 1.142402e-02 2.070903e-05 5.667612e+00 1.133194e-02 1.144934e-02 2.838043e-05 2.512960e-05 2.277996e-05 2.090321e-05 1.139126e+01 
650 1600 1.114988e-04 1.747403e-05 9.802170e-08 5.664134e+00 4.464215e-02 4.520969e-02 4.529781e-05 5.655913e+00 4.522531e-02 4.551003e-02 1.123700e-04 3.186958e-05 2.902937e-05 2.989080e-05 1.150104e+01 
650 3600 1.133716e-04 3.589159e-05 1.161825e-07 5.648458e+00 1.004905e-01 1.019376e-01 8.507920e-05 5.655952e+00 1.022263e-01 1.014582e-01 2.455612e-04 4.641539e-05 4.103337e-05 4.047058e-05 1.171116e+01 
650 6400 1.111584e-04 6.568418e-05 1.101755e-07 5.644538e+00 1.825075e-01 1.847044e-01 1.474424e-04 5.665193e+00 1.826384e-01 1.863750e-01 4.388702e-04 5.748998e-05 5.495218e-05 5.467380e-05 1.204692e+01 
650 10000 1.145974e-04 9.805858e-05 7.599592e-08 5.671439e+00 2.790941e-01 2.823588e-01 2.130446e-04 5.663192e+00 2.794178e-01 2.833815e-01 6.980538e-04 6.235717e-05 5.896199e-05 5.728360e-05 1.246024e+01 
650 14400 1.243178e-04 1.429378e-04 8.023344e-08 5.657942e+00 4.451304e-01 4.545001e-01 2.981298e-04 5.755900e+00 4.461594e-01 4.568953e-01 9.792322e-04 7.027704e-05 6.982237e-05 6.840220e-05 1.321832e+01 
650 19600 1.137882e-04 1.944306e-04 1.262408e-07 5.703340e+00 5.464207e-01 5.530327e-01 4.293220e-04 5.699171e+00 5.487458e-01 5.554068e-01 1.333651e-03 9.752000e-05 8.866061e-05 8.359500e-05 1.360850e+01 
650 25600 1.126404e-04 2.595162e-04 1.021661e-07 5.716570e+00 7.146226e-01 7.222385e-01 5.241540e-04 5.722448e+00 7.125179e-01 7.211567e-01 1.752966e-03 1.733854e-04 1.589176e-04 1.560894e-04 1.431274e+01 
650 32400 1.111984e-04 3.354096e-04 1.441687e-07 5.711975e+00 9.043586e-01 9.174089e-01 6.551158e-04 5.716332e+00 9.021805e-01 9.165461e-01 2.262465e-03 1.332612e-04 1.230320e-04 1.214296e-04 1.507260e+01 
650 40000 1.128548e-04 4.551928e-04 2.083834e-07 5.716198e+00 1.115200e+00 1.136336e+00 8.416588e-04 5.729997e+00 1.114056e+00 1.129174e+00 2.712519e-03 1.554586e-04 1.488164e-04 1.457100e-04 1.594559e+01 
650 48400 1.111082e-04 5.932812e-04 1.362059e-07 5.716322e+00 1.348588e+00 1.365819e+00 1.000727e-03 5.726432e+00 1.352393e+00 1.370237e+00 3.422188e-03 1.934092e-04 1.686762e-04 1.687142e-04 1.688550e+01 
650 57600 1.130410e-04 8.013444e-04 1.882203e-07 5.734199e+00 1.608595e+00 1.792048e+00 1.150264e-03 5.717489e+00 1.603334e+00 1.791185e+00 3.948225e-03 2.714118e-04 2.150496e-04 2.119430e-04 1.825361e+01 
650 67600 1.120778e-04 9.293642e-04 1.701992e-07 5.718170e+00 1.888966e+00 1.908182e+00 1.350985e-03 5.720111e+00 1.883783e+00 1.902879e+00 4.661111e-03 2.500140e-04 2.264206e-04 2.298798e-04 1.902990e+01 
650 78400 1.108216e-04 1.097648e-03 1.801644e-07 5.732386e+00 2.191756e+00 2.216572e+00 1.569477e-03 5.740315e+00 2.184992e+00 2.211630e+00 5.293633e-03 3.597780e-04 2.622642e-04 2.564034e-04 2.028665e+01 
650 90000 1.108556e-04 1.365115e-03 1.983717e-07 5.702635e+00 2.516090e+00 2.544430e+00 1.796236e-03 5.704876e+00 2.531423e+00 2.564956e+00 6.213290e-03 4.174762e-04 3.011744e-04 3.030112e-04 2.157497e+01 
700 400 1.205702e-04 5.884795e-06 5.620532e-08 6.834810e+00 1.223413e-02 1.231326e-02 2.062679e-05 6.822229e+00 1.219617e-02 1.229730e-02 3.062179e-05 2.102740e-05 1.904839e-05 2.005999e-05 1.370634e+01 
700 1600 1.197732e-04 1.700539e-05 7.399358e-08 6.821449e+00 4.806307e-02 4.870925e-02 4.312261e-05 6.843288e+00 4.809625e-02 4.875662e-02 1.117930e-04 3.030519e-05 2.826224e-05 3.056377e-05 1.385877e+01 
700 3600 1.221908e-04 3.586560e-05 7.823110e-08 6.825393e+00 1.082987e-01 1.092637e-01 8.094120e-05 6.840355e+00 1.080729e-01 1.093358e-01 2.522934e-04 4.196879e-05 4.205098e-05 4.020003e-05 1.410136e+01 
700 6400 1.197530e-04 6.454461e-05 1.261942e-07 6.820626e+00 1.962955e-01 1.988312e-01 1.406444e-04 6.883507e+00 1.966186e-01 1.993357e-01 4.421592e-04 5.515241e-05 5.116239e-05 5.070581e-05 1.449617e+01 
700 10000 1.207244e-04 9.794040e-05 1.202337e-07 6.927883e+00 3.007216e-01 3.042543e-01 2.228754e-04 6.924973e+00 3.007848e-01 3.042593e-01 6.908292e-04 5.980339e-05 6.047641e-05 5.806680e-05 1.506422e+01 
700 14400 1.211452e-04 1.425612e-04 8.600764e-08 6.931120e+00 4.323914e-01 4.467199e-01 3.242970e-04 6.925803e+00 4.388692e-01 4.583893e-01 9.805604e-04 7.318542e-05 6.899722e-05 6.984859e-05 1.563511e+01 
700 19600 1.212112e-04 1.955204e-04 1.039822e-07 6.821515e+00 5.997531e-01 6.057806e-01 4.052840e-04 6.833170e+00 5.998094e-01 6.069744e-01 1.350999e-03 9.708498e-05 8.996641e-05 8.434821e-05 1.606939e+01 
700 25600 1.197350e-04 2.647380e-04 1.422130e-07 6.851425e+00 7.779617e-01 7.888513e-01 5.361178e-04 6.859233e+00 7.702902e-01 7.769872e-01 1.751943e-03 1.748576e-04 1.404740e-04 1.343190e-04 1.682793e+01 
700 32400 1.210750e-04 3.430130e-04 1.362059e-07 6.819078e+00 9.744216e-01 9.904060e-01 7.006480e-04 6.825676e+00 9.716018e-01 9.833782e-01 2.226516e-03 1.508596e-04 1.203540e-04 1.318132e-04 1.756841e+01 
700 40000 1.192764e-04 4.538108e-04 1.502223e-07 6.843890e+00 1.330430e+00 1.341083e+00 8.057192e-04 6.859915e+00 1.330613e+00 1.341055e+00 2.709925e-03 1.562438e-04 1.506754e-04 1.529288e-04 1.905158e+01 
700 48400 1.192744e-04 5.995572e-04 1.782086e-07 6.839869e+00 1.468765e+00 1.491057e+00 1.036016e-03 6.862221e+00 1.452887e+00 1.467949e+00 3.271737e-03 1.858360e-04 1.663610e-04 1.682076e-04 1.958834e+01 
700 57600 1.193626e-04 7.931908e-04 1.701992e-07 7.040713e+00 1.729576e+00 1.751997e+00 1.148692e-03 7.012720e+00 1.736027e+00 1.768827e+00 3.977717e-03 3.089040e-04 2.088504e-04 1.990838e-04 2.104666e+01 
700 67600 1.220406e-04 9.228424e-04 2.364162e-07 7.034203e+00 2.246126e+00 2.265944e+00 1.444386e-03 7.035007e+00 2.244665e+00 2.266030e+00 4.561611e-03 3.720664e-04 2.302202e-04 2.549354e-04 2.309993e+01 
700 78400 1.208808e-04 1.117461e-03 1.802109e-07 7.012606e+00 2.357133e+00 2.391790e+00 1.558319e-03 7.014165e+00 2.357237e+00 2.382622e+00 5.307589e-03 3.566874e-04 2.596322e-04 2.586308e-04 2.352458e+01 
700 90000 1.193626e-04 1.314686e-03 1.763925e-07 6.996800e+00 2.724915e+00 2.754173e+00 1.850553e-03 6.985903e+00 2.710147e+00 2.745953e+00 6.101452e-03 4.366490e-04 2.920006e-04 3.000848e-04 2.492836e+01 
750 400 1.274504e-04 6.653788e-06 9.401701e-08 8.165976e+00 1.310801e-02 1.323600e-02 1.867400e-05 8.142386e+00 1.330939e-02 1.332248e-02 2.980060e-05 2.405797e-05 1.987764e-05 2.007601e-05 1.636162e+01 
750 1600 1.291052e-04 1.712558e-05 7.799827e-08 8.144819e+00 5.157105e-02 5.215227e-02 4.660962e-05 8.133946e+00 5.158964e-02 5.233966e-02 1.137240e-04 3.078799e-05 2.887519e-05 2.901121e-05 1.648684e+01 
750 3600 1.291452e-04 3.533880e-05 9.997748e-08 8.181645e+00 1.158328e-01 1.171647e-01 8.453042e-05 8.147957e+00 1.158627e-01 1.169258e-01 2.449102e-04 4.575844e-05 4.134602e-05 4.239143e-05 1.679604e+01 
750 6400 1.287684e-04 6.518359e-05 1.061708e-07 8.147497e+00 2.104361e-01 2.084902e-01 1.438210e-04 8.127079e+00 2.103282e-01 2.082615e-01 4.401060e-04 5.668281e-05 5.301721e-05 5.318359e-05 1.711306e+01 
750 10000 1.309338e-04 9.914017e-05 1.042150e-07 8.147237e+00 3.222327e-01 3.249608e-01 2.157886e-04 8.144926e+00 3.257273e-01 3.297893e-01 6.806936e-04 6.218278e-05 5.825297e-05 5.679503e-05 1.759621e+01 
750 14400 1.277710e-04 1.472602e-04 1.122244e-07 8.138125e+00 4.663195e-01 4.692570e-01 2.977994e-04 7.969162e+00 4.631073e-01 4.753078e-01 9.832744e-04 7.094201e-05 7.034917e-05 6.751702e-05 1.798309e+01 
750 19600 1.318572e-04 1.957888e-04 1.142267e-07 7.859600e+00 6.310288e-01 6.388692e-01 4.013502e-04 7.862244e+00 6.372114e-01 6.443205e-01 1.332284e-03 9.936662e-05 8.461857e-05 8.639321e-05 1.827565e+01 
750 25600 1.297480e-04 2.617934e-04 1.482200e-07 7.840852e+00 8.962894e-01 8.342882e-01 5.222972e-04 7.823425e+00 8.754022e-01 8.306246e-01 1.747305e-03 1.758792e-04 1.419504e-04 1.374456e-04 1.910405e+01 
750 32400 1.274166e-04 3.382378e-04 1.703855e-07 7.824870e+00 1.047669e+00 1.055045e+00 6.570308e-04 7.805698e+00 1.041821e+00 1.052568e+00 2.196844e-03 1.397992e-04 1.216940e-04 1.228276e-04 1.983143e+01 
750 40000 1.274508e-04 4.534902e-04 2.183951e-07 7.844935e+00 1.289940e+00 1.302139e+00 8.026244e-04 7.853445e+00 1.299373e+00 1.301361e+00 2.733581e-03 1.610008e-04 1.436348e-04 1.435106e-04 2.089581e+01 
750 48400 1.285724e-04 5.967426e-04 1.643784e-07 7.846198e+00 1.559598e+00 1.578028e+00 9.707562e-04 7.857729e+00 1.587418e+00 1.574247e+00 3.280878e-03 1.889348e-04 1.677910e-04 1.690190e-04 2.200876e+01 
750 57600 1.274746e-04 7.879048e-04 2.182089e-07 7.792876e+00 1.897933e+00 1.905174e+00 1.155089e-03 7.819608e+00 1.855451e+00 1.871988e+00 3.898254e-03 2.133230e-04 1.940262e-04 1.953382e-04 2.314964e+01 
750 67600 1.301646e-04 9.701230e-04 2.903864e-07 7.823667e+00 2.179954e+00 2.201249e+00 1.397228e-03 7.850510e+00 2.183145e+00 2.195701e+00 4.618239e-03 2.481290e-04 2.252388e-04 2.247622e-04 2.444208e+01 
750 78400 1.288868e-04 1.212582e-03 2.464280e-07 7.833578e+00 2.542936e+00 2.564556e+00 1.560314e-03 7.825255e+00 2.638842e+00 2.633563e+00 5.306634e-03 3.445614e-04 2.573928e-04 2.626468e-04 2.604785e+01 
750 90000 1.295998e-04 1.272918e-03 2.144370e-07 7.851011e+00 3.204999e+00 2.945833e+00 1.810938e-03 7.831664e+00 2.983907e+00 2.918432e+00 6.090803e-03 3.831050e-04 2.912196e-04 3.000046e-04 2.774617e+01 
800 400 1.362598e-04 5.346024e-06 1.261942e-07 9.082048e+00 1.393671e-02 1.418040e-02 2.038241e-05 9.063466e+00 1.394952e-02 1.409183e-02 3.083218e-05 2.060281e-05 1.827339e-05 1.887023e-05 1.820195e+01 
800 1600 1.387716e-04 1.661079e-05 7.017516e-08 9.077371e+00 5.535264e-02 5.573297e-02 4.563243e-05 9.077523e+00 5.481568e-02 5.564142e-02 1.136518e-04 2.926178e-05 2.760720e-05 2.737702e-05 1.837687e+01 
800 3600 1.368286e-04 3.871578e-05 1.001637e-07 9.084903e+00 1.246148e-01 1.270737e-01 8.516540e-05 9.097573e+00 1.235816e-01 1.251680e-01 2.483094e-04 4.335479e-05 4.095542e-05 4.109340e-05 1.868358e+01 
800 6400 1.384390e-04 6.618304e-05 9.201467e-08 9.061792e+00 2.198719e-01 2.224546e-01 1.531130e-04 9.074784e+00 2.209929e-01 2.232334e-01 4.408294e-04 5.665082e-05 5.245060e-05 5.088220e-05 1.902413e+01 
800 10000 1.377560e-04 9.690481e-05 1.961831e-07 9.048524e+00 3.436775e-01 3.469942e-01 2.166620e-04 9.056286e+00 3.430796e-01 3.471842e-01 6.842654e-04 5.959119e-05 5.734181e-05 5.662460e-05 1.948709e+01 
800 14400 1.379502e-04 1.440734e-04 1.021661e-07 9.103466e+00 4.982351e-01 5.032561e-01 2.990834e-04 9.097964e+00 4.949981e-01 5.035968e-01 9.764048e-04 7.163519e-05 6.957003e-05 6.730263e-05 2.020332e+01 
800 19600 1.385994e-04 1.961054e-04 1.142267e-07 8.986950e+00 6.766751e-01 6.845190e-01 4.020374e-04 8.982419e+00 6.741876e-01 6.805667e-01 1.348661e-03 1.017002e-04 8.410183e-05 8.686599e-05 2.068772e+01 
800 25600 1.381066e-04 2.612228e-04 1.521781e-07 8.874164e+00 8.807171e-01 8.889547e-01 5.236310e-04 8.860591e+00 8.843999e-01 8.970048e-01 1.742667e-03 1.669958e-04 1.580864e-04 1.385692e-04 2.128901e+01 
800 32400 1.357730e-04 3.340678e-04 1.422130e-07 8.856809e+00 1.114614e+00 1.125598e+00 6.784390e-04 8.875785e+00 1.118886e+00 1.125520e+00 2.240726e-03 1.535276e-04 1.197812e-04 1.222490e-04 2.222105e+01 
800 40000 1.372874e-04 4.471088e-04 1.262408e-07 8.939057e+00 1.378819e+00 1.389683e+00 8.297430e-04 8.935127e+00 1.380066e+00 1.387494e+00 2.710794e-03 1.581506e-04 1.439512e-04 1.439394e-04 2.341487e+01 
800 48400 1.374456e-04 5.917454e-04 2.323650e-07 8.931421e+00 1.667429e+00 1.693318e+00 9.669042e-04 8.947913e+00 1.679687e+00 1.688143e+00 3.268523e-03 1.820062e-04 1.760592e-04 1.814234e-04 2.461346e+01 
800 57600 1.357690e-04 7.830732e-04 2.603978e-07 8.916478e+00 1.981878e+00 2.000389e+00 1.156716e-03 8.932871e+00 1.980135e+00 1.996587e+00 3.915026e-03 2.306370e-04 2.101062e-04 2.121092e-04 2.581503e+01 
800 67600 1.380384e-04 9.721782e-04 1.861714e-07 8.938573e+00 2.324840e+00 2.348430e+00 1.396072e-03 8.936171e+00 2.318470e+00 2.351365e+00 4.586106e-03 2.460862e-04 2.286240e-04 2.322272e-04 2.722570e+01 
800 78400 1.371212e-04 1.205792e-03 1.462176e-07 8.818870e+00 2.748806e+00 2.749697e+00 1.563933e-03 8.819847e+00 2.743087e+00 2.717409e+00 5.350339e-03 4.015306e-04 2.865628e-04 2.862762e-04 2.860700e+01 
800 90000 1.373794e-04 1.258184e-03 1.582317e-07 8.982245e+00 3.160807e+00 3.131737e+00 1.915307e-03 8.960568e+00 3.158265e+00 3.119167e+00 6.101700e-03 3.879764e-04 3.003012e-04 2.956502e-04 3.052324e+01 
850 400 1.455396e-04 5.844794e-06 8.619390e-08 1.030363e+01 1.485886e-02 1.500314e-02 2.059080e-05 1.029682e+01 1.494623e-02 1.500152e-02 3.169938e-05 2.035038e-05 1.921281e-05 1.859181e-05 2.066056e+01 
850 1600 1.478712e-04 1.720176e-05 1.141801e-07 1.025626e+01 5.852860e-02 5.912583e-02 4.516160e-05 1.025687e+01 5.849172e-02 5.904296e-02 1.134116e-04 2.977462e-05 2.894336e-05 2.793381e-05 2.074875e+01 
850 3600 1.463388e-04 3.589978e-05 1.161825e-07 1.033479e+01 1.313553e-01 1.327911e-01 8.718842e-05 1.030348e+01 1.311274e-01 1.327304e-01 2.530804e-04 4.193480e-05 4.005977e-05 3.944500e-05 2.116694e+01 
850 6400 1.445222e-04 6.535980e-05 1.561828e-07 1.028095e+01 2.340839e-01 2.363657e-01 1.418382e-04 1.026718e+01 2.339223e-01 2.366459e-01 4.386382e-04 5.880999e-05 5.431138e-05 5.430719e-05 2.149013e+01 
850 10000 1.446886e-04 1.003040e-04 1.261942e-07 1.031895e+01 4.044987e-01 4.143834e-01 2.114464e-04 1.033018e+01 3.658014e-01 4.199523e-01 6.796750e-04 6.038439e-05 5.716360e-05 5.729781e-05 2.225513e+01 
850 14400 1.443480e-04 1.428116e-04 1.202337e-07 1.037707e+01 5.252396e-01 5.306929e-01 3.010548e-04 1.036811e+01 5.268926e-01 5.305124e-01 9.786038e-04 7.530660e-05 6.922157e-05 6.817803e-05 2.286035e+01 
850 19600 1.476388e-04 1.954384e-04 1.322012e-07 1.042380e+01 7.232822e-01 7.309690e-01 4.014286e-04 1.039169e+01 7.180255e-01 7.224847e-01 1.346204e-03 1.002300e-04 8.605681e-05 8.553602e-05 2.371267e+01 
850 25600 1.451232e-04 2.588632e-04 1.561828e-07 1.026466e+01 9.342353e-01 9.433137e-01 5.196294e-04 1.025563e+01 9.321781e-01 9.406282e-01 1.734958e-03 1.655918e-04 1.548658e-04 1.518992e-04 2.427383e+01 
850 32400 1.455698e-04 3.472414e-04 1.621898e-07 1.035712e+01 1.191206e+00 1.199173e+00 7.266130e-04 1.033421e+01 1.181827e+00 1.193895e+00 2.198351e-03 1.570148e-04 1.332794e-04 1.311662e-04 2.546132e+01 
850 40000 1.461446e-04 4.536848e-04 1.802109e-07 1.036123e+01 1.462467e+00 1.477074e+00 8.022142e-04 1.037134e+01 1.456222e+00 1.470690e+00 2.721901e-03 1.640794e-04 1.475446e-04 1.641414e-04 2.660367e+01 
850 48400 1.460266e-04 6.123580e-04 2.043787e-07 1.029295e+01 1.771949e+00 1.786205e+00 1.027595e-03 1.027507e+01 1.766936e+00 1.781728e+00 3.312057e-03 1.986272e-04 1.817820e-04 2.073442e-04 2.768058e+01 
850 57600 1.458902e-04 7.837444e-04 1.502223e-07 1.028316e+01 2.106252e+00 2.134872e+00 1.149723e-03 1.029914e+01 2.103500e+00 2.121647e+00 3.894604e-03 2.225870e-04 1.970728e-04 1.939902e-04 2.905520e+01 
850 67600 1.452792e-04 9.448690e-04 1.742039e-07 1.024659e+01 2.732955e+00 2.753571e+00 1.344419e-03 1.023750e+01 2.730592e+00 2.757480e+00 4.671201e-03 3.278824e-04 2.477406e-04 2.519248e-04 3.146666e+01 
850 78400 1.449988e-04 1.131889e-03 2.022367e-07 1.022748e+01 3.162867e+00 3.185782e+00 1.555659e-03 1.020841e+01 3.165807e+00 3.187701e+00 5.352793e-03 3.486254e-04 2.597084e-04 2.565536e-04 3.314716e+01 
850 90000 1.454274e-04 1.293556e-03 1.762062e-07 1.021689e+01 3.628739e+00 3.662894e+00 1.786794e-03 1.022692e+01 3.630605e+00 3.662862e+00 6.206328e-03 4.484084e-04 3.120644e-04 3.128158e-04 3.503946e+01 
900 400 1.576218e-04 5.636364e-06 8.200295e-08 1.150200e+01 1.583262e-02 1.607070e-02 2.086721e-05 1.150582e+01 1.584085e-02 1.608169e-02 3.080820e-05 1.933901e-05 1.614019e-05 1.615621e-05 2.307194e+01 
900 1600 1.560094e-04 1.668679e-05 1.342036e-07 1.147732e+01 6.185717e-02 6.254746e-02 4.510940e-05 1.150159e+01 6.192195e-02 6.250991e-02 1.136540e-04 2.901144e-05 2.816017e-05 2.719262e-05 2.322818e+01 
900 3600 1.561376e-04 3.597396e-05 1.101755e-07 1.152753e+01 1.388630e-01 1.403789e-01 8.663558e-05 1.150277e+01 1.390179e-01 1.403496e-01 2.514640e-04 4.372541e-05 3.953921e-05 4.047863e-05 2.358959e+01 
900 6400 1.519372e-04 6.861677e-05 1.079869e-07 1.153119e+01 2.470228e-01 2.495872e-01 1.411110e-04 1.154281e+01 2.471818e-01 2.496427e-01 4.395394e-04 5.685100e-05 5.294718e-05 5.392879e-05 2.406843e+01 
900 10000 1.538440e-04 9.922842e-05 9.415671e-08 1.159262e+01 4.222814e-01 4.382100e-01 2.189234e-04 1.168392e+01 3.972381e-01 4.329899e-01 6.826012e-04 6.041438e-05 5.939282e-05 5.587363e-05 2.496863e+01 
900 14400 1.542228e-04 1.429478e-04 1.062173e-07 1.167052e+01 5.556627e-01 5.665065e-01 3.052926e-04 1.167370e+01 5.651033e-01 5.603123e-01 9.783554e-04 7.463181e-05 7.026321e-05 6.979038e-05 2.559363e+01 
900 19600 1.541526e-04 1.987632e-04 1.082197e-07 1.159716e+01 7.573567e-01 7.655069e-01 4.006716e-04 1.159039e+01 7.594457e-01 7.719126e-01 1.345777e-03 9.396039e-05 8.305842e-05 8.672960e-05 2.624419e+01 
900 25600 1.543168e-04 2.625930e-04 1.141801e-07 1.156239e+01 1.008177e+00 1.017386e+00 5.220352e-04 1.157888e+01 1.006098e+00 1.016137e+00 1.773501e-03 1.669278e-04 1.474846e-04 1.486342e-04 2.719229e+01 
900 32400 1.525122e-04 3.528478e-04 9.820797e-08 1.160733e+01 1.261099e+00 1.273156e+00 6.845322e-04 1.161844e+01 1.250441e+00 1.262074e+00 2.200913e-03 1.348838e-04 1.243360e-04 1.212836e-04 2.827637e+01 
900 40000 1.536818e-04 4.559342e-04 1.561828e-07 1.171958e+01 1.547725e+00 1.562450e+00 8.038400e-04 1.172717e+01 1.544922e+00 1.559406e+00 2.707138e-03 1.709136e-04 1.523400e-04 1.526784e-04 2.966589e+01 
900 48400 1.538422e-04 5.889250e-04 1.581851e-07 1.187853e+01 1.874996e+00 1.894478e+00 9.922544e-04 1.208234e+01 1.870632e+00 1.888554e+00 3.278014e-03 1.849786e-04 1.684900e-04 1.699362e-04 3.149511e+01 
900 57600 1.537700e-04 7.570040e-04 1.961831e-07 1.213411e+01 2.227269e+00 2.288421e+00 1.213005e-03 1.213743e+01 2.223007e+00 2.286596e+00 3.945610e-03 3.111834e-04 2.005900e-04 2.110738e-04 3.330367e+01 
900 67600 1.521436e-04 9.639920e-04 1.641922e-07 1.204865e+01 2.621773e+00 2.645449e+00 1.341911e-03 1.202506e+01 2.614880e+00 2.649336e+00 4.575880e-03 3.160706e-04 2.457598e-04 2.492008e-04 3.461304e+01 
900 78400 1.540944e-04 1.109067e-03 1.941808e-07 1.211965e+01 3.034900e+00 3.061853e+00 1.559207e-03 1.209754e+01 3.027526e+00 3.066093e+00 5.362397e-03 4.037198e-04 2.570304e-04 2.638746e-04 3.641672e+01 
900 90000 1.527986e-04 1.312145e-03 2.461951e-07 1.214055e+01 3.547633e+00 3.583674e+00 1.789805e-03 1.216189e+01 3.545123e+00 3.572775e+00 6.229233e-03 4.547842e-04 3.482528e-04 3.352134e-04 3.856232e+01 
950 400 1.632100e-04 5.584396e-06 9.420328e-08 1.348789e+01 1.661601e-02 1.677080e-02 1.993780e-05 1.350003e+01 1.659401e-02 1.678103e-02 3.070002e-05 2.021217e-05 1.954916e-05 1.784060e-05 2.705499e+01 
950 1600 1.604660e-04 1.882422e-05 9.820797e-08 1.352755e+01 6.571201e-02 6.622114e-02 4.520160e-05 1.272085e+01 6.562283e-02 6.627253e-02 1.143330e-04 3.076000e-05 2.863677e-05 2.903137e-05 2.651268e+01 
950 3600 1.625032e-04 3.602202e-05 1.102220e-07 1.271656e+01 1.469237e-01 1.485119e-01 8.554598e-05 1.272795e+01 1.470775e-01 1.480961e-01 2.495132e-04 4.581236e-05 4.592282e-05 4.064878e-05 2.603581e+01 
950 6400 1.627374e-04 6.534983e-05 8.200295e-08 1.274157e+01 2.606889e-01 2.634431e-01 1.427614e-04 1.270689e+01 2.610010e-01 2.640872e-01 4.412040e-04 5.731359e-05 5.351799e-05 5.375240e-05 2.649868e+01 
950 10000 1.606062e-04 1.002900e-04 9.597279e-08 1.272122e+01 4.526168e-01 4.645508e-01 2.129766e-04 1.269834e+01 4.153621e-01 4.612048e-01 6.900442e-04 6.015403e-05 6.032223e-05 5.659857e-05 2.721468e+01 
950 14400 1.624068e-04 1.453774e-04 7.622875e-08 1.272005e+01 5.976804e-01 6.041285e-01 3.015110e-04 1.271049e+01 5.989043e-01 6.044215e-01 9.814122e-04 7.161116e-05 6.939382e-05 6.725457e-05 2.783752e+01 
950 19600 1.620384e-04 1.928904e-04 1.701992e-07 1.271683e+01 8.868975e-01 8.958829e-01 4.010520e-04 1.273595e+01 8.851074e-01 8.936030e-01 1.335501e-03 9.638281e-05 8.964459e-05 8.392800e-05 2.901669e+01 
950 25600 1.633874e-04 2.652402e-04 1.342036e-07 1.264039e+01 1.045687e+00 1.054383e+00 5.240378e-04 1.263226e+01 1.043442e+00 1.052744e+00 1.752165e-03 1.661508e-04 1.497802e-04 1.452534e-04 2.947212e+01 
950 32400 1.632262e-04 3.480566e-04 8.018687e-08 1.265340e+01 1.325716e+00 1.341561e+00 6.572534e-04 1.264319e+01 1.322120e+00 1.335308e+00 2.199685e-03 1.359034e-04 1.204922e-04 1.212714e-04 3.062509e+01 
950 40000 1.615978e-04 4.653060e-04 1.302455e-07 1.295786e+01 1.806402e+00 1.818171e+00 8.335106e-04 1.320332e+01 1.804525e+00 1.817693e+00 2.708346e-03 1.547334e-04 1.456318e-04 1.444062e-04 3.341263e+01 
950 48400 1.626834e-04 6.082198e-04 1.621898e-07 1.278073e+01 1.640641e+00 1.654988e+00 8.177194e-04 1.282209e+01 1.729812e+00 1.714625e+00 2.709017e-03 1.564860e-04 1.464570e-04 1.444862e-04 3.234769e+01 
950 57600 1.628716e-04 7.607400e-04 2.041925e-07 1.301096e+01 1.951698e+00 1.989120e+00 7.259324e-03 1.305333e+01 1.956758e+00 2.229051e+00 3.903077e-03 2.112240e-04 1.981184e-04 1.952340e-04 3.420364e+01 
950 67600 1.622248e-04 9.105302e-04 2.504326e-07 1.354863e+01 2.295451e+00 2.315692e+00 1.125929e-03 1.334733e+01 2.752939e+00 2.669278e+00 3.780873e-03 2.159960e-04 2.041722e-04 2.057986e-04 3.693597e+01 
950 78400 1.612854e-04 1.129913e-03 2.344139e-07 1.320802e+01 2.658622e+00 2.682902e+00 1.311851e-03 1.546348e+01 2.652059e+00 2.671341e+00 4.423299e-03 2.326862e-04 2.178038e-04 2.190678e-04 3.934417e+01 
950 90000 1.625652e-04 1.302395e-03 1.902226e-07 1.475545e+01 3.084668e+00 3.390021e+00 1.548876e-03 1.334278e+01 3.058455e+00 3.792592e+00 6.108897e-03 4.842086e-04 3.016616e-04 3.188332e-04 4.143424e+01 
1000 400 1.703228e-04 5.610380e-06 1.161825e-07 1.545245e+01 1.472639e-02 1.487690e-02 1.815921e-05 1.527348e+01 1.457989e-02 1.472315e-02 2.654381e-05 2.405001e-05 1.844158e-05 1.802701e-05 3.078515e+01 
1000 1600 1.698804e-04 1.696916e-05 1.261942e-07 1.541191e+01 5.755083e-02 5.779049e-02 3.961921e-05 1.896120e+01 5.861114e-02 6.005218e-02 9.429720e-05 2.834843e-05 2.689622e-05 2.641161e-05 3.460754e+01 
1000 3600 1.726304e-04 3.588763e-05 1.221895e-07 1.550854e+01 1.282944e-01 1.319290e-01 7.319357e-05 1.645047e+01 1.288710e-01 1.325529e-01 2.059522e-04 3.995178e-05 3.767838e-05 3.726780e-05 3.248129e+01 
1000 6400 1.716968e-04 6.378563e-05 9.820797e-08 1.532512e+01 2.288931e-01 2.307971e-01 1.193144e-04 1.515772e+01 2.314276e-01 2.305740e-01 3.661380e-04 5.013701e-05 4.995479e-05 4.925360e-05 3.140543e+01 
1000 10000 1.724080e-04 1.036350e-04 1.542270e-07 1.571946e+01 3.570544e-01 3.597698e-01 1.833486e-04 1.666130e+01 3.574436e-01 3.589166e-01 5.634512e-04 5.687717e-05 5.160319e-05 5.213199e-05 3.381517e+01 
1000 14400 1.701528e-04 1.428838e-04 5.997717e-08 1.596110e+01 5.238699e-01 5.206586e-01 2.532712e-04 1.652893e+01 5.734995e-01 5.175801e-01 8.109138e-04 6.877277e-05 5.983962e-05 6.358717e-05 3.462725e+01 
1000 19600 1.711562e-04 1.961836e-04 9.620562e-08 1.640425e+01 7.120225e-01 8.617827e-01 3.499840e-04 1.506619e+01 6.972515e-01 7.026642e-01 1.133595e-03 9.120060e-05 7.590563e-05 7.790457e-05 3.444632e+01 
1000 25600 1.727926e-04 2.593340e-04 6.821938e-08 1.436113e+01 1.111742e+00 1.116372e+00 4.390072e-04 1.779875e+01 9.131750e-01 9.204920e-01 1.498876e-03 1.438832e-04 1.298524e-04 1.223710e-04 3.622448e+01 
1000 32400 1.699142e-04 3.446780e-04 1.161825e-07 1.625304e+01 1.159170e+00 1.187070e+00 5.514932e-04 1.782305e+01 1.153120e+00 1.187869e+00 1.817105e-03 1.190182e-04 1.047288e-04 1.054278e-04 3.876658e+01 
1000 40000 1.709938e-04 4.534586e-04 1.924112e-07 1.574681e+01 1.428441e+00 1.440596e+00 6.960056e-04 1.651811e+01 1.430914e+00 1.442194e+00 2.246772e-03 1.455038e-04 1.366866e-04 1.308978e-04 3.801109e+01 
1000 48400 1.706012e-04 6.169132e-04 1.582317e-07 1.889428e+01 2.106791e+00 2.086365e+00 5.267678e-03 1.704589e+01 2.019300e+00 1.733172e+00 2.709060e-03 1.638552e-04 1.853374e-04 1.588838e-04 4.389512e+01 
1000 57600 1.709818e-04 7.920814e-04 2.024230e-07 1.876016e+01 2.528834e+00 2.087118e+00 9.961344e-04 1.557349e+01 2.265990e+00 2.068700e+00 3.235812e-03 1.824992e-04 1.722018e-04 1.738000e-04 4.329006e+01 
1000 67600 1.707796e-04 9.155860e-04 1.962297e-07 1.656032e+01 2.414066e+00 2.450880e+00 1.128509e-03 1.509344e+01 2.408566e+00 2.525517e+00 4.577711e-03 2.555202e-04 2.362958e-04 2.432642e-04 4.146037e+01 
1000 78400 1.714468e-04 1.089843e-03 2.084300e-07 1.487832e+01 2.798294e+00 3.069563e+00 9.350807e-03 1.795419e+01 3.156980e+00 3.403168e+00 4.430599e-03 2.549336e-04 2.374914e-04 2.398430e-04 4.527634e+01 
1000 90000 1.689028e-04 1.308292e-03 2.142042e-07 1.466821e+01 3.216224e+00 3.715290e+00 1.786500e-03 1.606054e+01 3.780507e+00 3.813795e+00 5.092784e-03 3.768400e-04 2.571930e-04 2.592080e-04 4.526387e+01 
