-0.591326464378769
-0.59781488444538
-0.609724085838014
-0.625601309050757
-0.648791916307453
-0.679110374029205
-0.700797208774401
-0.699028903374408
-0.699094492696897
-0.71363416780615
-0.726542532078265
-0.737790078021201
-0.747351094641264
-0.755203726216392
-0.76133002225659
-0.765715978537323
-0.768351569112056
-0.769230769230769
-0.769230769230769
-0.769230769230769
-0.769230769230769
-0.769230769230769
-0.769230769230769
-0.769230769230769
-0.769230769230769
-0.767401403309737
-0.761922006653791
-0.752818641198857
-0.740134605749914
-0.723930230036659
-0.704282587764115
-0.681285130023009
-0.655047240803541
-0.625693716726693
-0.00250943678178993
-0.00253410932059463
-0.00258019536955774
-0.00263822311684677
-0.00271500897909086
-0.00283567877866082
-0.00296595310441246
-0.00295986936524277
0
0
0
0
0
0
0
0
0
-0.00326463986941441
-0.00326463986941441
-0.00326463986941441
-0.00326463986941441
-0.00326463986941441
-0.00326463986941441
-0.00326463986941441
-0.00326463986941441
0
0
0
0
0
0
0
0
0
-0.787175591258434
-0.774527824602389
-0.750385527332264
-0.716147879156303
-0.661218319243793
-0.578052069554485
-0.507478153395539
-0.51368365319625
-0.513455098842447
-0.45940413823748
-0.404303016383036
-0.348277690052591
-0.291456228677404
-0.233968521589999
-0.175945981107506
-0.117521242133573
-0.0588278589655485
0
0
0
0
0
0
0
0
-0.0848311268096436
-0.169258766970974
-0.252881352959959
-0.335301146373104
-0.416126129711058
-0.494971870951597
-0.571463352043406
-0.645236752623713
-0.715941180475778
-0.00130491011352387
-0.00128249500183235
-0.00124040561694751
-0.00117971368514345
-0.00108086325327997
-0.000942852296918042
-0.000838975545479413
-0.000849636557621895
0
0
0
0
0
0
0
0
0
0
0
0
0
0
0
0
0
0
0
0
0
0
0
0
0
0
