50 400 1.079999e-05 5.345978e-06 1.042150e-07 9.266512e-02 5.501658e-04 5.841242e-04 3.473382e-05 8.390099e-02 5.507264e-04 5.918138e-04 2.520736e-05 5.339161e-05 4.966999e-05 4.848442e-05 1.791635e-01 
50 1600 9.930786e-06 1.684297e-05 1.062173e-07 7.699184e-02 1.604196e-03 1.746430e-03 5.600336e-05 7.960333e-02 1.638041e-03 1.754725e-03 9.960439e-05 5.740761e-05 5.360604e-05 5.190140e-05 1.636988e-01 
50 3600 1.268080e-05 4.039020e-05 1.141801e-07 8.113769e-02 3.278749e-03 3.661480e-03 9.039058e-05 7.626515e-02 3.236446e-03 3.622884e-03 2.186598e-04 6.814143e-05 7.097777e-05 6.603440e-05 1.717844e-01 
50 6400 9.870809e-06 6.667119e-05 1.141801e-07 8.854761e-02 5.731898e-03 6.394125e-03 1.454206e-04 8.376165e-02 5.754202e-03 6.414488e-03 3.703858e-04 1.106650e-04 1.077726e-04 1.017996e-04 1.975359e-01 
50 10000 1.012520e-05 9.907759e-05 1.181848e-07 1.295300e-01 9.088848e-03 9.729986e-03 2.093120e-04 7.090865e-02 8.664642e-03 9.679603e-03 5.598202e-04 1.014712e-04 1.012610e-04 9.299037e-05 2.387988e-01 
50 14400 1.283498e-05 1.465404e-04 1.681969e-07 8.479781e-02 1.250036e-02 1.437786e-02 2.970626e-04 8.848856e-02 1.239149e-02 1.407768e-02 8.067742e-04 1.595658e-04 1.628746e-04 1.539874e-04 2.283988e-01 
50 19600 1.211599e-05 1.931056e-04 1.761597e-07 8.798973e-02 1.682960e-02 1.892802e-02 3.965068e-04 1.430450e-01 1.676175e-02 1.890003e-02 1.095753e-03 1.694426e-04 1.713072e-04 1.594456e-04 3.046768e-01 
50 25600 1.001479e-05 2.578822e-04 1.079869e-07 9.102782e-02 2.203774e-02 2.506713e-02 4.884638e-04 7.968073e-02 2.197045e-02 2.468071e-02 1.443142e-03 1.674334e-04 1.488038e-04 1.426466e-04 2.671466e-01 
50 32400 9.914814e-06 3.355380e-04 1.161825e-07 9.517159e-02 5.956793e-02 3.956382e-02 6.306958e-04 7.961028e-02 2.750698e-02 3.132364e-02 1.904043e-03 1.596338e-04 1.470070e-04 1.395380e-04 3.360943e-01 
50 40000 1.378660e-05 4.396130e-04 1.002103e-07 8.627982e-02 3.457557e-02 3.893720e-02 6.933270e-04 7.111382e-02 3.600323e-02 3.880664e-02 2.257878e-03 1.666222e-04 1.525574e-04 1.431012e-04 3.096073e-01 
50 48400 1.010704e-05 5.893060e-04 2.122018e-07 8.514509e-02 4.159799e-02 4.694940e-02 8.440858e-04 7.046187e-02 4.127984e-02 4.833041e-02 2.704241e-03 1.831468e-04 1.639382e-04 1.538312e-04 3.384361e-01 
50 57600 1.004501e-05 7.733422e-04 1.142267e-07 8.527649e-02 4.918033e-02 5.568327e-02 1.079617e-03 7.156199e-02 5.231138e-02 8.922262e-02 3.221610e-03 2.115328e-02 2.345403e-02 2.233729e-02 4.752967e-01 
50 67600 1.222803e-05 1.001578e-03 2.021901e-07 8.657868e-02 5.889487e-02 6.855725e-02 1.201383e-02 8.033013e-02 6.052069e-02 7.777510e-02 3.895829e-03 1.675742e-02 2.491252e-04 2.388720e-04 4.668547e-01 
50 78400 9.914814e-06 1.206277e-03 2.104323e-07 7.661551e-02 6.897116e-02 8.221058e-02 1.333627e-03 7.240427e-02 7.906729e-02 1.129192e-01 4.583099e-03 1.380711e-02 2.766242e-04 2.711700e-04 5.137085e-01 
50 90000 1.223041e-05 1.415247e-03 2.043787e-07 1.104386e-01 8.570595e-02 9.574110e-02 1.671152e-03 9.276511e-02 9.079673e-02 1.102454e-01 5.081073e-03 3.212288e-04 2.229722e-04 2.083042e-04 5.946612e-01 
100 400 2.081702e-05 5.752593e-06 1.241919e-07 2.669436e-01 1.093007e-03 1.101607e-03 3.649238e-05 2.576796e-01 1.089962e-03 1.106122e-03 2.422198e-05 5.724938e-05 5.291882e-05 5.240398e-05 5.292821e-01 
100 1600 2.079699e-05 1.814100e-05 1.182314e-07 2.639797e-01 3.487640e-03 3.603215e-03 5.725143e-05 2.531819e-01 3.521040e-03 3.607072e-03 9.258199e-05 6.598621e-05 7.023262e-05 6.675962e-05 5.317877e-01 
100 3600 2.019601e-05 3.551682e-05 1.242384e-07 2.657498e-01 6.997510e-03 7.290685e-03 9.049084e-05 2.560717e-01 6.857966e-03 7.175091e-03 2.033350e-04 8.479441e-05 8.909083e-05 8.487441e-05 5.507699e-01 
100 6400 1.840540e-05 6.558360e-05 1.021661e-07 2.615949e-01 1.375747e-02 1.261432e-02 1.372684e-04 2.793289e-01 1.202932e-02 1.262984e-02 3.635296e-04 1.072076e-04 1.108270e-04 1.094192e-04 5.928936e-01 
100 10000 2.074898e-05 9.945021e-05 1.362059e-07 2.634661e-01 1.843477e-02 1.934402e-02 1.933342e-04 2.512308e-01 1.837718e-02 1.939117e-02 5.624060e-04 1.323612e-04 1.317124e-04 1.052308e-04 5.915142e-01 
100 14400 2.121958e-05 1.477022e-04 1.322012e-07 3.730551e-01 2.603897e-02 2.754826e-02 2.567104e-04 2.663869e-01 2.585840e-02 2.753122e-02 8.070566e-04 1.076804e-04 1.127920e-04 9.759939e-05 7.479950e-01 
100 19600 1.827739e-05 1.946300e-04 1.584180e-07 2.731574e-01 3.540736e-02 3.741189e-02 3.545822e-04 2.642085e-01 3.526002e-02 3.738561e-02 1.095226e-03 1.245474e-04 1.132066e-04 1.089204e-04 6.848622e-01 
100 25600 1.989780e-05 2.540906e-04 1.602340e-07 2.688815e-01 4.642865e-02 5.132981e-02 4.305336e-04 4.236104e-01 5.598255e-02 5.339814e-02 1.518112e-03 2.230312e-02 2.343099e-02 2.347082e-02 9.711014e-01 
100 32400 3.215182e-05 3.323072e-04 9.001233e-08 4.234092e-01 5.797603e-02 7.485057e-02 6.287288e-04 2.910190e-01 5.770177e-02 6.247136e-02 2.244747e-03 1.685172e-04 1.500976e-04 1.435940e-04 9.711478e-01 
100 40000 1.992178e-05 4.391904e-04 7.622875e-08 3.510623e-01 7.768429e-02 8.450378e-02 7.738270e-04 3.058705e-01 8.331935e-02 9.693888e-02 2.718564e-03 1.933662e-04 1.602328e-04 1.609558e-04 1.003864e+00 
100 48400 2.142796e-05 5.616450e-04 1.861714e-07 3.136134e-01 1.030349e-01 1.381136e-01 1.231294e-02 3.104978e-01 1.110734e-01 1.126819e-01 3.347187e-03 1.664259e-02 2.306056e-04 2.214060e-04 1.122396e+00 
100 57600 2.180641e-05 7.615226e-04 3.024004e-07 3.168965e-01 1.291991e-01 1.154427e-01 1.179717e-02 2.848113e-01 1.235760e-01 1.496733e-01 3.327267e-03 2.407859e-02 2.272042e-02 2.358063e-02 1.205927e+00 
100 67600 2.216902e-05 1.947960e-03 1.941808e-07 3.305686e-01 1.239332e-01 1.622360e-01 1.194614e-02 4.773201e-01 1.552169e-01 1.797366e-01 4.354542e-03 2.580744e-04 1.933302e-04 2.000500e-04 1.447973e+00 
100 78400 2.145399e-05 1.191499e-03 3.405847e-07 3.002042e-01 1.483998e-01 1.733832e-01 1.252438e-03 2.679349e-01 1.461942e-01 1.837117e-01 4.469371e-03 2.135828e-02 2.362778e-02 2.358591e-02 1.295381e+00 
100 90000 2.106340e-05 1.297776e-03 2.083834e-07 2.635370e-01 1.880198e-01 2.024818e-01 1.226143e-02 2.635547e-01 1.844328e-01 2.161457e-01 5.286314e-03 6.861395e-03 2.989134e-04 2.773814e-04 1.344511e+00 
150 400 2.691620e-05 5.602185e-06 1.161825e-07 8.142769e-01 1.554540e-03 1.534831e-03 3.983337e-05 7.968917e-01 1.556900e-03 1.535195e-03 2.436419e-05 5.623582e-05 5.795043e-05 5.721920e-05 1.617631e+00 
150 1600 2.721241e-05 1.718760e-05 1.301989e-07 9.974922e-01 5.155644e-03 5.299300e-03 5.775802e-05 8.560899e-01 5.179912e-03 5.229530e-03 9.118584e-05 6.560576e-05 5.722940e-05 5.649021e-05 1.874839e+00 
150 3600 3.618598e-05 3.703916e-05 1.079869e-07 7.755361e-01 1.041826e-02 1.072755e-02 9.091538e-05 8.455959e-01 1.040388e-02 1.072758e-02 2.033110e-04 9.258580e-05 9.619542e-05 9.003016e-05 1.664079e+00 
150 6400 2.912143e-05 6.465842e-05 1.362059e-07 9.188011e-01 1.813086e-02 1.868425e-02 1.400888e-04 8.237248e-01 1.786976e-02 1.854761e-02 3.624660e-04 1.271012e-04 1.284394e-04 1.259236e-04 1.816765e+00 
150 10000 3.014081e-05 9.931000e-05 1.763925e-07 8.812111e-01 2.816522e-02 2.894678e-02 1.939150e-04 8.437703e-01 2.816698e-02 2.880722e-02 5.632290e-04 1.106990e-04 1.086238e-04 1.018336e-04 1.840297e+00 
150 14400 2.873084e-05 1.459774e-04 1.382083e-07 8.687077e-01 3.990124e-02 4.145577e-02 2.638712e-04 8.025637e-01 4.015708e-02 4.305601e-02 8.061190e-04 1.226288e-04 1.200048e-04 1.127438e-04 1.837469e+00 
150 19600 2.651741e-05 1.973540e-04 1.661945e-07 1.138785e+00 5.408137e-02 8.121764e-02 4.019370e-04 8.079321e-01 5.380146e-02 6.747607e-02 1.101183e-03 5.002293e-03 1.179980e-04 1.137454e-04 2.210291e+00 
150 25600 2.871682e-05 2.595808e-04 1.040287e-07 9.355797e-01 8.199914e-02 8.392113e-02 4.387136e-04 8.774802e-01 8.992337e-02 9.591045e-02 1.446275e-03 1.687534e-04 1.430312e-04 1.433696e-04 2.167471e+00 
150 32400 2.881102e-05 3.365474e-04 1.242384e-07 1.258277e+00 9.366746e-02 1.116539e-01 6.302927e-03 9.740448e-01 9.479876e-02 1.350904e-01 1.876935e-03 1.635396e-04 1.470852e-04 1.405092e-04 2.676565e+00 
150 40000 2.891724e-05 4.415198e-04 1.541805e-07 9.860229e-01 1.372283e-01 1.350895e-01 6.821244e-04 8.115484e-01 1.401362e-01 1.182998e-01 2.254992e-03 1.755356e-04 1.573624e-04 1.512152e-04 2.332251e+00 
150 48400 2.862061e-05 6.039158e-04 9.620562e-08 1.214731e+00 1.385328e-01 1.623652e-01 1.196254e-02 1.087967e+00 1.362765e-01 1.495365e-01 2.768453e-03 1.945538e-04 1.664700e-04 1.610600e-04 2.905338e+00 
150 57600 2.870476e-05 7.831048e-04 1.941808e-07 1.078873e+00 1.791554e-01 2.101985e-01 1.157189e-02 8.325693e-01 1.613265e-01 1.893383e-01 3.219148e-03 9.660638e-03 2.307898e-04 2.258206e-04 2.677219e+00 
150 67600 3.073202e-05 9.820892e-04 2.024230e-07 8.758390e-01 1.954550e-01 2.042380e-01 1.139328e-03 7.999935e-01 1.910631e-01 2.030549e-01 3.810557e-03 2.282302e-04 2.018188e-04 1.964828e-04 2.476268e+00 
150 78400 2.875878e-05 1.100241e-03 2.004206e-07 7.286771e-01 2.405407e-01 2.411114e-01 1.253984e-02 1.045354e+00 2.204497e-01 2.311087e-01 4.425977e-03 2.597290e-04 2.089734e-04 2.055562e-04 2.726052e+00 
150 90000 2.850038e-05 1.324231e-03 2.061948e-07 8.284730e-01 2.480437e-01 2.673728e-01 1.127122e-02 8.506218e-01 2.538361e-01 2.697983e-01 5.333443e-03 3.059760e-04 2.298226e-04 2.197154e-04 2.736904e+00 
200 400 3.722343e-05 5.636411e-06 1.722015e-07 1.227740e+00 2.088910e-03 2.045480e-03 4.123943e-05 1.332562e+00 2.111500e-03 2.081664e-03 2.525961e-05 6.147157e-05 5.587321e-05 5.684881e-05 2.568930e+00 
200 1600 3.737360e-05 1.731981e-05 1.260079e-07 1.276059e+00 6.846635e-03 6.888025e-03 5.314103e-05 1.154002e+00 6.918945e-03 6.861255e-03 9.231959e-05 5.880781e-05 5.572103e-05 5.676658e-05 2.457969e+00 
200 3600 3.728564e-05 3.604377e-05 1.401640e-07 1.403432e+00 1.403430e-02 1.440189e-02 9.028660e-05 1.402138e+00 1.404599e-02 1.432942e-02 2.029324e-04 7.606340e-05 7.867520e-05 7.970082e-05 2.863008e+00 
200 6400 3.718343e-05 6.441600e-05 1.301989e-07 1.194443e+00 2.470155e-02 2.499690e-02 1.332686e-04 1.186759e+00 2.526207e-02 2.503203e-02 3.596098e-04 9.729499e-05 9.765159e-05 9.406018e-05 2.482099e+00 
200 10000 3.484380e-05 9.968658e-05 1.221895e-07 1.209241e+00 3.832294e-02 3.934351e-02 2.099390e-04 1.213931e+00 3.843969e-02 3.876092e-02 5.604890e-04 1.107490e-04 1.086400e-04 9.381762e-05 2.579278e+00 
200 14400 3.500823e-05 1.462678e-04 1.701992e-07 1.183001e+00 5.381042e-02 6.325184e-02 5.357556e-03 1.213211e+00 5.515113e-02 6.401463e-02 8.091096e-04 1.669282e-02 1.291384e-04 1.300076e-04 2.655765e+00 
200 19600 3.494401e-05 1.966010e-04 1.221895e-07 1.194556e+00 8.379094e-02 8.784130e-02 1.173043e-02 1.208597e+00 7.988879e-02 8.144661e-02 1.102060e-03 1.840336e-02 1.110054e-04 1.226968e-04 2.767847e+00 
200 25600 3.499021e-05 2.585914e-04 1.281966e-07 1.192579e+00 1.005683e-01 1.380472e-01 4.533436e-04 1.195297e+00 1.050747e-01 1.285525e-01 1.447685e-03 1.734364e-04 1.493186e-04 1.382900e-04 2.862797e+00 
200 32400 3.499021e-05 3.417354e-04 1.022127e-07 1.321537e+00 1.346779e-01 1.382899e-01 5.454548e-04 1.360647e+00 1.765741e-01 1.448796e-01 2.114525e-03 1.750770e-04 1.470812e-04 1.446236e-04 3.280139e+00 
200 40000 3.745980e-05 4.532014e-04 1.864042e-07 1.239092e+00 1.537715e-01 1.591190e-01 1.077921e-02 1.398048e+00 1.616880e-01 1.563655e-01 2.241096e-03 1.794694e-04 1.564372e-04 1.531000e-04 3.282153e+00 
200 48400 3.751600e-05 5.906882e-04 1.482200e-07 1.231977e+00 2.398378e-01 1.992241e-01 1.280842e-02 1.255929e+00 2.054332e-01 1.974385e-01 2.732003e-03 1.933140e-04 1.744178e-04 1.682888e-04 3.346584e+00 
200 57600 3.712741e-05 7.781174e-04 2.324115e-07 1.206890e+00 2.182316e-01 2.308412e-01 9.371646e-04 1.163899e+00 2.173302e-01 2.262606e-01 3.215075e-03 5.888243e-03 2.293780e-04 2.210614e-04 3.274789e+00 
200 67600 3.720741e-05 9.983196e-04 1.844019e-07 1.136224e+00 2.658337e-01 2.654866e-01 1.287036e-03 1.384254e+00 2.557730e-01 2.675301e-01 3.862979e-03 2.189342e-04 1.948764e-04 1.932818e-04 3.581929e+00 
200 78400 3.838539e-05 1.203988e-03 2.562068e-07 1.074090e+00 3.014190e-01 3.135405e-01 1.371915e-02 1.114660e+00 3.336866e-01 3.144031e-01 4.757530e-03 4.270009e-03 2.865250e-04 2.791660e-04 3.476394e+00 
200 90000 3.722361e-05 1.337305e-03 2.806075e-07 1.140642e+00 3.385049e-01 3.473996e-01 1.489846e-03 1.196296e+00 3.369859e-01 3.513583e-01 5.360801e-03 3.331904e-04 2.285386e-04 2.235010e-04 3.720230e+00 
250 400 4.525338e-05 5.586213e-06 1.384411e-07 1.994987e+00 2.621775e-03 2.566450e-03 4.090699e-05 2.007151e+00 2.613999e-03 2.577421e-03 2.381937e-05 6.693979e-05 6.071236e-05 5.994318e-05 4.012838e+00 
250 1600 4.548780e-05 1.684716e-05 1.181848e-07 2.055849e+00 8.325655e-03 8.276900e-03 5.652639e-05 2.191102e+00 8.331788e-03 8.332575e-03 9.178482e-05 6.108498e-05 5.990919e-05 6.261920e-05 4.280633e+00 
250 3600 4.704800e-05 3.635818e-05 1.342036e-07 2.140434e+00 1.753441e-02 1.762837e-02 8.775480e-05 2.254191e+00 1.741495e-02 1.766054e-02 2.059210e-04 7.652598e-05 8.054399e-05 7.907199e-05 4.465500e+00 
250 6400 4.557781e-05 6.428580e-05 1.362059e-07 2.314320e+00 3.303345e-02 3.241692e-02 1.371966e-04 2.188631e+00 3.281575e-02 3.407163e-02 3.591632e-04 1.327738e-04 1.255872e-04 1.166760e-04 4.636296e+00 
250 10000 4.583439e-05 9.862501e-05 1.079869e-07 2.082684e+00 5.009339e-02 6.993629e-02 1.065697e-02 2.170057e+00 4.712716e-02 5.740423e-02 6.169454e-04 4.908230e-03 1.003134e-04 7.936037e-05 4.493837e+00 
250 14400 4.526339e-05 1.471192e-04 1.102220e-07 2.335405e+00 7.059970e-02 8.929185e-02 2.648106e-04 2.138160e+00 6.754850e-02 7.958880e-02 8.047652e-04 1.233578e-04 1.208782e-04 1.100360e-04 4.782239e+00 
250 19600 4.682760e-05 1.995834e-04 1.422130e-07 2.181373e+00 9.533928e-02 1.112752e-01 1.170233e-02 2.175440e+00 9.523318e-02 1.010127e-01 1.100370e-03 1.853385e-02 1.189474e-04 1.266148e-04 4.791532e+00 
250 25600 4.571420e-05 2.628418e-04 1.382083e-07 2.138550e+00 1.234071e-01 1.393199e-01 4.393566e-04 1.981586e+00 1.224377e-01 1.366399e-01 1.462261e-03 1.376223e-02 1.560346e-04 1.588726e-04 4.658258e+00 
250 32400 4.535760e-05 3.391154e-04 1.561828e-07 2.196500e+00 1.563641e-01 1.627123e-01 1.173396e-02 2.012373e+00 1.551729e-01 1.818690e-01 1.857073e-03 1.680344e-04 1.481528e-04 1.425564e-04 4.879456e+00 
250 40000 4.558777e-05 4.424112e-04 1.621898e-07 2.378049e+00 2.169010e-01 2.308066e-01 8.487688e-04 2.210541e+00 1.966407e-01 2.108712e-01 2.312143e-03 1.776686e-04 1.677420e-04 1.567956e-04 5.447994e+00 
250 48400 4.550577e-05 5.686014e-04 1.963694e-07 2.061832e+00 2.307652e-01 2.442614e-01 7.939290e-04 2.148796e+00 2.274717e-01 2.389730e-01 2.703148e-03 1.886692e-04 1.583218e-04 1.570080e-04 5.156746e+00 
250 57600 4.531941e-05 7.840184e-04 2.403744e-07 1.989050e+00 2.796174e-01 2.870741e-01 9.744540e-04 2.316213e+00 2.795171e-01 2.899052e-01 3.527937e-03 1.913692e-04 1.772800e-04 1.714116e-04 5.447284e+00 
250 67600 4.562181e-05 9.432918e-04 2.284069e-07 2.016804e+00 3.250747e-01 4.431898e-01 1.298615e-02 2.158183e+00 3.174508e-01 3.282432e-01 3.900466e-03 2.218104e-04 1.989764e-04 2.021252e-04 5.607479e+00 
250 78400 4.652720e-05 1.103426e-03 2.424233e-07 2.199668e+00 4.191865e-01 3.889481e-01 1.278505e-02 2.382419e+00 4.322747e-01 4.001263e-01 4.863443e-03 1.942652e-02 2.604822e-04 2.621306e-04 6.261421e+00 
250 90000 4.702397e-05 1.289960e-03 2.244022e-07 2.224344e+00 4.224675e-01 4.454598e-01 1.677343e-03 1.989951e+00 4.482680e-01 4.895517e-01 5.461000e-03 1.019692e-02 2.947732e-04 7.606563e-03 6.046662e+00 
300 400 5.560298e-05 5.674595e-06 1.581851e-07 3.114765e+00 2.944268e-03 2.927330e-03 3.651241e-05 2.886030e+00 3.887227e-03 3.875016e-03 2.372339e-05 7.573282e-05 6.799339e-05 6.788317e-05 6.014779e+00 
300 1600 5.413657e-05 1.690723e-05 1.202337e-07 2.679968e+00 1.047451e-02 1.041892e-02 5.831681e-05 2.914746e+00 1.002136e-02 9.906897e-03 9.313482e-05 6.731823e-05 6.735441e-05 6.745839e-05 5.635986e+00 
300 3600 5.420679e-05 3.698100e-05 1.522247e-07 3.102659e+00 2.107060e-02 2.126589e-02 8.960739e-05 2.838348e+00 2.144152e-02 2.104434e-02 2.045828e-04 7.880940e-05 7.742941e-05 7.664221e-05 6.026468e+00 
300 6400 5.180319e-05 6.350656e-05 1.281966e-07 2.769810e+00 3.681381e-02 3.800117e-02 1.348250e-04 2.954296e+00 3.758529e-02 4.127371e-02 3.613804e-04 8.824796e-03 1.214970e-04 1.150054e-04 5.887479e+00 
300 10000 5.403459e-05 9.959443e-05 1.282431e-07 3.002181e+00 5.745908e-02 6.734027e-02 3.391884e-03 2.945207e+00 6.020331e-02 7.294347e-02 5.607316e-04 1.269812e-04 1.152398e-04 9.549838e-05 6.209803e+00 
300 14400 5.437299e-05 1.458794e-04 1.241919e-07 3.093560e+00 8.820700e-02 9.010877e-02 2.633144e-04 3.022321e+00 8.487438e-02 8.647902e-02 8.093338e-04 1.233958e-04 1.152758e-04 1.226168e-04 6.467210e+00 
300 19600 5.443101e-05 1.988604e-04 1.624227e-07 3.363742e+00 1.249030e-01 1.530703e-01 3.679962e-04 3.226954e+00 1.142229e-01 1.210443e-01 1.102741e-03 1.792826e-02 1.180478e-04 1.383842e-04 7.123874e+00 
300 25600 5.406463e-05 2.629276e-04 1.321547e-07 3.336636e+00 1.559270e-01 1.588299e-01 4.444562e-04 3.194207e+00 1.491106e-01 1.562210e-01 1.447553e-03 1.702799e-02 1.750288e-04 1.687856e-04 7.170548e+00 
300 32400 5.418682e-05 3.374208e-04 1.681969e-07 3.142501e+00 2.158298e-01 1.942102e-01 5.577932e-04 3.332026e+00 2.308983e-01 1.969012e-01 2.099781e-03 1.699312e-04 1.417854e-04 1.396522e-04 7.315901e+00 
300 40000 5.525621e-05 4.520596e-04 1.924112e-07 3.026661e+00 2.312990e-01 2.518873e-01 6.929164e-04 3.041715e+00 2.329407e-01 2.402884e-01 2.258183e-03 1.731566e-04 1.466108e-04 1.462924e-04 7.028755e+00 
300 48400 5.421699e-05 5.994910e-04 1.722015e-07 3.030805e+00 2.989909e-01 2.854714e-01 8.144278e-04 3.422769e+00 2.776102e-01 2.845963e-01 2.787034e-03 1.900358e-04 1.685376e-04 1.654350e-04 7.605061e+00 
300 57600 5.384842e-05 7.811282e-04 1.802109e-07 3.054265e+00 3.426754e-01 3.405524e-01 1.103221e-03 3.295136e+00 3.519192e-01 3.343064e-01 3.924807e-03 2.129620e-04 1.749632e-04 1.735390e-04 7.725331e+00 
300 67600 5.537863e-05 9.046806e-04 4.205853e-07 3.182092e+00 4.187152e-01 4.578773e-01 1.406401e-02 3.196252e+00 4.239231e-01 4.200041e-01 4.571615e-03 2.491480e-04 2.149548e-04 2.181916e-04 8.119179e+00 
300 78400 6.556800e-05 1.184641e-03 1.921784e-07 3.398566e+00 4.556571e-01 4.728009e-01 1.723347e-03 3.405255e+00 4.562245e-01 4.670987e-01 5.301933e-03 2.963444e-04 2.361484e-04 2.312834e-04 8.664681e+00 
300 90000 5.640020e-05 1.268538e-03 2.083834e-07 3.076585e+00 5.577791e-01 5.591621e-01 1.686308e-03 3.040087e+00 5.409811e-01 5.384175e-01 6.283167e-03 3.370940e-04 2.410542e-04 2.318446e-04 8.323151e+00 
350 400 6.452440e-05 5.858811e-06 9.220093e-08 4.417613e+00 3.377328e-03 3.237693e-03 3.679697e-05 4.184115e+00 3.434696e-03 3.336497e-03 2.855882e-05 5.947901e-05 5.734959e-05 5.597579e-05 8.615443e+00 
350 1600 6.717821e-05 1.656478e-05 7.422641e-08 4.166305e+00 1.160331e-02 1.154997e-02 6.029601e-05 4.208834e+00 1.148883e-02 1.163657e-02 1.120896e-04 6.834217e-05 6.673778e-05 6.833621e-05 8.421895e+00 
350 3600 6.447043e-05 3.799680e-05 5.201437e-08 4.182454e+00 2.405700e-02 2.431779e-02 1.004002e-04 4.295923e+00 2.440153e-02 2.437183e-02 2.468350e-04 8.207480e-05 7.824679e-05 7.486399e-05 8.576231e+00 
350 6400 6.385739e-05 6.618900e-05 6.202608e-08 4.291053e+00 4.207302e-02 4.669805e-02 1.527882e-04 4.283923e+00 4.238802e-02 4.608156e-02 4.390362e-04 9.484580e-05 9.605559e-05 9.076158e-05 8.753236e+00 
350 10000 6.612679e-05 9.880960e-05 5.019829e-08 4.260880e+00 6.713845e-02 6.773745e-02 2.208052e-04 4.227093e+00 6.565618e-02 1.015317e-01 6.820804e-04 1.205436e-04 1.142564e-04 1.093050e-04 8.791468e+00 
350 14400 6.454857e-05 1.471962e-04 9.620562e-08 4.059717e+00 9.489393e-02 1.166427e-01 1.129905e-02 4.150425e+00 9.780351e-02 1.376227e-01 9.847522e-04 2.259492e-02 2.302775e-02 2.218317e-02 8.737436e+00 
350 19600 6.570779e-05 1.997138e-04 9.420328e-08 4.174135e+00 1.438844e-01 1.923681e-01 4.022418e-04 4.078669e+00 1.455983e-01 1.871347e-01 1.338359e-03 3.365456e-04 1.341540e-04 1.284416e-04 8.924418e+00 
350 25600 6.403360e-05 2.609770e-04 1.402106e-07 4.338270e+00 2.085201e-01 1.934266e-01 5.132272e-04 4.134426e+00 1.927215e-01 2.111689e-01 1.746196e-03 1.465852e-03 1.507548e-04 1.521368e-04 9.282911e+00 
350 32400 6.325417e-05 3.297136e-04 9.820797e-08 4.253859e+00 2.251935e-01 2.281152e-01 6.810087e-03 4.005501e+00 2.368852e-01 2.314713e-01 1.873271e-03 1.646916e-04 1.465986e-04 1.353998e-04 9.190587e+00 
350 40000 6.603063e-05 8.681746e-04 1.561828e-07 4.008765e+00 2.943905e-01 2.963630e-01 8.030896e-04 4.035538e+00 2.733903e-01 2.767443e-01 2.741737e-03 1.851000e-04 1.495810e-04 1.484212e-04 9.190181e+00 
350 48400 6.367103e-05 5.825668e-04 1.743902e-07 4.427275e+00 3.281897e-01 3.666247e-01 9.919854e-04 4.559190e+00 3.250019e-01 3.444721e-01 3.282174e-03 2.073872e-04 1.845634e-04 1.799144e-04 1.035627e+01 
350 57600 6.334442e-05 7.681214e-04 2.223998e-07 4.537924e+00 4.250467e-01 4.735590e-01 6.351420e-03 4.555482e+00 4.301918e-01 5.649154e-01 3.989679e-03 2.229219e-02 2.533038e-04 2.528990e-04 1.102113e+01 
350 67600 6.382316e-05 9.030486e-04 3.986061e-07 4.412799e+00 4.610934e-01 4.906717e-01 1.462413e-03 4.431467e+00 4.658409e-01 4.776563e-01 4.625107e-03 2.348404e-04 2.109606e-04 2.072350e-04 1.074727e+01 
350 78400 6.646100e-05 1.073661e-03 2.302229e-07 4.251202e+00 5.660800e-01 6.029034e-01 1.442311e-02 4.334912e+00 5.341903e-01 5.466835e-01 5.371179e-03 2.310962e-02 2.838973e-03 2.824452e-04 1.088317e+01 
350 90000 6.584800e-05 1.302328e-03 3.946014e-07 4.301373e+00 6.320242e-01 6.766427e-01 1.830485e-03 4.401659e+00 6.041701e-01 6.372646e-01 6.092310e-03 2.921636e-04 2.338986e-04 2.340730e-04 1.126322e+01 
400 400 7.190923e-05 6.311387e-06 8.000061e-08 5.919486e+00 3.836059e-03 3.716305e-03 3.752601e-05 6.003530e+00 3.914128e-03 3.767627e-03 2.909540e-05 6.248523e-05 5.839500e-05 6.031403e-05 1.193859e+01 
400 1600 7.223161e-05 1.696739e-05 8.619390e-08 6.110821e+00 1.321770e-02 1.346013e-02 6.191824e-05 6.045895e+00 1.338916e-02 1.344694e-02 1.088704e-04 7.521817e-05 6.883861e-05 6.666742e-05 1.221072e+01 
400 3600 7.422259e-05 3.670882e-05 1.101755e-07 5.819425e+00 2.874174e-02 2.810284e-02 1.013412e-04 5.752771e+00 2.865993e-02 2.800182e-02 2.488088e-04 8.177399e-05 8.150362e-05 8.188202e-05 1.168642e+01 
400 6400 6.993618e-05 6.393339e-05 1.039822e-07 5.813949e+00 4.803191e-02 5.186487e-02 1.168244e-02 5.851167e+00 4.875349e-02 4.891440e-02 4.357378e-04 1.027572e-04 9.880723e-05 9.560660e-05 1.187525e+01 
400 10000 7.329518e-05 9.859097e-05 8.400530e-08 5.808995e+00 8.944603e-02 8.637400e-02 2.574758e-04 5.894609e+00 9.134265e-02 8.136260e-02 6.844244e-04 1.161332e-04 1.135494e-04 1.055034e-04 1.205360e+01 
400 14400 7.235999e-05 1.469552e-04 1.221895e-07 5.891805e+00 1.304129e-01 1.477451e-01 1.215842e-02 4.922907e+00 1.360791e-01 1.360766e-01 8.171906e-04 1.712933e-02 1.395820e-04 1.407758e-04 1.139566e+01 
400 19600 7.318719e-05 1.998360e-04 1.442153e-07 5.456407e+00 1.500260e-01 1.549030e-01 3.475502e-04 5.309364e+00 1.506885e-01 2.144875e-01 1.248027e-03 2.530483e-02 2.493544e-02 2.550964e-02 1.151354e+01 
400 25600 8.030357e-05 2.619566e-04 1.542270e-07 5.265107e+00 2.018968e-01 2.015357e-01 4.386780e-04 5.322950e+00 1.958607e-01 1.971788e-01 1.438481e-03 1.576190e-04 1.303002e-04 1.293348e-04 1.138720e+01 
400 32400 7.095961e-05 3.379800e-04 1.362059e-07 5.824770e+00 2.463989e-01 2.524062e-01 5.457618e-04 5.741304e+00 2.514341e-01 2.625721e-01 1.946544e-03 1.630050e-04 1.379136e-04 1.303022e-04 1.258225e+01 
400 40000 7.276060e-05 4.502152e-04 1.544133e-07 5.473928e+00 3.165735e-01 3.238660e-01 8.151934e-04 5.553087e+00 3.093498e-01 3.240839e-01 2.413729e-03 1.751212e-04 1.508350e-04 1.439766e-04 1.230514e+01 
400 48400 7.089376e-05 5.817214e-04 2.404209e-07 5.589738e+00 4.091131e-01 3.709902e-01 9.603742e-04 5.731886e+00 4.218467e-01 3.958815e-01 2.941512e-03 1.972300e-04 1.657612e-04 1.600748e-04 1.292459e+01 
400 57600 7.240800e-05 7.882078e-04 1.961831e-07 5.567511e+00 4.425185e-01 4.833533e-01 1.009714e-03 5.918190e+00 4.378422e-01 4.562205e-01 3.402590e-03 2.817022e-04 1.735610e-04 1.724352e-04 1.331157e+01 
400 67600 7.207561e-05 9.864814e-04 2.264045e-07 5.677887e+00 5.207413e-01 5.335330e-01 1.158345e-03 5.943715e+00 5.833996e-01 5.425792e-01 4.219515e-03 8.648898e-03 2.681382e-04 2.636896e-04 1.381751e+01 
400 78400 7.087160e-05 1.060819e-03 2.361834e-07 6.075445e+00 6.284213e-01 6.214882e-01 1.430930e-03 5.918602e+00 6.685786e-01 6.243452e-01 4.999020e-03 2.475292e-04 2.224618e-04 2.232170e-04 1.454517e+01 
400 90000 7.083761e-05 1.276714e-03 2.004206e-07 5.662632e+00 7.208144e-01 7.031267e-01 1.729636e-03 5.894823e+00 7.424796e-01 7.005702e-01 5.604501e-03 3.276966e-04 2.426298e-04 2.258048e-04 1.443396e+01 
450 400 8.071437e-05 5.756598e-06 1.401640e-07 7.423524e+00 4.595846e-03 4.335368e-03 3.965721e-05 7.331086e+00 4.861038e-03 4.504674e-03 2.425821e-05 6.349678e-05 6.110501e-05 6.284560e-05 1.477327e+01 
450 1600 7.893159e-05 1.724376e-05 1.161825e-07 7.355735e+00 1.580139e-02 1.561920e-02 5.646222e-05 7.621975e+00 1.797820e-02 1.770833e-02 9.092158e-05 7.736939e-05 7.240400e-05 6.918120e-05 1.504530e+01 
450 3600 8.071638e-05 3.571743e-05 1.242384e-07 7.255521e+00 3.275395e-02 3.296229e-02 8.969982e-05 7.389795e+00 3.559001e-02 4.630771e-02 2.044488e-04 9.837481e-05 9.353738e-05 9.470722e-05 1.479365e+01 
450 6400 8.069617e-05 6.415960e-05 9.802170e-08 7.397713e+00 5.478476e-02 7.331879e-02 1.344686e-04 7.456522e+00 5.588725e-02 5.557529e-02 3.603734e-04 8.242503e-05 8.151163e-05 8.223061e-05 1.509471e+01 
450 10000 8.104276e-05 9.932220e-05 1.742039e-07 7.292123e+00 9.089530e-02 1.168710e-01 1.851240e-04 7.489452e+00 9.597947e-02 1.166088e-01 5.643136e-04 1.642757e-02 1.346668e-04 1.297656e-04 1.521958e+01 
450 14400 7.937839e-05 1.480188e-04 1.442153e-07 7.399291e+00 1.252635e-01 1.338733e-01 1.171224e-02 7.456335e+00 1.258510e-01 1.355917e-01 8.144126e-04 1.605621e-02 1.160632e-04 1.301580e-04 1.540529e+01 
450 19600 8.040201e-05 1.965630e-04 1.462176e-07 7.365625e+00 1.893954e-01 1.979981e-01 3.494650e-04 7.678472e+00 1.906102e-01 1.959108e-01 1.127289e-03 1.343104e-04 1.209544e-04 1.153320e-04 1.582016e+01 
450 25600 7.911199e-05 2.552606e-04 1.162291e-07 7.258668e+00 2.519982e-01 2.323998e-01 5.255998e-04 6.999572e+00 2.226941e-01 2.496171e-01 1.547328e-03 1.642690e-04 1.451604e-04 1.456812e-04 1.521784e+01 
450 32400 7.926421e-05 3.401554e-04 1.661945e-07 7.898318e+00 2.855769e-01 2.945988e-01 5.767582e-04 8.034357e+00 2.806121e-01 2.854538e-01 1.904645e-03 1.632594e-04 1.474820e-04 1.422120e-04 1.708231e+01 
450 40000 7.897378e-05 4.444408e-04 1.624227e-07 7.809446e+00 3.658089e-01 3.554433e-01 7.169412e-04 7.766616e+00 3.869754e-01 3.526980e-01 2.364773e-03 1.698132e-04 1.470232e-04 1.434100e-04 1.704109e+01 
450 48400 8.028578e-05 5.907530e-04 1.982320e-07 7.499291e+00 4.149609e-01 4.235109e-01 8.219920e-04 7.344068e+00 4.258772e-01 4.232543e-01 2.833886e-03 1.816428e-04 1.620578e-04 1.546106e-04 1.653582e+01 
450 57600 8.015563e-05 7.808524e-04 1.641922e-07 6.986706e+00 5.086716e-01 5.282265e-01 1.313875e-02 7.583661e+00 5.246252e-01 5.283104e-01 3.590689e-03 3.170612e-03 1.802048e-04 1.800726e-04 1.668137e+01 
450 67600 8.039377e-05 1.001554e-03 1.641922e-07 7.127151e+00 6.120518e-01 6.187029e-01 8.746639e-03 7.070087e+00 5.883991e-01 5.913248e-01 4.059210e-03 1.969837e-02 2.465456e-04 2.357036e-04 1.664182e+01 
450 78400 7.939441e-05 1.075164e-03 1.383945e-07 7.185933e+00 6.953386e-01 6.845130e-01 1.198314e-02 7.683495e+00 7.109369e-01 6.944911e-01 5.016814e-03 2.918572e-04 2.237416e-04 2.149064e-04 1.767363e+01 
450 90000 7.989900e-05 1.276364e-03 1.802109e-07 7.343546e+00 7.960870e-01 8.175695e-01 1.877973e-03 6.613889e+00 7.694223e-01 7.911415e-01 6.211051e-03 2.536753e-02 2.595123e-02 3.009628e-04 1.719278e+01 
500 400 8.756658e-05 5.996833e-06 1.222361e-07 7.140402e+00 5.035405e-03 4.964323e-03 3.739982e-05 8.517442e+00 5.029975e-03 4.983748e-03 2.497137e-05 6.481279e-05 6.234501e-05 6.273161e-05 1.567823e+01 
500 1600 8.875839e-05 1.696739e-05 1.281966e-07 8.440073e+00 1.638666e-02 1.623838e-02 5.137459e-05 8.285821e+00 1.639257e-02 1.632499e-02 9.163879e-05 6.054020e-05 5.793041e-05 6.491682e-05 1.679169e+01 
500 3600 8.708378e-05 3.718161e-05 1.382083e-07 8.706229e+00 3.589459e-02 3.762091e-02 1.093410e-04 8.787383e+00 3.891167e-02 5.223498e-02 2.566406e-04 2.055253e-02 1.017236e-04 1.033242e-04 1.767955e+01 
500 6400 8.968762e-05 6.727022e-05 1.261942e-07 8.745257e+00 6.012220e-02 7.479618e-02 1.322912e-04 8.676454e+00 5.997514e-02 6.109322e-02 4.978104e-04 9.121401e-05 8.919477e-05 8.949158e-05 1.767878e+01 
500 10000 8.926122e-05 9.912583e-05 1.422130e-07 8.821306e+00 1.007549e-01 1.095125e-01 1.870308e-04 9.093829e+00 1.309713e-01 1.495210e-01 6.478822e-04 2.647103e-02 2.661341e-02 5.700740e-03 1.846574e+01 
500 14400 8.869437e-05 1.446636e-04 1.281966e-07 9.231167e+00 1.533853e-01 1.418995e-01 2.655240e-04 8.727733e+00 1.838050e-01 1.616344e-01 8.798040e-04 1.275062e-04 1.275042e-04 1.109656e-04 1.860140e+01 
500 19600 8.925921e-05 1.952472e-04 1.261942e-07 8.927809e+00 2.256998e-01 2.019737e-01 1.129177e-02 8.696687e+00 2.227797e-01 2.026085e-01 1.164831e-03 2.051411e-03 1.241492e-04 1.189774e-04 1.849262e+01 
500 25600 8.888040e-05 2.633808e-04 1.382083e-07 9.643765e+00 2.503261e-01 2.608818e-01 4.620810e-04 8.928993e+00 2.463053e-01 2.588422e-01 1.483535e-03 1.594258e-04 1.375332e-04 1.332426e-04 1.959187e+01 
500 32400 8.731224e-05 3.454492e-04 1.422130e-07 9.306658e+00 3.177207e-01 3.203454e-01 5.663928e-04 9.535550e+00 3.144703e-01 3.261190e-01 1.928228e-03 4.441925e-03 1.425666e-04 1.387388e-04 2.012854e+01 
500 40000 8.714600e-05 4.449614e-04 1.362059e-07 9.122175e+00 4.776057e-01 4.834972e-01 9.113692e-04 8.696092e+00 3.801708e-01 3.878795e-01 2.365957e-03 1.747926e-04 1.489662e-04 1.450282e-04 1.955173e+01 
500 48400 8.966383e-05 5.904746e-04 1.981854e-07 8.952957e+00 4.743695e-01 4.808496e-01 8.496952e-04 9.281187e+00 4.751992e-01 4.631773e-01 2.855044e-03 1.870170e-04 1.622940e-04 1.562170e-04 2.013267e+01 
500 57600 8.876836e-05 7.781286e-04 2.142042e-07 8.934686e+00 6.186856e-01 5.681127e-01 6.974780e-03 8.222747e+00 6.090483e-01 5.528650e-01 3.411439e-03 2.025782e-04 1.719946e-04 1.681928e-04 1.951797e+01 
500 67600 8.914699e-05 9.741150e-04 2.041925e-07 8.298951e+00 6.457765e-01 6.631796e-01 1.256692e-02 8.478478e+00 6.574005e-01 6.645498e-01 4.128028e-03 3.785908e-04 1.878402e-04 1.891602e-04 1.942688e+01 
500 78400 8.875639e-05 1.091077e-03 2.203975e-07 7.960693e+00 7.535900e-01 7.683050e-01 1.417028e-03 8.957162e+00 7.497328e-01 7.620162e-01 4.836255e-03 1.793347e-02 2.821768e-04 2.792384e-04 1.997747e+01 
500 90000 8.755457e-05 1.314615e-03 2.381857e-07 9.284952e+00 8.561802e-01 8.841855e-01 1.651848e-03 9.165717e+00 8.701852e-01 8.702301e-01 5.727805e-03 3.230818e-04 2.226380e-04 2.217568e-04 2.194103e+01 
550 400 9.601717e-05 5.748589e-06 1.422130e-07 1.038154e+01 5.310028e-03 5.038076e-03 3.239843e-05 1.031844e+01 5.249063e-03 5.014349e-03 2.421220e-05 5.370602e-05 5.075578e-05 5.138260e-05 2.072092e+01 
550 1600 9.758738e-05 1.712558e-05 1.082197e-07 9.598654e+00 1.902354e-02 1.870178e-02 6.400961e-05 1.041317e+01 1.777435e-02 1.769748e-02 9.170282e-05 5.644220e-05 5.722339e-05 5.679079e-05 2.008548e+01 
550 3600 9.726924e-05 3.598584e-05 1.322012e-07 1.015158e+01 3.782463e-02 4.794227e-02 1.171433e-02 1.006029e+01 3.785880e-02 3.811730e-02 2.020834e-04 6.452221e-05 6.716419e-05 6.544758e-05 2.038590e+01 
550 6400 9.735320e-05 6.413157e-05 1.381617e-07 1.029476e+01 6.660037e-02 7.283548e-02 1.356322e-04 1.054720e+01 7.482791e-02 7.044974e-02 3.699838e-04 1.015634e-04 9.107981e-05 9.005442e-05 2.112765e+01 
550 10000 9.767180e-05 1.001794e-04 1.422130e-07 1.056900e+01 1.163746e-01 1.107349e-01 1.874776e-04 1.063299e+01 1.437386e-01 1.458183e-01 6.531422e-04 1.170246e-04 1.152358e-04 1.088966e-04 2.172006e+01 
550 14400 9.665820e-05 1.455410e-04 1.462176e-07 1.081560e+01 1.607559e-01 1.790152e-01 2.739004e-04 1.118108e+01 2.047619e-01 1.717964e-01 8.925090e-04 1.204036e-04 1.211466e-04 1.184386e-04 2.271481e+01 
550 19600 9.586904e-05 1.950670e-04 1.401640e-07 1.092848e+01 2.046484e-01 2.322823e-01 1.205699e-02 1.073810e+01 2.083885e-01 2.211322e-01 1.110146e-03 1.563952e-04 1.330864e-04 1.252528e-04 2.254694e+01 
550 25600 9.570662e-05 2.595490e-04 1.742039e-07 1.091456e+01 2.814530e-01 3.155655e-01 1.091830e-02 1.093028e+01 2.747431e-01 2.830722e-01 1.525141e-03 1.728938e-04 1.456574e-04 1.380958e-04 2.301296e+01 
550 32400 9.590499e-05 3.444558e-04 1.342036e-07 1.151755e+01 3.388702e-01 3.477766e-01 5.556788e-04 1.084786e+01 3.525575e-01 4.937457e-01 2.222108e-03 2.694621e-02 2.222484e-02 1.772444e-04 2.395097e+01 
550 40000 9.559062e-05 4.564388e-04 1.864042e-07 1.057936e+01 4.158018e-01 4.262767e-01 6.820752e-04 1.100925e+01 4.802540e-01 4.327349e-01 2.379962e-03 2.334810e-03 1.631694e-04 1.548528e-04 2.334997e+01 
550 48400 9.649997e-05 5.872238e-04 1.281966e-07 1.136470e+01 5.645262e-01 5.268514e-01 1.304379e-02 1.101689e+01 5.298869e-01 5.271862e-01 2.929277e-03 2.015046e-04 1.748228e-04 1.723490e-04 2.454728e+01 
550 57600 9.692460e-05 7.250974e-04 1.981854e-07 1.106948e+01 6.071064e-01 6.059106e-01 9.737644e-04 1.147732e+01 6.732260e-01 6.233097e-01 3.498716e-03 2.098470e-04 1.854086e-04 1.846814e-04 2.506227e+01 
550 67600 9.539220e-05 9.965582e-04 2.664048e-07 1.069383e+01 7.588371e-01 7.305125e-01 1.359478e-03 1.091508e+01 7.170271e-01 7.227140e-01 4.166855e-03 2.339268e-04 1.910490e-04 1.872092e-04 2.454529e+01 
550 78400 9.567458e-05 1.210976e-03 2.583954e-07 1.102846e+01 8.251265e-01 8.819595e-01 8.063290e-03 1.094274e+01 8.711916e-01 8.581588e-01 5.011717e-03 2.729410e-04 2.091580e-04 2.031530e-04 2.542276e+01 
550 90000 9.554662e-05 1.272839e-03 2.364162e-07 1.122919e+01 9.850690e-01 9.835424e-01 1.629642e-03 1.072301e+01 9.327294e-01 9.655008e-01 5.538443e-03 1.544755e-02 2.963420e-04 3.409264e-04 2.584374e+01 
600 400 1.042314e-04 5.870778e-06 1.381617e-07 1.184851e+01 5.694825e-03 5.457444e-03 3.618002e-05 1.136084e+01 5.852339e-03 5.830000e-03 2.331878e-05 5.841516e-05 5.454342e-05 5.590743e-05 2.323255e+01 
600 1600 1.038690e-04 1.762821e-05 1.762062e-07 1.229621e+01 2.005875e-02 1.987958e-02 5.978919e-05 1.305187e+01 1.984062e-02 1.990499e-02 9.171679e-05 6.727842e-05 6.777919e-05 6.620479e-05 2.542827e+01 
600 3600 1.038988e-04 3.764997e-05 1.380220e-07 1.338001e+01 4.559907e-02 4.385336e-02 9.363764e-05 1.321648e+01 4.805367e-02 5.608234e-02 2.086532e-04 8.725603e-05 8.482840e-05 8.593621e-05 2.679080e+01 
600 6400 1.047422e-04 6.542760e-05 1.343898e-07 1.264065e+01 7.358481e-02 8.781584e-02 6.543666e-03 1.292947e+01 7.643173e-02 8.966432e-02 3.639648e-04 6.642389e-03 7.996941e-05 7.967078e-05 2.591153e+01 
600 10000 1.041294e-04 1.002116e-04 1.442153e-07 1.307323e+01 1.166598e-01 1.264499e-01 7.644348e-03 1.304338e+01 1.179506e-01 1.459253e-01 5.689004e-04 1.022726e-04 9.205141e-05 7.915823e-05 2.663231e+01 
600 14400 1.055174e-04 1.427708e-04 1.421664e-07 1.338365e+01 2.319770e-01 2.172630e-01 2.912164e-04 1.345389e+01 1.718715e-01 1.930977e-01 8.122134e-04 1.108734e-04 1.087000e-04 9.521199e-05 2.765344e+01 
600 19600 1.054012e-04 1.960244e-04 1.241919e-07 1.275069e+01 2.210551e-01 2.369578e-01 3.476346e-04 1.261157e+01 2.380352e-01 2.290984e-01 1.127962e-03 1.188665e-02 1.294130e-04 1.219660e-04 2.630135e+01 
600 25600 1.043476e-04 2.604786e-04 1.522247e-07 1.236301e+01 2.967154e-01 2.989729e-01 4.580934e-04 1.318581e+01 2.971230e-01 3.069985e-01 1.519753e-03 1.636982e-04 1.405016e-04 1.326018e-04 2.675145e+01 
600 32400 1.059580e-04 3.414434e-04 2.083834e-07 1.353761e+01 4.063836e-01 3.783148e-01 3.435733e-03 1.381667e+01 4.640728e-01 3.776140e-01 1.918279e-03 2.263025e-02 5.001480e-04 1.785944e-04 2.900980e+01 
600 40000 1.052330e-04 4.527834e-04 2.122018e-07 1.334299e+01 5.218151e-01 4.955630e-01 7.246970e-04 1.357168e+01 5.326160e-01 4.633792e-01 2.487101e-03 7.883095e-03 2.024220e-04 1.987384e-04 2.894013e+01 
600 48400 1.055012e-04 6.072258e-04 1.401640e-07 1.350780e+01 6.733175e-01 5.703045e-01 7.293545e-03 1.262987e+01 6.904746e-01 5.832200e-01 3.044176e-03 1.913054e-04 1.798784e-04 1.714496e-04 2.866662e+01 
