50 400 1.140721e-05 5.091634e-06 1.442153e-07 3.423646e-02 2.351937e-03 2.652881e-03 1.478200e-05 3.375694e-02 2.353499e-03 2.643921e-03 2.883300e-05 1.475597e-05 1.346599e-05 1.491220e-05 7.811566e-02 
50 1600 1.001679e-05 1.630019e-05 1.542270e-07 3.172698e-02 9.306459e-03 1.054790e-02 4.577641e-05 3.220281e-02 9.314497e-03 1.056338e-02 1.108216e-04 4.016799e-05 3.220602e-05 3.215820e-05 1.039711e-01 
50 3600 1.275097e-05 3.774441e-05 1.762062e-07 2.984918e-02 2.088579e-02 2.373254e-02 1.020164e-04 3.527021e-02 2.088186e-02 2.370042e-02 2.454068e-04 5.476200e-05 4.821001e-05 4.783161e-05 1.548937e-01 
50 6400 1.329179e-05 6.762501e-05 1.842156e-07 3.130744e-02 3.692402e-02 4.365200e-02 1.762054e-04 3.157047e-02 3.707925e-02 4.198696e-02 4.396712e-04 8.886079e-05 7.079979e-05 7.204362e-05 2.234739e-01 
50 10000 1.000101e-05 9.929240e-05 1.322012e-07 3.306990e-02 5.817599e-02 6.568438e-02 2.753434e-04 4.669007e-02 5.771025e-02 6.545555e-02 6.811480e-04 1.212112e-04 1.039534e-04 1.023630e-04 3.282098e-01 
50 14400 1.538098e-05 1.418440e-04 1.661945e-07 3.548549e-02 8.315573e-02 9.421158e-02 3.882782e-04 3.191750e-02 8.296995e-02 9.448215e-02 9.769682e-04 1.647000e-04 1.419622e-04 1.442476e-04 4.242235e-01 
50 19600 1.337202e-05 1.963114e-04 2.341811e-07 3.108101e-02 1.141169e-01 1.294258e-01 5.413250e-04 3.016657e-02 1.142474e-01 1.293946e-01 1.350713e-03 2.209162e-04 1.854632e-04 1.866008e-04 5.511612e-01 
50 25600 1.285723e-05 2.621616e-04 1.582317e-07 3.429598e-02 1.482013e-01 1.682563e-01 7.618468e-04 3.090259e-02 1.485047e-01 1.701223e-01 1.748439e-03 4.095902e-04 3.727450e-04 3.872548e-04 7.042766e-01 
50 32400 1.344001e-05 3.409436e-04 1.823995e-07 3.225800e-02 1.890878e-01 2.165838e-01 8.908514e-04 3.353722e-02 1.877724e-01 2.126857e-01 2.241474e-03 3.721442e-04 3.427682e-04 3.414622e-04 8.765044e-01 
50 40000 1.271521e-05 4.372036e-04 2.242159e-07 3.380580e-02 2.308036e-01 2.625259e-01 1.149027e-03 3.254891e-02 2.305004e-01 2.619506e-01 2.719625e-03 4.270022e-04 3.614482e-04 3.626882e-04 1.057638e+00 
50 48400 1.266478e-05 5.814772e-04 2.061948e-07 3.398057e-02 2.788632e-01 3.175730e-01 1.313175e-03 3.159562e-02 2.806510e-01 3.189806e-01 3.401836e-03 5.029618e-04 4.327488e-04 4.351102e-04 1.268360e+00 
50 57600 1.285118e-05 7.601602e-04 1.982320e-07 3.667551e-02 3.358163e-01 3.820725e-01 1.563114e-03 3.184562e-02 3.347810e-01 3.801557e-01 3.957340e-03 6.154820e-04 5.126962e-04 5.414112e-04 1.509349e+00 
50 67600 1.306739e-05 9.853686e-04 2.463814e-07 3.465101e-02 3.899109e-01 4.445729e-01 1.820711e-03 3.171739e-02 3.921493e-01 4.444187e-01 4.647662e-03 7.641860e-04 6.584482e-04 6.524692e-04 1.747003e+00 
50 78400 1.283120e-05 1.141348e-03 2.583954e-07 3.195553e-02 4.554539e-01 5.178041e-01 2.072720e-03 3.373490e-02 4.521721e-01 5.174532e-01 5.383616e-03 8.760172e-04 6.953172e-04 8.864268e-04 2.019689e+00 
50 90000 1.327582e-05 1.260153e-03 2.985820e-07 3.179373e-02 5.283749e-01 5.969991e-01 2.507255e-03 3.218110e-02 5.248077e-01 5.990321e-01 6.292665e-03 1.112971e-03 1.010610e-03 1.010134e-03 2.326444e+00 
100 400 2.174638e-05 5.444000e-06 1.402106e-07 1.265910e-01 4.973149e-03 5.311536e-03 1.571761e-05 1.203602e-01 4.964185e-03 5.287693e-03 2.840259e-05 1.463001e-05 1.363838e-05 1.387261e-05 2.676181e-01 
100 1600 1.836740e-05 1.990581e-05 1.481734e-07 1.222517e-01 1.979115e-02 2.135034e-02 4.596859e-05 1.203882e-01 1.976592e-02 2.117748e-02 1.114686e-04 3.987160e-05 3.315941e-05 3.225622e-05 3.250520e-01 
100 3600 2.134778e-05 3.574942e-05 1.484063e-07 1.193131e-01 4.465762e-02 4.723165e-02 1.035910e-04 1.292844e-01 4.446788e-02 4.741698e-02 2.455290e-04 5.747583e-05 4.789359e-05 4.792563e-05 4.329604e-01 
100 6400 2.418021e-05 6.468077e-05 1.823995e-07 1.229124e-01 7.946792e-02 8.462873e-02 1.767762e-04 1.212299e-01 7.963012e-02 8.485170e-02 4.373296e-04 8.053840e-05 7.468760e-05 7.646224e-05 5.736790e-01 
100 10000 1.850980e-05 1.011552e-04 1.484063e-07 1.200061e-01 1.238783e-01 1.312319e-01 2.741418e-04 1.238283e-01 1.238202e-01 1.311418e-01 6.839844e-04 1.212432e-04 1.015076e-04 1.031322e-04 7.553383e-01 
100 14400 2.381159e-05 1.451250e-04 1.201872e-07 1.230928e-01 1.779925e-01 1.890378e-01 3.903132e-04 1.203516e-01 1.787862e-01 1.904329e-01 9.864282e-04 1.590276e-04 1.386694e-04 1.409706e-04 9.817079e-01 
100 19600 1.847381e-05 1.902884e-04 1.521781e-07 1.241236e-01 2.414406e-01 2.575829e-01 5.773388e-04 1.209433e-01 2.434341e-01 2.589107e-01 1.332814e-03 2.248140e-04 1.849444e-04 1.855232e-04 1.249177e+00 
100 25600 2.117162e-05 2.790108e-04 2.264045e-07 1.191595e-01 3.171011e-01 3.385073e-01 7.484826e-04 1.204491e-01 3.169049e-01 3.375040e-01 1.827651e-03 4.516410e-04 3.803524e-04 3.822732e-04 1.553752e+00 
100 32400 2.129781e-05 3.392050e-04 2.543908e-07 1.216401e-01 4.013476e-01 4.285561e-01 8.890888e-04 1.222873e-01 4.007290e-01 4.288868e-01 2.206902e-03 3.844566e-04 3.894160e-04 3.899548e-04 1.908102e+00 
100 40000 2.132403e-05 4.423932e-04 1.602340e-07 1.227202e-01 4.974188e-01 5.323389e-01 1.088533e-03 1.220622e-01 4.995425e-01 5.293710e-01 2.717177e-03 4.256302e-04 3.856504e-04 4.098966e-04 2.308982e+00 
100 48400 2.201498e-05 6.042190e-04 2.622139e-07 1.214774e-01 6.004338e-01 6.405194e-01 1.291633e-03 1.223207e-01 6.016716e-01 6.456013e-01 3.321786e-03 5.113922e-04 4.539684e-04 4.494458e-04 2.738720e+00 
100 57600 2.052058e-05 7.599258e-04 2.724119e-07 1.231330e-01 7.086201e-01 7.553551e-01 1.724958e-03 1.200568e-01 7.089522e-01 7.613319e-01 3.955718e-03 6.209720e-04 5.514884e-04 5.416194e-04 3.185681e+00 
100 67600 2.055480e-05 1.003406e-03 2.524350e-07 1.209365e-01 8.331761e-01 8.936229e-01 1.866598e-03 1.247403e-01 8.352784e-01 8.942423e-01 4.594931e-03 8.486464e-04 9.278006e-04 9.246280e-04 3.712236e+00 
100 78400 2.049259e-05 1.097849e-03 3.243797e-07 1.216775e-01 9.729984e-01 1.037978e+00 2.180781e-03 1.198598e-01 9.705763e-01 1.037178e+00 5.395053e-03 8.876146e-04 6.888016e-04 8.445382e-04 4.271437e+00 
100 90000 2.058079e-05 1.268067e-03 2.644025e-07 1.204071e-01 1.206697e+00 1.290753e+00 2.502871e-03 1.245632e-01 1.215060e+00 1.290833e+00 6.315271e-03 1.060849e-03 8.633282e-04 9.321712e-04 5.261329e+00 
150 400 2.950402e-05 5.622394e-06 1.582317e-07 3.637097e-01 7.563548e-03 7.859915e-03 1.710956e-05 3.586140e-01 7.553962e-03 7.866827e-03 2.828417e-05 1.790281e-05 1.328979e-05 1.334599e-05 7.533177e-01 
150 1600 3.009699e-05 2.183658e-05 1.322012e-07 3.636906e-01 3.012651e-02 3.138554e-02 4.621097e-05 3.602166e-01 3.017925e-02 3.144082e-02 1.089288e-04 3.880602e-05 3.510439e-05 3.238656e-05 8.473810e-01 
150 3600 2.995664e-05 3.660880e-05 1.362059e-07 3.615602e-01 6.772131e-02 7.062904e-02 1.005862e-04 3.621174e-01 6.779037e-02 7.076218e-02 2.479986e-04 5.470179e-05 4.909341e-05 5.035121e-05 1.001179e+00 
150 6400 2.956418e-05 6.625303e-05 1.641922e-07 3.725532e-01 1.207511e-01 1.259887e-01 1.772950e-04 3.714204e-01 1.207551e-01 1.262540e-01 4.353446e-04 8.548577e-05 7.213778e-05 7.198760e-05 1.238694e+00 
150 10000 2.952418e-05 9.989720e-05 1.281966e-07 3.755857e-01 1.896075e-01 1.971812e-01 2.733366e-04 3.718153e-01 1.894427e-01 1.977457e-01 6.807454e-04 1.204000e-04 1.042718e-04 1.020384e-04 1.522817e+00 
150 14400 2.919962e-05 1.464990e-04 1.382083e-07 3.754836e-01 2.710027e-01 2.838068e-01 3.977024e-04 3.753354e-01 2.698272e-01 2.838999e-01 9.773528e-04 1.795704e-04 1.405800e-04 1.408646e-04 1.861403e+00 
150 19600 2.944199e-05 1.968382e-04 1.902226e-07 3.788996e-01 3.685031e-01 3.861127e-01 5.295536e-04 3.798283e-01 3.703692e-01 3.868689e-01 1.331949e-03 2.324854e-04 2.045096e-04 2.040450e-04 2.273341e+00 
150 25600 3.001299e-05 2.542078e-04 1.442153e-07 3.790788e-01 4.802775e-01 5.037220e-01 7.254082e-04 3.758885e-01 4.845630e-01 5.065185e-01 1.746426e-03 4.405926e-04 3.795954e-04 3.828682e-04 2.734044e+00 
150 32400 2.927380e-05 3.365230e-04 1.422130e-07 3.806384e-01 6.123654e-01 6.409043e-01 8.762276e-04 3.780994e-01 6.133749e-01 6.398637e-01 2.199451e-03 3.449056e-04 3.426020e-04 3.588062e-04 3.269777e+00 
150 40000 2.969238e-05 4.458122e-04 1.922250e-07 3.609786e-01 7.554365e-01 7.912262e-01 1.113003e-03 3.616619e-01 7.558289e-01 7.894642e-01 2.713135e-03 4.279698e-04 3.945498e-04 4.091094e-04 3.820179e+00 
150 48400 2.943599e-05 5.947890e-04 2.626330e-07 3.712580e-01 9.173847e-01 9.574177e-01 1.278437e-03 3.750600e-01 9.158774e-01 9.646534e-01 3.312743e-03 5.074764e-04 4.582630e-04 4.649630e-04 4.508351e+00 
150 57600 2.914341e-05 7.657024e-04 2.783723e-07 3.737445e-01 1.083494e+00 1.241464e+00 1.531767e-03 3.915544e-01 1.089973e+00 1.240234e+00 4.006807e-03 7.017368e-04 7.449214e-04 7.433310e-04 5.429047e+00 
150 67600 2.921163e-05 9.283894e-04 2.684072e-07 3.696677e-01 1.281722e+00 1.331690e+00 1.902149e-03 3.616475e-01 1.276656e+00 1.333958e+00 4.579428e-03 7.948882e-04 7.337246e-04 7.547520e-04 5.965122e+00 
150 78400 2.879100e-05 1.114512e-03 2.563931e-07 3.694796e-01 1.480854e+00 1.548172e+00 2.064327e-03 3.612166e-01 1.482264e+00 1.548166e+00 5.390451e-03 8.061390e-04 6.869328e-04 7.252300e-04 6.801029e+00 
150 90000 3.041364e-05 1.276394e-03 1.822133e-07 3.584458e-01 1.704066e+00 1.784819e+00 2.506212e-03 3.642894e-01 1.698387e+00 1.780668e+00 6.117311e-03 1.079794e-03 9.129686e-04 9.615652e-04 7.703619e+00 
200 400 3.924058e-05 5.315803e-06 1.482200e-07 4.849595e-01 1.020427e-02 1.048945e-02 1.554321e-05 5.042653e-01 1.020978e-02 1.051217e-02 2.996279e-05 1.531481e-05 1.325980e-05 1.292923e-05 1.030796e+00 
200 1600 3.790064e-05 1.729983e-05 1.482200e-07 4.913527e-01 4.047313e-02 4.192583e-02 5.242638e-05 4.861864e-01 4.074103e-02 4.198858e-02 1.103948e-04 4.038224e-05 3.344798e-05 3.415300e-05 1.143025e+00 
200 3600 3.767041e-05 3.574761e-05 1.561828e-07 4.861995e-01 9.112670e-02 9.475623e-02 1.017420e-04 4.880792e-01 9.133537e-02 9.424272e-02 2.479386e-04 5.461359e-05 5.077380e-05 4.881299e-05 1.346343e+00 
200 6400 3.848737e-05 7.622000e-05 1.681969e-07 4.853941e-01 1.620734e-01 1.681468e-01 1.784388e-04 4.823481e-01 1.629686e-01 1.691645e-01 4.379184e-04 8.201464e-05 7.171119e-05 7.036901e-05 1.631084e+00 
200 10000 3.952719e-05 9.751362e-05 1.382083e-07 4.832852e-01 2.538228e-01 2.618574e-01 2.918522e-04 4.843378e-01 2.536238e-01 2.613527e-01 6.899974e-04 1.166564e-04 1.034066e-04 1.011734e-04 1.999749e+00 
200 14400 3.855960e-05 1.429736e-04 1.902226e-07 4.889739e-01 3.639455e-01 3.786184e-01 4.098286e-04 4.849748e-01 3.665084e-01 3.797523e-01 9.798124e-04 1.593842e-04 1.398850e-04 1.395366e-04 2.464819e+00 
200 19600 3.799861e-05 1.950196e-04 1.801644e-07 4.865960e-01 4.959142e-01 5.190057e-01 5.256616e-04 5.579113e-01 5.017247e-01 5.181833e-01 1.331560e-03 2.289662e-04 1.968722e-04 1.978558e-04 3.082090e+00 
200 25600 3.819917e-05 2.608940e-04 1.281966e-07 4.808188e-01 6.518997e-01 6.759950e-01 7.093762e-04 4.844896e-01 6.528751e-01 6.753441e-01 1.747139e-03 4.454638e-04 3.816704e-04 3.994048e-04 3.625456e+00 
200 32400 3.826120e-05 3.345580e-04 1.762062e-07 4.869303e-01 8.265613e-01 8.557208e-01 8.643898e-04 4.856173e-01 8.243882e-01 8.553169e-01 2.202540e-03 3.491558e-04 3.274816e-04 3.410176e-04 4.339042e+00 
200 40000 4.017400e-05 4.406066e-04 1.924112e-07 4.842205e-01 1.020095e+00 1.056837e+00 1.073617e-03 4.841682e-01 1.019889e+00 1.053448e+00 2.715933e-03 4.236872e-04 3.616724e-04 3.635654e-04 5.124126e+00 
200 48400 3.815298e-05 5.889782e-04 1.944136e-07 4.823008e-01 1.335527e+00 1.278383e+00 1.291224e-03 4.897045e-01 1.344639e+00 1.278867e+00 3.322810e-03 5.351118e-04 4.642238e-04 4.498904e-04 6.216173e+00 
200 57600 3.748196e-05 7.823392e-04 2.244022e-07 4.816841e-01 1.462840e+00 1.519828e+00 1.616967e-03 4.845245e-01 1.468701e+00 1.521650e+00 3.993757e-03 6.146968e-04 5.672978e-04 5.864044e-04 6.947491e+00 
200 67600 3.725360e-05 8.685622e-04 1.662411e-07 4.816657e-01 1.719181e+00 1.787815e+00 1.795578e-03 4.895461e-01 1.715534e+00 1.787837e+00 4.580138e-03 7.577708e-04 6.053968e-04 6.031016e-04 7.990880e+00 
200 78400 3.929283e-05 1.120308e-03 2.563931e-07 4.793436e-01 1.994892e+00 2.071956e+00 2.107756e-03 4.814351e-01 1.998410e+00 2.073436e+00 5.313025e-03 8.758030e-04 6.949488e-04 8.313906e-04 9.110511e+00 
200 90000 3.776839e-05 1.268620e-03 2.963934e-07 4.859854e-01 2.298107e+00 2.378318e+00 2.357037e-03 4.860483e-01 2.288667e+00 2.371815e+00 6.227380e-03 1.058752e-03 9.419600e-04 9.577354e-04 1.032184e+01 
250 400 4.772940e-05 5.702628e-06 1.462176e-07 8.128435e-01 1.272335e-02 1.306978e-02 1.495243e-05 8.137037e-01 1.273221e-02 1.303054e-02 2.850257e-05 1.992160e-05 1.352020e-05 1.360220e-05 1.678277e+00 
250 1600 4.776940e-05 1.657880e-05 1.261942e-07 8.115945e-01 5.078868e-02 5.228639e-02 4.826998e-05 8.179290e-01 5.106667e-02 5.247905e-02 1.093194e-04 4.322259e-05 3.472576e-05 3.273683e-05 1.836512e+00 
250 3600 4.744702e-05 3.643041e-05 1.382083e-07 8.149941e-01 1.144100e-01 1.173925e-01 1.014796e-04 8.106399e-01 1.140480e-01 1.175759e-01 2.455310e-04 5.815900e-05 5.053561e-05 5.218401e-05 2.089686e+00 
250 6400 4.635719e-05 6.737462e-05 1.481734e-07 8.161023e-01 2.036197e-01 2.105028e-01 1.795102e-04 8.126295e-01 2.052229e-01 2.123019e-01 4.358394e-04 8.480879e-05 7.175519e-05 7.191938e-05 2.461370e+00 
250 10000 4.945002e-05 1.010310e-04 1.641922e-07 8.227235e-01 3.170990e-01 3.281650e-01 2.757982e-04 8.170410e-01 3.204329e-01 3.288352e-01 6.813042e-04 1.214736e-04 1.022168e-04 1.011854e-04 2.935758e+00 
250 14400 4.739878e-05 1.442736e-04 1.382083e-07 8.159224e-01 4.587786e-01 4.741451e-01 3.944316e-04 8.131754e-01 4.610620e-01 4.741574e-01 9.767400e-04 1.602976e-04 1.414174e-04 1.404758e-04 3.499283e+00 
250 19600 4.624724e-05 1.920350e-04 1.161825e-07 8.100255e-01 6.297521e-01 6.451857e-01 5.309556e-04 8.311603e-01 6.272686e-01 6.440062e-01 1.330829e-03 2.253508e-04 1.845638e-04 1.873078e-04 4.190135e+00 
250 25600 4.577842e-05 2.578474e-04 1.224224e-07 8.149557e-01 8.189766e-01 8.426954e-01 6.862156e-04 8.077917e-01 8.179295e-01 8.430914e-01 1.792842e-03 4.081078e-04 3.904136e-04 3.752088e-04 4.949453e+00 
250 32400 4.649763e-05 3.566290e-04 1.462176e-07 8.153840e-01 1.034696e+00 1.066238e+00 8.620584e-04 8.103882e-01 1.036216e+00 1.063604e+00 2.209653e-03 3.485870e-04 2.970860e-04 2.981818e-04 5.831007e+00 
250 40000 4.557604e-05 4.482000e-04 2.043787e-07 8.113849e-01 1.277903e+00 1.318584e+00 1.055175e-03 8.125279e-01 1.278751e+00 1.314750e+00 2.711919e-03 4.227838e-04 3.617068e-04 3.602366e-04 6.819368e+00 
250 48400 4.556002e-05 5.932328e-04 1.701992e-07 8.148892e-01 1.551715e+00 1.593340e+00 1.278216e-03 8.114790e-01 1.550874e+00 1.595671e+00 3.280938e-03 5.772568e-04 4.628018e-04 4.657382e-04 7.924726e+00 
250 57600 4.784558e-05 8.152586e-04 2.162065e-07 8.100880e-01 1.844492e+00 1.903269e+00 1.528561e-03 7.902129e-01 1.842612e+00 1.900960e+00 3.907506e-03 6.197322e-04 5.105972e-04 5.367462e-04 9.099656e+00 
250 67600 4.569218e-05 9.911436e-04 2.843793e-07 8.013760e-01 2.165024e+00 2.226408e+00 1.789609e-03 7.871567e-01 2.164624e+00 2.222177e+00 4.568724e-03 6.991114e-04 6.317308e-04 6.812106e-04 1.037622e+01 
250 78400 4.589260e-05 1.199570e-03 2.764165e-07 7.882536e-01 2.737490e+00 2.584757e+00 2.285327e-03 7.943873e-01 2.723197e+00 2.577008e+00 5.417746e-03 9.826474e-04 8.559680e-04 8.584216e-04 1.221679e+01 
250 90000 4.579243e-05 1.270458e-03 3.223773e-07 7.887490e-01 2.878829e+00 2.962928e+00 2.379446e-03 7.888206e-01 2.885451e+00 2.987295e+00 6.246137e-03 1.126469e-03 9.489750e-04 1.006043e-03 1.330515e+01 
300 400 5.501644e-05 5.664397e-06 1.201872e-07 1.189555e+00 1.531862e-02 1.562348e-02 1.783059e-05 1.183648e+00 1.534394e-02 1.569601e-02 2.811598e-05 1.840340e-05 1.355219e-05 1.317379e-05 2.435369e+00 
300 1600 5.444158e-05 1.716781e-05 1.462176e-07 1.186503e+00 6.182129e-02 6.294694e-02 5.116840e-05 1.190627e+00 6.131515e-02 6.250729e-02 1.089770e-04 4.461259e-05 3.452362e-05 3.333776e-05 2.626093e+00 
300 3600 5.669277e-05 3.967322e-05 1.482200e-07 1.177698e+00 1.384205e-01 1.420763e-01 1.016640e-04 1.181905e+00 1.379774e-01 1.408245e-01 2.489842e-04 5.591162e-05 4.699621e-05 4.604901e-05 2.919532e+00 
300 6400 5.465578e-05 6.699823e-05 1.543667e-07 1.177838e+00 2.469500e-01 2.526796e-01 1.798190e-04 1.184506e+00 2.472503e-01 2.529269e-01 4.386900e-04 8.477680e-05 7.108217e-05 7.385463e-05 3.363154e+00 
300 10000 5.500638e-05 1.004782e-04 1.362059e-07 1.181164e+00 3.848844e-01 3.945686e-01 2.797524e-04 1.186155e+00 3.831564e-01 3.932310e-01 6.863466e-04 1.177886e-04 1.002882e-04 1.010634e-04 3.924636e+00 
300 14400 5.462780e-05 1.452656e-04 1.924112e-07 1.179932e+00 5.564403e-01 5.714242e-01 4.129608e-04 1.184083e+00 5.534444e-01 5.700173e-01 9.794738e-04 1.620570e-04 1.389284e-04 1.384534e-04 4.617411e+00 
300 19600 5.487418e-05 1.968290e-04 1.602340e-07 1.184001e+00 7.561114e-01 7.750999e-01 5.299002e-04 1.183142e+00 7.566573e-01 7.734377e-01 1.334779e-03 2.211974e-04 1.817444e-04 1.838756e-04 5.431205e+00 
300 25600 5.388060e-05 2.610712e-04 1.462176e-07 1.213636e+00 9.946567e-01 1.005577e+00 7.098218e-04 1.190277e+00 9.859158e-01 1.009430e+00 1.740765e-03 4.478772e-04 3.926464e-04 3.861668e-04 6.403543e+00 
300 32400 5.458379e-05 3.333738e-04 1.342036e-07 1.186739e+00 1.352981e+00 1.275412e+00 8.627504e-04 1.201051e+00 1.365288e+00 1.280785e+00 2.196406e-03 3.672224e-04 2.959606e-04 2.962332e-04 7.666726e+00 
300 40000 5.390341e-05 4.412462e-04 1.822133e-07 1.184333e+00 1.548677e+00 1.585059e+00 1.063219e-03 1.192178e+00 1.545805e+00 1.581573e+00 2.775781e-03 4.170614e-04 3.600982e-04 3.599640e-04 8.643164e+00 
300 48400 5.393662e-05 5.972868e-04 1.844019e-07 1.188347e+00 1.889553e+00 1.942637e+00 1.287551e-03 1.200470e+00 1.873051e+00 1.899685e+00 3.382192e-03 6.079758e-04 4.277600e-04 4.307024e-04 1.000059e+01 
300 57600 5.597179e-05 7.909956e-04 2.081972e-07 1.190783e+00 2.227491e+00 2.277364e+00 1.518412e-03 1.197887e+00 2.220423e+00 2.274383e+00 3.999836e-03 7.407562e-04 5.363326e-04 5.381512e-04 1.139657e+01 
300 67600 5.401080e-05 1.000627e-03 2.923887e-07 1.189899e+00 2.613259e+00 2.671009e+00 1.923963e-03 1.193931e+00 2.607257e+00 2.668458e+00 4.587136e-03 7.978372e-04 6.056618e-04 6.006122e-04 1.295345e+01 
300 78400 5.379640e-05 1.219598e-03 2.903864e-07 1.321172e+00 3.037423e+00 3.103447e+00 2.188781e-03 1.189704e+00 3.019024e+00 3.104750e+00 5.443831e-03 9.237554e-04 8.361324e-04 8.362386e-04 1.478708e+01 
300 90000 5.483222e-05 1.361593e-03 3.263820e-07 1.179328e+00 3.476098e+00 3.554700e+00 2.512173e-03 1.184052e+00 3.466911e+00 3.551373e+00 6.291297e-03 9.578004e-04 9.298346e-04 9.828398e-04 1.642561e+01 
350 400 6.275582e-05 5.668588e-06 1.601875e-07 1.670047e+00 1.802739e-02 1.836389e-02 1.469003e-05 1.762632e+00 1.793230e-02 1.824885e-02 2.979860e-05 1.667882e-05 1.244261e-05 1.248280e-05 3.505440e+00 
350 1600 6.309836e-05 1.736800e-05 1.562294e-07 1.669786e+00 7.187155e-02 7.331262e-02 4.769941e-05 1.684439e+00 7.204377e-02 7.346045e-02 1.104352e-04 3.775442e-05 3.246660e-05 3.266279e-05 3.645286e+00 
350 3600 6.447840e-05 4.119962e-05 1.561828e-07 1.673029e+00 1.628877e-01 1.654575e-01 1.043882e-04 1.674400e+00 1.617368e-01 1.640865e-01 2.472778e-04 5.290899e-05 4.719663e-05 4.691221e-05 4.002232e+00 
350 6400 6.207880e-05 6.488701e-05 1.482200e-07 1.669136e+00 2.862348e-01 2.928915e-01 1.768064e-04 1.671566e+00 2.896293e-01 2.942564e-01 4.359560e-04 8.405782e-05 6.912341e-05 7.493603e-05 4.504712e+00 
350 10000 6.188261e-05 1.010672e-04 1.742039e-07 1.667049e+00 4.525193e-01 4.628756e-01 2.743764e-04 1.676120e+00 4.508233e-01 4.592110e-01 6.807280e-04 1.132854e-04 9.945482e-05 1.015758e-04 5.170065e+00 
350 14400 6.262381e-05 1.445582e-04 1.482200e-07 1.661554e+00 6.472183e-01 6.623439e-01 3.927132e-04 1.673721e+00 6.500701e-01 6.607599e-01 9.768530e-04 1.588116e-04 1.378742e-04 1.385112e-04 5.957725e+00 
350 19600 6.261384e-05 1.980142e-04 1.504086e-07 1.672286e+00 8.800471e-01 9.023679e-01 5.296800e-04 1.667837e+00 8.820781e-01 9.029360e-01 1.326564e-03 2.175534e-04 1.824528e-04 1.832400e-04 6.910300e+00 
350 25600 6.222301e-05 2.584446e-04 1.422130e-07 1.667851e+00 1.259561e+00 1.283621e+00 7.615288e-04 1.673570e+00 1.259804e+00 1.284055e+00 1.746730e-03 4.362504e-04 3.833070e-04 3.856326e-04 8.432555e+00 
350 32400 6.287401e-05 3.341538e-04 1.482200e-07 1.673588e+00 1.464001e+00 1.490774e+00 8.608234e-04 1.680728e+00 1.463823e+00 1.490300e+00 2.194636e-03 3.414388e-04 2.917164e-04 2.913878e-04 9.267648e+00 
350 40000 6.239540e-05 4.536906e-04 2.103858e-07 1.666186e+00 1.812387e+00 1.845897e+00 1.056516e-03 1.671160e+00 1.805344e+00 1.845612e+00 2.712214e-03 4.188164e-04 3.539934e-04 3.567096e-04 1.065206e+01 
350 48400 6.354097e-05 5.929670e-04 1.701992e-07 1.664784e+00 2.185697e+00 2.227384e+00 1.274668e-03 1.672016e+00 2.183494e+00 2.222516e+00 3.278715e-03 5.048212e-04 4.303920e-04 4.298932e-04 1.216252e+01 
350 57600 6.213696e-05 7.763874e-04 2.021901e-07 1.670598e+00 2.601443e+00 2.652762e+00 1.532310e-03 1.669332e+00 2.595571e+00 2.646671e+00 3.911109e-03 6.791196e-04 5.075892e-04 6.008628e-04 1.384449e+01 
350 67600 6.373539e-05 9.042264e-04 2.223998e-07 1.673707e+00 3.058182e+00 3.118076e+00 1.792565e-03 1.699172e+00 3.058174e+00 3.121075e+00 4.576325e-03 7.744958e-04 7.100954e-04 7.211698e-04 1.573798e+01 
350 78400 6.509516e-05 1.129399e-03 2.624001e-07 1.752465e+00 3.542157e+00 3.611073e+00 2.189170e-03 1.702307e+00 3.549939e+00 3.631091e+00 5.314504e-03 9.400418e-04 8.615104e-04 8.832930e-04 1.780047e+01 
350 90000 6.404584e-05 1.260101e-03 2.563931e-07 1.678643e+00 4.068144e+00 4.135911e+00 2.378367e-03 1.684258e+00 4.058195e+00 4.137362e+00 6.105390e-03 1.048835e-03 8.681626e-04 9.110308e-04 1.977520e+01 
400 400 7.119663e-05 5.882792e-06 1.461711e-07 2.326589e+00 2.056650e-02 2.089462e-02 1.525260e-05 2.313336e+00 2.058802e-02 2.090613e-02 2.806601e-05 1.677899e-05 1.207800e-05 1.221038e-05 4.723076e+00 
400 1600 7.158299e-05 1.700339e-05 1.521781e-07 2.313497e+00 8.272102e-02 8.404423e-02 5.012699e-05 2.307737e+00 8.250373e-02 8.381892e-02 1.141506e-04 3.348622e-05 3.267080e-05 3.242036e-05 4.954707e+00 
400 3600 7.336959e-05 3.624619e-05 1.402106e-07 2.314013e+00 1.849740e-01 1.888605e-01 1.039094e-04 2.309288e+00 1.862559e-01 1.892318e-01 2.464186e-04 5.360222e-05 4.740502e-05 4.770537e-05 5.373270e+00 
400 6400 7.254840e-05 6.593680e-05 1.261942e-07 2.316779e+00 3.313707e-01 3.365196e-01 1.770750e-04 2.316062e+00 3.292679e-01 3.358803e-01 4.360004e-04 8.034040e-05 6.703441e-05 6.844038e-05 5.966881e+00 
400 10000 7.221820e-05 1.001598e-04 1.441687e-07 2.323050e+00 5.202551e-01 5.306398e-01 2.752960e-04 2.311069e+00 5.159117e-01 5.279849e-01 6.767186e-04 1.157532e-04 1.004602e-04 1.021348e-04 6.730388e+00 
400 14400 7.358398e-05 1.423430e-04 1.702458e-07 2.313821e+00 7.455552e-01 7.631860e-01 3.901656e-04 2.325189e+00 7.415273e-01 7.544894e-01 9.805946e-04 1.572932e-04 1.404482e-04 1.372552e-04 7.645835e+00 
400 19600 7.312139e-05 1.914462e-04 1.401640e-07 2.312146e+00 1.019172e+00 1.039104e+00 5.290392e-04 2.328345e+00 1.013618e+00 1.031098e+00 1.327581e-03 2.175334e-04 1.837548e-04 1.851748e-04 8.746255e+00 
400 25600 7.058359e-05 2.589132e-04 1.442153e-07 2.320331e+00 1.323955e+00 1.346475e+00 6.916284e-04 2.316178e+00 1.324054e+00 1.345426e+00 1.739876e-03 3.894986e-04 3.722126e-04 3.662656e-04 9.980359e+00 
400 32400 7.143682e-05 3.496970e-04 1.681969e-07 2.310353e+00 1.677255e+00 1.704689e+00 8.603346e-04 2.320916e+00 1.674255e+00 1.701475e+00 2.194574e-03 3.487378e-04 3.218956e-04 3.650564e-04 1.139351e+01 
400 40000 7.117637e-05 4.482868e-04 1.763925e-07 2.302774e+00 2.071141e+00 2.095396e+00 1.142045e-03 2.306515e+00 2.070081e+00 2.103722e+00 2.740637e-03 4.154054e-04 3.552112e-04 3.534706e-04 1.295521e+01 
400 48400 7.048137e-05 6.955944e-04 1.922250e-07 2.312008e+00 2.732421e+00 2.540091e+00 1.271774e-03 2.339039e+00 2.734106e+00 2.537221e+00 3.289144e-03 5.553806e-04 4.568232e-04 4.548082e-04 1.520173e+01 
400 57600 7.041520e-05 8.341216e-04 2.083834e-07 2.317474e+00 2.980619e+00 3.041892e+00 1.586683e-03 2.321751e+00 2.976198e+00 3.029843e+00 3.906968e-03 6.777998e-04 5.789840e-04 5.861306e-04 1.667607e+01 
400 67600 7.319339e-05 9.034034e-04 2.543908e-07 2.312598e+00 3.499802e+00 3.559964e+00 1.773757e-03 2.327041e+00 3.495485e+00 3.545834e+00 4.573742e-03 6.876504e-04 5.978622e-04 6.457438e-04 1.875003e+01 
400 78400 7.326161e-05 1.200786e-03 2.603978e-07 2.317925e+00 4.070078e+00 4.086373e+00 2.196796e-03 2.436101e+00 4.064753e+00 4.116432e+00 5.330559e-03 9.279100e-04 6.916886e-04 6.894692e-04 2.110282e+01 
400 90000 7.071779e-05 1.319960e-03 2.763700e-07 2.436319e+00 4.660434e+00 4.766005e+00 2.799431e-03 2.441701e+00 4.663661e+00 4.740073e+00 6.229564e-03 1.046443e-03 9.605144e-04 9.905354e-04 2.372166e+01 
450 400 7.937257e-05 5.884795e-06 1.482200e-07 3.256637e+00 2.320762e-02 2.354546e-02 1.562140e-05 3.270647e+00 2.317027e-02 2.344092e-02 2.822420e-05 1.919479e-05 1.443559e-05 1.443359e-05 6.620858e+00 
450 1600 7.986538e-05 1.717783e-05 1.742039e-07 3.262120e+00 9.279852e-02 9.446270e-02 5.305540e-05 3.275722e+00 9.228897e-02 9.340400e-02 1.096078e-04 4.245341e-05 3.409702e-05 3.437540e-05 6.911197e+00 
450 3600 8.214880e-05 3.665099e-05 1.301989e-07 3.256051e+00 2.098583e-01 2.128154e-01 1.023932e-04 3.267561e+00 2.072408e-01 2.120449e-01 2.458858e-04 5.720360e-05 4.830239e-05 4.781540e-05 7.366230e+00 
450 6400 8.173818e-05 6.541777e-05 1.481734e-07 3.274799e+00 3.724516e-01 3.783223e-01 1.786752e-04 3.265468e+00 3.718521e-01 3.773871e-01 4.362766e-04 8.432218e-05 7.238020e-05 7.329760e-05 8.041310e+00 
450 10000 8.300818e-05 9.914041e-05 1.382083e-07 3.260929e+00 5.836468e-01 5.932718e-01 2.729662e-04 3.273635e+00 5.833226e-01 5.918255e-01 6.852750e-04 1.332652e-04 1.025514e-04 1.008290e-04 8.888158e+00 
450 14400 7.981742e-05 1.426674e-04 1.901761e-07 3.262782e+00 8.383390e-01 8.518118e-01 3.910930e-04 3.256164e+00 8.353977e-01 8.518331e-01 9.878696e-04 1.623488e-04 1.613894e-04 1.674324e-04 9.898470e+00 
450 19600 8.091698e-05 1.982326e-04 1.402106e-07 3.269562e+00 1.245987e+00 1.305334e+00 5.306238e-04 3.169978e+00 1.246670e+00 1.265742e+00 1.331906e-03 2.149976e-04 1.829536e-04 1.826132e-04 1.150606e+01 
450 25600 7.872381e-05 2.622002e-04 1.260079e-07 3.144118e+00 1.492194e+00 1.514760e+00 6.899340e-04 3.200810e+00 1.493772e+00 1.521801e+00 1.777715e-03 4.091862e-04 4.249978e-04 4.002408e-04 1.237156e+01 
450 32400 7.906822e-05 3.375870e-04 1.643784e-07 3.192609e+00 1.900057e+00 1.935254e+00 9.755472e-04 3.211471e+00 1.899800e+00 1.925024e+00 2.197966e-03 3.432314e-04 2.923754e-04 3.052806e-04 1.406880e+01 
450 40000 7.910822e-05 4.512430e-04 1.921784e-07 3.188126e+00 2.327871e+00 2.366278e+00 1.128628e-03 3.217059e+00 2.325419e+00 2.363506e+00 2.707237e-03 4.221174e-04 3.615828e-04 3.939552e-04 1.579385e+01 
450 48400 8.052839e-05 5.950042e-04 2.164394e-07 3.285233e+00 2.829974e+00 2.852978e+00 1.289413e-03 3.348824e+00 2.817233e+00 2.858859e+00 3.276922e-03 5.177366e-04 5.367870e-04 5.493898e-04 1.800000e+01 
450 57600 8.034641e-05 8.134748e-04 1.944136e-07 3.280685e+00 3.381045e+00 3.412155e+00 1.544663e-03 3.301364e+00 3.354553e+00 3.405349e+00 3.907548e-03 8.335008e-04 5.408850e-04 5.415280e-04 2.014346e+01 
450 67600 8.001779e-05 1.039655e-03 2.523884e-07 3.187166e+00 3.946901e+00 4.001822e+00 1.774497e-03 3.207302e+00 3.940714e+00 4.004971e+00 4.639818e-03 8.151514e-04 9.084690e-04 7.724294e-04 2.229896e+01 
450 78400 7.882598e-05 1.133375e-03 1.961831e-07 3.190388e+00 4.569048e+00 4.645397e+00 2.060234e-03 3.199168e+00 4.570793e+00 4.644446e+00 5.430600e-03 1.006390e-03 8.494168e-04 8.471752e-04 2.483070e+01 
450 90000 7.923059e-05 1.327971e-03 2.783723e-07 3.199298e+00 5.248236e+00 5.341952e+00 2.439059e-03 3.313553e+00 5.306546e+00 5.390983e+00 6.119792e-03 1.238829e-03 1.123659e-03 1.159579e-03 2.781411e+01 
500 400 8.939579e-05 5.896809e-06 1.501758e-07 4.184213e+00 2.568956e-02 2.610368e-02 1.837341e-05 4.178082e+00 2.576394e-02 2.601766e-02 3.293320e-05 1.620618e-05 1.397277e-05 1.413319e-05 8.466088e+00 
500 1600 9.026700e-05 1.748623e-05 1.322012e-07 4.184298e+00 1.031956e-01 1.049237e-01 4.883702e-05 4.185575e+00 1.031962e-01 1.041339e-01 1.089390e-04 4.083319e-05 3.663483e-05 3.470401e-05 8.785733e+00 
500 3600 9.014681e-05 3.660279e-05 1.601875e-07 4.201043e+00 2.318761e-01 2.348447e-01 1.023830e-04 4.200506e+00 2.321610e-01 2.365159e-01 2.472300e-04 5.770242e-05 4.856456e-05 4.700818e-05 9.337610e+00 
500 6400 8.788961e-05 6.705439e-05 1.502223e-07 4.190508e+00 4.140099e-01 4.211473e-01 1.810188e-04 4.181204e+00 4.111839e-01 4.202077e-01 4.395796e-04 8.042436e-05 7.222197e-05 7.062759e-05 1.003930e+01 
500 10000 8.973219e-05 1.050834e-04 1.562294e-07 4.200752e+00 6.474345e-01 6.572476e-01 2.787950e-04 4.163744e+00 6.539593e-01 6.561204e-01 6.824430e-04 1.179604e-04 1.042480e-04 1.015820e-04 1.098078e+01 
500 14400 8.766898e-05 1.432944e-04 1.461711e-07 4.236195e+00 9.314569e-01 9.467286e-01 4.163548e-04 4.219950e+00 9.232984e-01 9.412074e-01 9.799658e-04 1.600914e-04 1.392884e-04 1.363460e-04 1.220095e+01 
500 19600 8.734460e-05 1.926944e-04 1.461711e-07 4.220434e+00 1.267328e+00 1.290160e+00 5.250112e-04 4.169646e+00 1.257705e+00 1.287616e+00 1.331269e-03 2.271238e-04 2.173772e-04 2.178498e-04 1.349575e+01 
500 25600 8.872878e-05 2.623124e-04 1.444016e-07 4.168022e+00 1.656820e+00 1.688474e+00 6.881574e-04 4.202589e+00 1.647573e+00 1.681792e+00 1.741673e-03 4.067144e-04 3.460516e-04 3.459434e-04 1.504921e+01 
500 32400 8.943561e-05 3.344602e-04 1.561828e-07 4.214068e+00 2.119891e+00 2.131733e+00 9.196476e-04 4.255098e+00 2.112564e+00 2.147792e+00 2.196574e-03 3.434416e-04 2.926296e-04 3.032496e-04 1.698567e+01 
500 40000 8.726036e-05 4.557818e-04 1.681969e-07 4.252759e+00 2.579865e+00 2.631083e+00 1.095314e-03 4.280159e+00 2.581791e+00 2.627339e+00 2.717513e-03 4.195016e-04 3.582038e-04 3.557100e-04 1.895853e+01 
500 48400 8.843420e-05 6.126284e-04 1.904089e-07 4.169814e+00 3.135705e+00 3.187099e+00 1.287089e-03 4.183868e+00 3.147460e+00 3.181750e+00 3.312092e-03 5.010334e-04 4.310308e-04 4.346380e-04 2.101241e+01 
500 57600 8.721240e-05 7.834278e-04 2.123881e-07 4.235054e+00 4.074341e+00 3.791189e+00 1.533512e-03 4.208004e+00 4.071199e+00 3.805393e+00 3.940993e-03 6.065032e-04 5.097984e-04 5.116894e-04 2.419320e+01 
500 67600 8.725864e-05 1.018862e-03 1.701992e-07 4.333667e+00 4.393769e+00 4.420214e+00 1.866024e-03 4.358011e+00 4.399999e+00 4.427149e+00 4.576762e-03 7.794542e-04 6.068860e-04 6.189862e-04 2.634241e+01 
500 78400 8.864482e-05 1.076769e-03 3.424007e-07 4.229261e+00 5.079999e+00 5.163738e+00 2.069997e-03 4.218103e+00 5.103494e+00 5.153901e+00 5.311643e-03 9.784398e-04 8.404454e-04 8.445514e-04 2.895976e+01 
500 90000 8.731061e-05 1.489084e-03 2.241693e-07 4.231722e+00 5.870131e+00 5.953280e+00 2.368993e-03 4.227462e+00 5.838178e+00 5.928765e+00 6.097303e-03 1.187934e-03 1.031902e-03 1.033789e-03 3.206289e+01 
550 400 9.869155e-05 5.740626e-06 1.664273e-07 5.146630e+00 2.847972e-02 2.889794e-02 1.861602e-05 5.157935e+00 2.836400e-02 2.894157e-02 3.031539e-05 1.886021e-05 1.453580e-05 1.423340e-05 1.041948e+01 
550 1600 9.684283e-05 1.749420e-05 1.441687e-07 5.147968e+00 1.130521e-01 1.146517e-01 4.993859e-05 5.155475e+00 1.128723e-01 1.147074e-01 1.104592e-04 4.149997e-05 3.320957e-05 3.467980e-05 1.075914e+01 
550 3600 9.771017e-05 3.925860e-05 1.462176e-07 5.136262e+00 2.544341e-01 2.595547e-01 1.014336e-04 5.130338e+00 2.539237e-01 2.597790e-01 2.462966e-04 5.509038e-05 4.912741e-05 4.801983e-05 1.129496e+01 
550 6400 9.613377e-05 6.698221e-05 1.142267e-07 5.152762e+00 4.521251e-01 4.624570e-01 1.811088e-04 5.187048e+00 4.520860e-01 4.574671e-01 4.377990e-04 7.959101e-05 6.611501e-05 6.690798e-05 1.216498e+01 
550 10000 9.799059e-05 9.925440e-05 1.641922e-07 5.036614e+00 7.059163e-01 7.167218e-01 2.744366e-04 5.017360e+00 7.106473e-01 7.210994e-01 7.038590e-04 1.137600e-04 1.014496e-04 1.019726e-04 1.290990e+01 
550 14400 9.754580e-05 1.437972e-04 1.581851e-07 5.057739e+00 1.022554e+00 1.041281e+00 3.958202e-04 5.053095e+00 1.024839e+00 1.038843e+00 9.761002e-04 1.561676e-04 1.466114e-04 1.474166e-04 1.424046e+01 
550 19600 9.739362e-05 1.925500e-04 1.663808e-07 5.058277e+00 1.393956e+00 1.419248e+00 5.321540e-04 5.056291e+00 1.384808e+00 1.402818e+00 1.333431e-03 2.122054e-04 1.837368e-04 1.804378e-04 1.571819e+01 
550 25600 9.837518e-05 2.600210e-04 1.802109e-07 5.070238e+00 1.808480e+00 1.836808e+00 6.921154e-04 5.081735e+00 1.826270e+00 1.856883e+00 1.741575e-03 4.379170e-04 3.821236e-04 3.768980e-04 1.748446e+01 
550 32400 9.708321e-05 3.427106e-04 1.641922e-07 5.073068e+00 2.305873e+00 2.343802e+00 8.591794e-04 5.125544e+00 2.299920e+00 2.336325e+00 2.202573e-03 3.659374e-04 3.413688e-04 3.551372e-04 1.948915e+01 
550 40000 9.549698e-05 4.476618e-04 1.602340e-07 5.257054e+00 2.868412e+00 2.894189e+00 1.116346e-03 5.134832e+00 2.836493e+00 2.889081e+00 2.711849e-03 4.173142e-04 3.578894e-04 3.582520e-04 2.188562e+01 
550 48400 9.767404e-05 5.948560e-04 2.583954e-07 5.126938e+00 3.449559e+00 3.496307e+00 1.275548e-03 5.128329e+00 3.475397e+00 3.542915e+00 3.275803e-03 4.993952e-04 4.276218e-04 4.280424e-04 2.422609e+01 
550 57600 9.789839e-05 7.918828e-04 1.983717e-07 5.192656e+00 4.141322e+00 4.167885e+00 1.515908e-03 5.087562e+00 4.095324e+00 4.162236e+00 3.943921e-03 6.597552e-04 5.114252e-04 5.622172e-04 2.685512e+01 
550 67600 9.521260e-05 9.854484e-04 2.806075e-07 5.187203e+00 4.808571e+00 4.890574e+00 1.922859e-03 5.166927e+00 4.791988e+00 4.880461e+00 4.564664e-03 6.942188e-04 7.645638e-04 7.684476e-04 2.973557e+01 
550 78400 9.529660e-05 1.117450e-03 2.223998e-07 5.196396e+00 5.649208e+00 5.694327e+00 2.058340e-03 5.154172e+00 5.613888e+00 5.706031e+00 5.336338e-03 9.113394e-04 7.804798e-04 7.826190e-04 3.302516e+01 
550 90000 9.832522e-05 1.386823e-03 2.903864e-07 5.217649e+00 6.433778e+00 6.504972e+00 2.359270e-03 5.194286e+00 6.400685e+00 6.521697e+00 6.346719e-03 1.074133e-03 1.056052e-03 1.050592e-03 3.628649e+01 
600 400 1.043842e-04 5.570194e-06 1.482200e-07 6.523513e+00 3.082685e-02 3.146793e-02 1.652082e-05 6.501977e+00 3.087258e-02 3.125188e-02 3.089621e-05 1.700344e-05 1.568957e-05 1.375661e-05 1.315014e+01 
600 1600 1.065976e-04 1.686336e-05 1.041684e-07 6.557888e+00 1.239903e-01 1.254836e-01 5.238820e-05 6.468553e+00 1.237268e-01 1.252494e-01 1.129230e-04 3.829519e-05 3.503039e-05 3.371639e-05 1.352531e+01 
600 3600 1.043642e-04 3.591161e-05 1.421664e-07 6.557882e+00 2.775996e-01 2.819295e-01 1.032004e-04 6.418145e+00 2.771904e-01 2.809998e-01 2.485898e-04 5.497821e-05 4.848242e-05 4.940382e-05 1.409442e+01 
600 6400 1.061188e-04 6.435220e-05 1.201872e-07 6.474594e+00 5.052815e-01 5.021986e-01 1.778440e-04 6.447329e+00 4.949320e-01 5.043966e-01 4.374584e-04 8.109338e-05 6.792359e-05 6.727059e-05 1.492978e+01 
600 10000 1.057764e-04 9.896620e-05 1.402106e-07 6.481162e+00 7.727171e-01 7.897765e-01 2.785448e-04 6.445100e+00 7.761221e-01 7.937683e-01 6.796748e-04 1.176940e-04 1.000978e-04 1.038414e-04 1.606018e+01 
600 14400 1.047408e-04 1.568568e-04 1.541805e-07 6.461738e+00 1.223011e+00 1.239214e+00 4.204390e-04 6.503119e+00 1.226738e+00 1.238861e+00 9.979228e-04 1.574676e-04 1.379164e-04 1.402658e-04 1.789485e+01 
600 19600 1.071664e-04 1.934974e-04 2.122018e-07 6.560086e+00 1.529294e+00 1.551869e+00 5.360200e-04 6.540278e+00 1.528764e+00 1.550474e+00 1.328209e-03 2.257678e-04 1.859482e-04 1.853752e-04 1.926358e+01 
600 25600 1.036110e-04 2.613250e-04 1.864042e-07 6.547520e+00 1.974803e+00 2.001761e+00 6.937918e-04 6.501519e+00 1.991182e+00 2.008963e+00 1.753469e-03 4.245372e-04 3.731162e-04 3.775710e-04 2.102978e+01 
600 32400 1.052416e-04 3.333108e-04 1.581851e-07 6.532975e+00 2.498992e+00 2.532312e+00 9.155718e-04 6.546502e+00 2.491272e+00 2.526260e+00 2.262365e-03 3.469650e-04 2.950174e-04 2.962092e-04 2.313291e+01 
600 40000 1.040638e-04 7.153842e-04 2.424233e-07 6.528003e+00 3.163032e+00 3.154532e+00 1.068801e-03 6.424922e+00 3.113573e+00 3.155253e+00 2.720825e-03 4.244270e-04 3.596240e-04 3.608458e-04 2.554512e+01 
600 48400 1.036490e-04 5.925104e-04 2.063811e-07 6.511515e+00 4.105176e+00 3.811449e+00 1.419193e-03 6.415862e+00 4.101426e+00 3.795744e+00 3.332672e-03 5.208252e-04 4.630488e-04 4.634796e-04 2.874811e+01 
600 57600 1.058784e-04 8.576070e-04 3.445894e-07 6.365132e+00 4.463159e+00 4.519669e+00 1.519905e-03 6.357517e+00 4.470742e+00 4.539889e+00 3.908195e-03 6.332728e-04 5.469194e-04 6.084534e-04 3.072434e+01 
600 67600 1.879492e-04 9.940352e-04 2.503861e-07 6.386803e+00 5.253399e+00 5.344301e+00 1.775262e-03 6.375697e+00 5.260770e+00 5.324998e+00 4.600688e-03 7.195164e-04 6.444322e-04 6.443280e-04 3.395558e+01 
600 78400 1.058244e-04 1.126528e-03 4.066154e-07 6.355846e+00 6.094843e+00 6.758343e+00 2.062063e-03 6.351199e+00 6.073432e+00 6.742716e+00 5.407204e-03 9.531902e-04 8.048642e-04 8.608340e-04 3.838775e+01 
600 90000 1.036350e-04 1.399281e-03 2.724119e-07 6.475972e+00 7.014750e+00 7.088947e+00 2.360057e-03 6.483426e+00 6.977732e+00 7.120316e+00 6.096869e-03 1.029596e-03 8.876260e-04 1.030914e-03 4.117410e+01 
650 400 1.139806e-04 5.370006e-06 1.241919e-07 8.173318e+00 3.342875e-02 3.383619e-02 1.941700e-05 8.267271e+00 3.350572e-02 3.392153e-02 2.802396e-05 1.996178e-05 1.419922e-05 1.394697e-05 1.657553e+01 
650 1600 1.131894e-04 1.867400e-05 1.541805e-07 8.306875e+00 1.339975e-01 1.352436e-01 4.869080e-05 8.284822e+00 1.339109e-01 1.361204e-01 1.088588e-04 4.218100e-05 3.433721e-05 3.519459e-05 1.713140e+01 
650 3600 1.124042e-04 3.672503e-05 1.422130e-07 8.268862e+00 3.019386e-01 3.074543e-01 1.055538e-04 8.258756e+00 3.019043e-01 3.045655e-01 2.495432e-04 5.483599e-05 4.848461e-05 4.916559e-05 1.774417e+01 
650 6400 1.140806e-04 6.445842e-05 1.742039e-07 8.231877e+00 5.381385e-01 5.483492e-01 1.782848e-04 8.255582e+00 5.422041e-01 5.493760e-01 4.397116e-04 8.236323e-05 7.270076e-05 7.152101e-05 1.866659e+01 
650 10000 1.125884e-04 1.085984e-04 1.601875e-07 8.483523e+00 8.437558e-01 8.549390e-01 2.752078e-04 8.330962e+00 8.367878e-01 8.480931e-01 6.802016e-04 1.205564e-04 1.021288e-04 1.048330e-04 2.019962e+01 
650 14400 1.143030e-04 1.429480e-04 1.822133e-07 8.412479e+00 1.327636e+00 1.341659e+00 4.006674e-04 8.264678e+00 1.239303e+00 1.344144e+00 9.785782e-04 1.594526e-04 1.396330e-04 1.382350e-04 2.193202e+01 
650 19600 1.120416e-04 1.917348e-04 1.702458e-07 8.295343e+00 1.652340e+00 1.674706e+00 5.287172e-04 8.329508e+00 1.643530e+00 1.672842e+00 1.333461e-03 2.257938e-04 1.871962e-04 1.919132e-04 2.327110e+01 
650 25600 1.138342e-04 2.636524e-04 1.301989e-07 8.278020e+00 2.141175e+00 2.187264e+00 7.493296e-04 8.273598e+00 2.144065e+00 2.167740e+00 1.753645e-03 4.599586e-04 4.121248e-04 4.231252e-04 2.519609e+01 
650 32400 1.148478e-04 3.446118e-04 2.064276e-07 8.259892e+00 2.711552e+00 2.747433e+00 9.313682e-04 8.304034e+00 2.722879e+00 2.772193e+00 2.200734e-03 3.487296e-04 2.938818e-04 2.949112e-04 2.752256e+01 
650 40000 1.131232e-04 4.515274e-04 1.904089e-07 8.287110e+00 3.375825e+00 3.421069e+00 1.052041e-03 8.290687e+00 3.364487e+00 3.417201e+00 2.714240e-03 4.665968e-04 4.488602e-04 4.493528e-04 3.016212e+01 
650 48400 1.134818e-04 6.052478e-04 1.541805e-07 8.299441e+00 4.097052e+00 4.138006e+00 1.294974e-03 8.256274e+00 4.067028e+00 4.127505e+00 3.279684e-03 5.056470e-04 4.321870e-04 4.321730e-04 3.299202e+01 
650 57600 1.135420e-04 7.974758e-04 2.923887e-07 8.255950e+00 4.859894e+00 5.371707e+00 1.527450e-03 8.246592e+00 4.855448e+00 5.370283e+00 3.914881e-03 6.802478e-04 5.114110e-04 5.100850e-04 3.696798e+01 
650 67600 1.139604e-04 1.040703e-03 2.803747e-07 8.243826e+00 5.700401e+00 5.775813e+00 1.786044e-03 8.157838e+00 5.688402e+00 5.772386e+00 4.582459e-03 7.544352e-04 7.650348e-04 7.801956e-04 3.934854e+01 
650 78400 1.136298e-04 1.118949e-03 2.564397e-07 8.252266e+00 6.615934e+00 6.705815e+00 2.072367e-03 8.290354e+00 6.606139e+00 6.697109e+00 5.311437e-03 9.658532e-04 8.772946e-04 8.770804e-04 4.317900e+01 
650 90000 1.120256e-04 1.327294e-03 2.644025e-07 8.320310e+00 7.592305e+00 7.706243e+00 2.366264e-03 8.386505e+00 7.576657e+00 7.691560e+00 6.090478e-03 1.098375e-03 8.919598e-04 8.922804e-04 4.728641e+01 
700 400 1.239734e-04 5.648425e-06 1.642387e-07 1.014043e+01 3.615154e-02 3.640844e-02 1.995778e-05 1.018579e+01 3.619359e-02 3.669703e-02 3.132280e-05 1.647659e-05 1.468798e-05 1.442358e-05 2.047193e+01 
700 1600 1.210450e-04 1.964536e-05 1.783948e-07 1.010812e+01 1.444411e-01 1.461546e-01 4.996257e-05 1.010966e+01 1.442744e-01 1.460049e-01 1.149320e-04 3.882218e-05 3.612018e-05 3.563720e-05 2.079910e+01 
700 3600 1.220846e-04 3.609797e-05 1.501758e-07 1.012635e+01 3.252673e-01 3.303173e-01 1.048128e-04 1.011446e+01 3.231344e-01 3.298983e-01 2.487942e-04 5.613202e-05 4.968639e-05 4.944201e-05 2.155014e+01 
700 6400 1.222590e-04 6.887321e-05 1.763925e-07 1.009291e+01 5.781248e-01 5.848462e-01 1.944814e-04 1.011271e+01 5.823847e-01 5.902044e-01 4.399302e-04 8.202479e-05 8.607679e-05 7.133880e-05 2.254228e+01 
700 10000 1.227938e-04 9.685480e-05 1.482200e-07 1.012528e+01 9.035450e-01 9.205826e-01 2.734256e-04 1.013502e+01 9.086035e-01 9.211454e-01 6.855426e-04 1.141990e-04 1.002762e-04 1.029962e-04 2.391572e+01 
700 14400 1.213176e-04 1.441096e-04 1.521781e-07 1.006109e+01 1.304873e+00 1.324387e+00 3.890808e-04 1.004747e+01 1.306313e+00 1.322889e+00 9.760166e-04 1.572814e-04 1.420264e-04 1.411392e-04 2.536915e+01 
700 19600 1.223032e-04 1.945772e-04 1.844019e-07 1.009037e+01 1.769039e+00 1.788577e+00 5.290096e-04 1.012759e+01 1.784688e+00 1.808009e+00 1.329083e-03 2.152502e-04 1.872922e-04 1.850050e-04 2.737108e+01 
700 25600 1.203922e-04 2.625510e-04 1.782086e-07 1.006334e+01 2.324701e+00 2.354921e+00 7.855696e-04 1.006139e+01 2.337953e+00 2.356189e+00 1.747002e-03 4.471190e-04 3.731886e-04 4.035518e-04 2.950269e+01 
700 32400 1.214576e-04 3.510230e-04 2.583954e-07 1.010126e+01 2.947026e+00 2.981571e+00 8.835082e-04 1.005841e+01 2.935773e+00 2.981558e+00 2.193775e-03 3.596900e-04 2.950974e-04 2.938936e-04 3.201015e+01 
700 40000 1.222970e-04 4.518700e-04 1.663808e-07 1.010850e+01 3.973365e+00 4.012468e+00 1.092449e-03 1.016565e+01 3.964789e+00 4.020083e+00 2.706686e-03 4.356860e-04 4.230992e-04 4.234638e-04 3.625055e+01 
700 48400 1.216900e-04 6.049052e-04 2.864283e-07 1.002179e+01 4.411156e+00 4.449906e+00 1.349301e-03 1.004747e+01 4.395877e+00 4.448362e+00 3.279106e-03 5.277076e-04 5.160120e-04 5.184738e-04 3.778152e+01 
700 57600 1.203360e-04 7.758928e-04 2.061948e-07 1.001111e+01 5.235423e+00 5.291614e+00 1.525919e-03 9.991742e+00 5.242830e+00 5.304168e+00 3.905505e-03 6.752002e-04 7.052410e-04 7.028936e-04 4.108534e+01 
700 67600 1.227498e-04 1.015247e-03 1.842156e-07 1.011784e+01 6.676856e+00 6.768879e+00 1.775581e-03 1.004538e+01 6.704441e+00 6.799106e+00 4.783875e-03 7.982262e-04 6.199516e-04 6.054718e-04 4.712228e+01 
700 78400 1.203060e-04 1.222846e-03 3.206078e-07 1.005057e+01 7.141912e+00 7.245411e+00 2.109041e-03 1.008849e+01 7.114082e+00 7.216607e+00 5.300108e-03 9.697348e-04 9.095128e-04 9.144782e-04 4.886867e+01 
700 90000 1.222950e-04 1.303507e-03 2.624001e-07 1.007543e+01 8.196379e+00 8.293968e+00 2.487926e-03 1.002543e+01 8.156787e+00 8.278695e+00 6.162715e-03 1.061707e-03 7.801216e-04 8.059924e-04 5.303947e+01 
750 400 1.299646e-04 5.434174e-06 1.763925e-07 1.192220e+01 3.887759e-02 3.930754e-02 1.884638e-05 1.190360e+01 3.862575e-02 3.894348e-02 3.135703e-05 1.567542e-05 1.399899e-05 1.330003e-05 2.398181e+01 
750 1600 1.295140e-04 1.903661e-05 1.481734e-07 1.186137e+01 1.547247e-01 1.574561e-01 5.361023e-05 1.189615e+01 1.547114e-01 1.558961e-01 1.127688e-04 3.536101e-05 3.431938e-05 3.479603e-05 2.438076e+01 
750 3600 1.316530e-04 3.621816e-05 1.382083e-07 1.184433e+01 3.477841e-01 3.509624e-01 1.047788e-04 1.186001e+01 3.467991e-01 3.499523e-01 2.463028e-04 5.313540e-05 4.857080e-05 4.819217e-05 2.510055e+01 
750 6400 1.300608e-04 6.621717e-05 1.464039e-07 1.183573e+01 6.242388e-01 6.298991e-01 1.797650e-04 1.190829e+01 6.181711e-01 6.306464e-01 4.343020e-04 7.911236e-05 7.088622e-05 6.804583e-05 2.624805e+01 
750 10000 1.326746e-04 1.002540e-04 1.582317e-07 1.192099e+01 9.702135e-01 9.916771e-01 2.733870e-04 1.183723e+01 9.665823e-01 9.748859e-01 6.803342e-04 1.161660e-04 1.002582e-04 1.030522e-04 2.766313e+01 
750 14400 1.312584e-04 1.470240e-04 1.482200e-07 1.185264e+01 1.390165e+00 1.405507e+00 3.946086e-04 1.182946e+01 1.396081e+00 1.423000e+00 9.768302e-04 1.572314e-04 1.382068e-04 1.367188e-04 2.929899e+01 
750 19600 1.307978e-04 2.018222e-04 1.502223e-07 1.185590e+01 1.908661e+00 1.933148e+00 5.294104e-04 1.191074e+01 1.908695e+00 1.939266e+00 1.334034e-03 2.128826e-04 1.851810e-04 1.831000e-04 3.145924e+01 
750 25600 1.298984e-04 2.548274e-04 1.481734e-07 1.191208e+01 2.663512e+00 2.519925e+00 7.602274e-04 1.187772e+01 2.637313e+00 2.541697e+00 1.742009e-03 4.180538e-04 3.769020e-04 3.872756e-04 3.415636e+01 
750 32400 1.304352e-04 3.505386e-04 1.802109e-07 1.181256e+01 3.152640e+00 3.193891e+00 8.648844e-04 1.182159e+01 3.158802e+00 3.196473e+00 2.201064e-03 3.857414e-04 3.390394e-04 3.505004e-04 3.634063e+01 
750 40000 1.283380e-04 4.704178e-04 1.802109e-07 1.192011e+01 3.872929e+00 3.912826e+00 1.077883e-03 1.204651e+01 3.891227e+00 3.942877e+00 2.807519e-03 4.219054e-04 4.282086e-04 4.482688e-04 3.959231e+01 
750 48400 1.300186e-04 6.227500e-04 2.122018e-07 1.191472e+01 4.718790e+00 4.761473e+00 1.275885e-03 1.199513e+01 4.726950e+00 4.763098e+00 3.326167e-03 5.062472e-04 4.331216e-04 5.446988e-04 4.288705e+01 
750 57600 1.301668e-04 8.726598e-04 2.383720e-07 1.196300e+01 5.615925e+00 5.676415e+00 1.532621e-03 1.205076e+01 5.601874e+00 5.668598e+00 3.905331e-03 6.602816e-04 5.475912e-04 6.089608e-04 4.658487e+01 
750 67600 1.302428e-04 9.816968e-04 3.226101e-07 1.206089e+01 6.596476e+00 6.694580e+00 1.928025e-03 1.208491e+01 6.579367e+00 6.656070e+00 4.625557e-03 7.801176e-04 6.577846e-04 6.557974e-04 5.068211e+01 
750 78400 1.303372e-04 1.253925e-03 2.582092e-07 1.201755e+01 7.631746e+00 7.740920e+00 2.173498e-03 1.203419e+01 7.638011e+00 7.733681e+00 5.432504e-03 9.500578e-04 7.517210e-04 7.594706e-04 5.480760e+01 
750 90000 1.280556e-04 1.612091e-03 2.664048e-07 1.210727e+01 9.583994e+00 8.854541e+00 2.349404e-03 1.186465e+01 8.997126e+00 8.843047e+00 6.109868e-03 1.048125e-03 1.023145e-03 1.101102e-03 6.026405e+01 
800 400 1.389780e-04 5.476223e-06 1.220033e-07 1.411008e+01 4.121076e-02 4.149558e-02 1.897840e-05 1.403752e+01 4.128742e-02 4.156856e-02 3.124480e-05 1.674299e-05 1.672497e-05 1.466000e-05 2.831343e+01 
800 1600 1.385732e-04 1.691519e-05 1.241919e-07 1.407955e+01 1.651188e-01 1.666937e-01 5.224417e-05 1.438193e+01 1.655739e-01 1.678806e-01 1.138824e-04 3.927881e-05 3.369059e-05 3.417120e-05 2.912720e+01 
800 3600 1.408728e-04 3.589378e-05 1.641922e-07 1.423577e+01 3.718575e-01 3.743671e-01 1.022850e-04 1.420990e+01 3.716365e-01 3.755275e-01 2.516646e-04 5.666879e-05 4.976443e-05 4.829019e-05 2.993979e+01 
800 6400 1.379384e-04 6.734282e-05 1.463573e-07 1.415306e+01 6.637010e-01 6.729053e-01 1.821848e-04 1.419403e+01 6.596571e-01 6.638905e-01 4.398784e-04 8.421200e-05 7.279483e-05 7.537082e-05 3.100836e+01 
800 10000 1.379024e-04 1.059566e-04 1.322012e-07 1.428227e+01 1.040255e+00 1.050325e+00 2.748372e-04 1.419078e+01 1.038948e+00 1.049478e+00 6.785956e-04 1.270822e-04 1.195448e-04 1.199254e-04 3.265368e+01 
800 14400 1.381448e-04 1.412534e-04 1.502223e-07 1.421371e+01 1.494292e+00 1.514253e+00 3.990936e-04 1.418952e+01 1.494160e+00 1.512626e+00 9.862000e-04 1.612734e-04 1.412654e-04 1.382348e-04 3.442072e+01 
800 19600 1.378404e-04 2.143188e-04 2.423767e-07 1.433044e+01 2.028540e+00 2.062173e+00 5.275736e-04 1.428866e+01 2.033814e+00 2.064224e+00 1.329342e-03 2.216018e-04 1.865632e-04 1.852252e-04 3.681071e+01 
800 25600 1.368368e-04 2.591318e-04 1.241919e-07 1.415296e+01 2.662701e+00 2.714233e+00 8.076164e-04 1.418069e+01 2.661330e+00 2.692674e+00 1.744178e-03 4.668108e-04 3.889240e-04 4.030954e-04 3.906884e+01 
800 32400 1.371272e-04 3.656532e-04 1.121778e-07 1.420311e+01 3.361889e+00 3.440053e+00 9.194978e-04 1.430704e+01 3.401179e+00 3.403293e+00 2.201877e-03 3.431754e-04 2.948072e-04 2.949514e-04 4.212116e+01 
800 40000 1.383812e-04 4.662196e-04 1.602340e-07 1.413859e+01 4.154992e+00 4.204821e+00 1.081609e-03 1.406837e+01 4.151748e+00 4.200352e+00 2.714894e-03 4.202768e-04 3.857432e-04 3.877862e-04 4.492451e+01 
800 48400 1.383050e-04 6.247026e-04 2.203975e-07 1.432001e+01 5.025170e+00 5.088334e+00 1.290164e-03 1.422223e+01 5.020961e+00 5.084119e+00 3.279043e-03 5.056928e-04 4.349650e-04 4.345464e-04 4.876758e+01 
800 57600 1.389018e-04 8.457596e-04 2.704095e-07 1.424745e+01 5.983034e+00 6.065640e+00 1.615510e-03 1.423738e+01 6.023762e+00 6.105345e+00 3.906207e-03 6.602146e-04 6.253484e-04 6.299832e-04 5.267108e+01 
800 67600 1.377042e-04 9.557552e-04 3.465917e-07 1.413951e+01 7.024349e+00 7.117612e+00 1.781903e-03 1.413349e+01 7.013737e+00 7.087610e+00 4.649059e-03 7.544774e-04 7.717854e-04 7.695800e-04 5.652618e+01 
800 78400 1.368730e-04 1.167616e-03 2.804212e-07 1.411150e+01 8.177865e+00 8.271176e+00 2.070204e-03 1.412191e+01 8.160172e+00 8.236845e+00 5.555493e-03 8.778358e-04 7.211454e-04 7.489930e-04 6.109079e+01 
800 90000 1.366706e-04 1.412945e-03 2.064276e-07 1.413883e+01 9.355507e+00 9.460686e+00 2.360036e-03 1.379250e+01 9.392791e+00 9.477889e+00 6.240960e-03 1.129673e-03 8.921932e-04 9.165616e-04 6.563135e+01 
850 400 1.489510e-04 5.776575e-06 1.701992e-07 1.651306e+01 4.372399e-02 4.444811e-02 1.967340e-05 1.656236e+01 4.384121e-02 4.418762e-02 3.129677e-05 1.647882e-05 1.429538e-05 1.642257e-05 3.325191e+01 
850 1600 1.475628e-04 1.738220e-05 1.544133e-07 1.654047e+01 1.752503e-01 1.773404e-01 5.227420e-05 1.645560e+01 1.778801e-01 1.779338e-01 1.144192e-04 3.631017e-05 3.334400e-05 3.675097e-05 3.370494e+01 
850 3600 1.573936e-04 3.602980e-05 1.261942e-07 1.665847e+01 3.964733e-01 4.014649e-01 1.031804e-04 1.655855e+01 3.932170e-01 4.016747e-01 2.506892e-04 5.167741e-05 4.808600e-05 4.972643e-05 3.481059e+01 
850 6400 1.473904e-04 6.734077e-05 1.421664e-07 1.640537e+01 7.067706e-01 7.132262e-01 1.769368e-04 1.658209e+01 7.034772e-01 7.156018e-01 4.426304e-04 7.790662e-05 6.920560e-05 7.197559e-05 3.582765e+01 
850 10000 1.475588e-04 9.854157e-05 2.043787e-07 1.661519e+01 1.205608e+00 1.220603e+00 2.748012e-04 1.639842e+01 1.092295e+00 1.212990e+00 6.810572e-04 1.131272e-04 1.037032e-04 1.091634e-04 3.774669e+01 
850 14400 1.480014e-04 1.475928e-04 1.722015e-07 1.623241e+01 1.589377e+00 1.607199e+00 3.973706e-04 1.631562e+01 1.579952e+00 1.595762e+00 1.006232e-03 1.564242e-04 1.376880e-04 1.381528e-04 3.892250e+01 
850 19600 1.466934e-04 1.920594e-04 1.281966e-07 1.612026e+01 2.164307e+00 2.193240e+00 5.307262e-04 1.625677e+01 2.170045e+00 2.189508e+00 1.332540e-03 2.140344e-04 1.852312e-04 1.817240e-04 4.109698e+01 
850 25600 1.466696e-04 2.589556e-04 1.301989e-07 1.666491e+01 2.818131e+00 2.857994e+00 6.878474e-04 1.662518e+01 2.823852e+00 2.857547e+00 1.739019e-03 3.944684e-04 3.733086e-04 3.845976e-04 4.465165e+01 
850 32400 1.465474e-04 3.376614e-04 1.521781e-07 1.670456e+01 3.569509e+00 3.615908e+00 8.652348e-04 1.671929e+01 3.575144e+00 3.612040e+00 2.201326e-03 3.441210e-04 2.920270e-04 2.942424e-04 4.780098e+01 
850 40000 1.576840e-04 5.442846e-04 3.325753e-07 1.672132e+01 4.409189e+00 4.462230e+00 1.057693e-03 1.677191e+01 4.421139e+00 4.455683e+00 2.711947e-03 4.210142e-04 3.593298e-04 3.620900e-04 5.124713e+01 
850 48400 1.467936e-04 6.529432e-04 2.183951e-07 1.688767e+01 5.336924e+00 5.403613e+00 1.271728e-03 1.681016e+01 5.329032e+00 5.400175e+00 3.282190e-03 5.093054e-04 4.311162e-04 4.313346e-04 5.517435e+01 
850 57600 1.483804e-04 8.082434e-04 2.723653e-07 1.677836e+01 6.363786e+00 6.429731e+00 1.523278e-03 1.685838e+01 6.368181e+00 6.385050e+00 3.916131e-03 6.590148e-04 5.990348e-04 6.066002e-04 5.919180e+01 
850 67600 1.456102e-04 8.966766e-04 3.144145e-07 1.679709e+01 8.148436e+00 8.230649e+00 1.815458e-03 1.653272e+01 8.167614e+00 8.250673e+00 4.736132e-03 7.594828e-04 6.458028e-04 7.320058e-04 6.613696e+01 
850 78400 1.470442e-04 1.196477e-03 2.603978e-07 1.666990e+01 9.435099e+00 9.555113e+00 2.049547e-03 1.660030e+01 9.406643e+00 9.540024e+00 5.308101e-03 9.930340e-04 8.509452e-04 8.950632e-04 7.121857e+01 
850 90000 1.464390e-04 1.518855e-03 3.106426e-07 1.678468e+01 1.086743e+01 1.093221e+01 2.392906e-03 1.680155e+01 1.080295e+01 1.095679e+01 6.322243e-03 1.180789e-03 8.797464e-04 9.114638e-04 7.715901e+01 
900 400 1.543430e-04 5.261973e-06 1.042150e-07 1.923681e+01 4.639099e-02 4.697136e-02 1.749601e-05 1.946194e+01 4.637712e-02 4.668079e-02 3.125682e-05 1.615020e-05 1.431941e-05 1.618238e-05 3.888546e+01 
900 1600 1.537120e-04 1.695543e-05 1.564156e-07 1.947789e+01 1.864031e-01 1.873193e-01 5.217800e-05 1.925490e+01 1.853658e-01 1.871119e-01 1.129150e-04 4.033423e-05 3.279098e-05 3.412501e-05 3.947947e+01 
900 3600 1.544730e-04 3.565541e-05 1.722015e-07 1.953523e+01 4.205874e-01 4.250433e-01 1.052674e-04 1.943414e+01 4.168795e-01 4.229750e-01 2.746450e-04 5.396879e-05 4.931181e-05 5.025119e-05 4.065562e+01 
900 6400 1.622990e-04 6.855861e-05 1.342036e-07 1.930770e+01 7.488415e-01 7.604104e-01 1.789178e-04 1.939580e+01 7.429741e-01 7.472562e-01 4.383620e-04 7.807277e-05 6.970242e-05 7.028100e-05 4.170410e+01 
900 10000 1.578802e-04 9.828098e-05 1.381617e-07 1.932875e+01 1.251486e+00 1.289660e+00 2.743270e-04 1.928700e+01 1.181295e+00 1.288412e+00 6.796814e-04 1.140908e-04 9.999960e-05 1.021348e-04 4.362819e+01 
900 14400 1.555690e-04 1.454158e-04 1.281966e-07 1.832532e+01 1.520941e+00 1.563924e+00 3.307472e-04 1.776751e+01 1.433242e+00 1.436612e+00 9.800772e-04 1.605886e-04 1.391524e-04 1.393186e-04 4.204965e+01 
900 19600 1.543710e-04 1.957590e-04 8.218922e-08 1.778083e+01 2.203099e+00 1.910410e+00 4.462540e-04 1.748292e+01 2.011549e+00 2.054581e+00 1.151694e-03 2.001816e-04 1.897300e-04 1.898982e-04 4.344596e+01 
900 25600 1.549460e-04 2.699480e-04 1.602340e-07 1.784147e+01 2.657885e+00 2.756700e+00 5.830544e-04 1.755268e+01 2.568252e+00 2.638430e+00 1.491682e-03 3.632838e-04 3.122974e-04 3.042652e-04 4.601893e+01 
900 32400 1.558372e-04 3.494952e-04 2.081972e-07 1.771470e+01 3.523905e+00 3.176470e+00 7.309760e-04 1.798543e+01 3.195974e+00 3.397319e+00 1.887100e-03 3.067712e-04 2.539220e-04 2.520010e-04 4.899778e+01 
900 40000 1.563680e-04 4.569398e-04 2.104323e-07 1.725418e+01 4.013194e+00 4.066607e+00 1.063053e-03 1.736436e+01 4.255095e+00 3.926982e+00 2.711936e-03 4.254828e-04 3.583424e-04 3.591134e-04 5.088599e+01 
900 48400 1.544052e-04 6.321640e-04 2.021901e-07 1.776321e+01 5.079763e+00 5.146991e+00 1.110444e-03 1.725615e+01 4.804293e+00 4.779863e+00 2.705539e-03 4.200748e-04 3.746146e-04 3.750552e-04 5.483610e+01 
900 57600 1.553664e-04 7.945812e-04 1.482200e-07 1.756226e+01 5.897287e+00 6.049684e+00 1.436273e-03 1.766792e+01 5.723463e+00 6.259164e+00 3.273569e-03 5.252100e-04 4.609436e-04 4.604510e-04 5.916693e+01 
900 67600 1.551462e-04 9.011886e-04 3.405847e-07 1.801086e+01 6.722519e+00 7.007656e+00 1.509204e-03 1.755928e+01 6.794225e+00 6.806982e+00 4.597025e-03 7.883638e-04 8.437526e-04 8.415094e-04 6.291122e+01 
900 78400 1.552882e-04 1.116164e-03 1.943670e-07 1.771954e+01 7.777904e+00 8.285491e+00 1.726404e-03 1.791892e+01 7.843060e+00 8.489575e+00 4.550822e-03 8.693184e-04 7.538696e-04 7.598446e-04 6.804446e+01 
900 90000 1.528808e-04 1.378757e-03 2.021901e-07 1.796347e+01 9.223698e+00 9.137070e+00 1.982248e-03 1.768766e+01 9.088984e+00 9.176836e+00 6.107093e-03 1.137084e-03 9.902538e-04 1.091804e-03 7.229061e+01 
950 400 1.632604e-04 5.730614e-06 1.261942e-07 1.983940e+01 4.048467e-02 4.069092e-02 1.838342e-05 1.961967e+01 4.601622e-02 4.516686e-02 2.800198e-05 1.594997e-05 1.270100e-05 1.291740e-05 3.963170e+01 
950 1600 1.634506e-04 1.622620e-05 1.601875e-07 2.013896e+01 1.721460e-01 1.827404e-01 4.948000e-05 2.012900e+01 1.621079e-01 1.629517e-01 9.379438e-05 3.630840e-05 3.300942e-05 3.148322e-05 4.094835e+01 
950 3600 1.622748e-04 3.603580e-05 8.423813e-08 2.036791e+01 4.411051e-01 4.462899e-01 1.070982e-04 2.064174e+01 4.039831e-01 3.690461e-01 2.033984e-04 4.499340e-05 4.208698e-05 4.174258e-05 4.267075e+01 
950 6400 1.644562e-04 6.387159e-05 1.402106e-07 1.975280e+01 6.631401e-01 6.874166e-01 1.541826e-04 1.957929e+01 6.500985e-01 6.873109e-01 3.606496e-04 6.922758e-05 5.834722e-05 5.935701e-05 4.202102e+01 
950 10000 1.636590e-04 9.769821e-05 1.844019e-07 1.970077e+01 1.137940e+00 1.154097e+00 2.309056e-04 1.963075e+01 1.059497e+00 1.362074e+00 6.789344e-04 1.120842e-04 1.012480e-04 9.970958e-05 4.404666e+01 
950 14400 1.627722e-04 1.452200e-04 1.524109e-07 1.967421e+01 1.492531e+00 1.542883e+00 3.396482e-04 1.994133e+01 1.534282e+00 1.516973e+00 8.067862e-04 1.322702e-04 1.169550e-04 1.174178e-04 4.570409e+01 
950 19600 1.640476e-04 1.954146e-04 1.322012e-07 2.003877e+01 2.241007e+00 2.237799e+00 4.442008e-04 2.009830e+01 2.645825e+00 2.572446e+00 1.100517e-03 1.844324e-04 1.566286e-04 1.552686e-04 4.983660e+01 
950 25600 1.630784e-04 2.637752e-04 1.042150e-07 1.999392e+01 2.657959e+00 2.662222e+00 6.083346e-04 2.010868e+01 2.810349e+00 2.743277e+00 1.565399e-03 3.711976e-04 3.310714e-04 3.427048e-04 5.098010e+01 
950 32400 1.631062e-04 3.423604e-04 1.622364e-07 1.974862e+01 3.437231e+00 3.418165e+00 7.585574e-04 1.964680e+01 3.460060e+00 3.426285e+00 1.812507e-03 3.109334e-04 2.978018e-04 2.970546e-04 5.314119e+01 
950 40000 1.633124e-04 4.650060e-04 2.284069e-07 1.981172e+01 4.783120e+00 4.600705e+00 8.881692e-04 1.987774e+01 4.534315e+00 4.947918e+00 2.242777e-03 3.552016e-04 3.128462e-04 3.007182e-04 5.856030e+01 
950 48400 1.629860e-04 6.145780e-04 1.901761e-07 1.994454e+01 5.053825e+00 5.587914e+00 1.088589e-03 1.973790e+01 5.131367e+00 5.170554e+00 2.714875e-03 4.182800e-04 3.593618e-04 3.586566e-04 6.063186e+01 
950 57600 1.620244e-04 7.932872e-04 2.123881e-07 1.995755e+01 6.627604e+00 6.310954e+00 1.337714e-03 2.008668e+01 6.028219e+00 6.048161e+00 3.231236e-03 5.087194e-04 4.334248e-04 4.274076e-04 6.506611e+01 
950 67600 1.647866e-04 9.222984e-04 3.003981e-07 1.996169e+01 7.323492e+00 7.320694e+00 1.644373e-03 2.006670e+01 7.156766e+00 7.088239e+00 4.208059e-03 6.258344e-04 6.407950e-04 6.558534e-04 6.892648e+01 
950 78400 1.611332e-04 1.504590e-03 2.823770e-07 2.021709e+01 8.427710e+00 8.321035e+00 1.763473e-03 2.023839e+01 8.595190e+00 8.260996e+00 4.433283e-03 7.809228e-04 7.639454e-04 7.845242e-04 7.407065e+01 
950 90000 1.629098e-04 1.492688e-03 2.523884e-07 2.028617e+01 1.001160e+01 1.035348e+01 1.994435e-03 2.024512e+01 9.398583e+00 1.126669e+01 5.047995e-03 1.058306e-03 9.317426e-04 9.326740e-04 8.157330e+01 
1000 400 1.723320e-04 5.652569e-06 1.621898e-07 2.363399e+01 4.274697e-02 4.307937e-02 1.932480e-05 2.373994e+01 4.676719e-02 4.449560e-02 2.605300e-05 1.513460e-05 1.501641e-05 1.484421e-05 4.755130e+01 
1000 1600 1.714046e-04 1.812521e-05 1.179986e-07 2.326675e+01 1.704031e-01 1.717918e-01 4.541203e-05 2.252677e+01 1.708351e-01 1.738618e-01 9.484603e-05 3.226441e-05 2.974458e-05 2.967641e-05 4.648087e+01 
1000 3600 1.705072e-04 3.883201e-05 1.181848e-07 2.281053e+01 3.854789e-01 4.298524e-01 9.081783e-05 2.284100e+01 3.937934e-01 3.916419e-01 2.033084e-04 4.908140e-05 6.735278e-05 4.625120e-05 4.725300e+01 
1000 6400 1.716508e-04 6.777141e-05 1.241919e-07 2.280447e+01 6.851276e-01 6.953199e-01 1.545496e-04 2.275769e+01 7.220956e-01 6.912306e-01 3.609122e-04 6.812997e-05 5.960716e-05 6.100321e-05 4.835692e+01 
1000 10000 1.700644e-04 1.003862e-04 1.983717e-07 2.280088e+01 1.087829e+00 1.108902e+00 2.775634e-04 2.273186e+01 1.076953e+00 1.119152e+00 6.632028e-04 1.153748e-04 9.974544e-05 9.816303e-05 4.992716e+01 
1000 14400 1.737842e-04 1.472324e-04 2.041925e-07 2.280252e+01 1.594173e+00 1.603974e+00 3.309034e-04 2.311848e+01 1.581058e+00 1.585070e+00 9.784568e-04 1.603982e-04 1.392926e-04 1.378384e-04 5.228740e+01 
1000 19600 1.715848e-04 1.983670e-04 1.322012e-07 2.321583e+01 2.144903e+00 2.167040e+00 4.480588e-04 2.297597e+01 2.124198e+00 2.151233e+00 1.098342e-03 1.875388e-04 1.543230e-04 1.565304e-04 5.478164e+01 
1000 25600 1.717110e-04 2.661024e-04 1.301989e-07 2.284127e+01 3.324805e+00 2.835259e+00 6.219952e-04 2.267484e+01 2.947334e+00 3.360745e+00 1.742130e-03 4.318784e-04 3.837184e-04 3.896212e-04 5.798831e+01 
1000 32400 1.717512e-04 3.439188e-04 1.542270e-07 2.254844e+01 3.515515e+00 4.033840e+00 8.618402e-04 2.333781e+01 3.552070e+00 3.573632e+00 1.812268e-03 2.850888e-04 2.474464e-04 2.699400e-04 6.056534e+01 
1000 40000 1.713906e-04 4.547906e-04 1.822133e-07 2.267792e+01 4.346808e+00 4.543886e+00 9.020662e-04 2.261266e+01 4.351602e+00 4.428153e+00 2.242001e-03 3.532728e-04 3.007742e-04 3.011148e-04 6.296580e+01 
1000 48400 1.709980e-04 5.916896e-04 2.403744e-07 2.265250e+01 5.291604e+00 5.345360e+00 1.083814e-03 2.222341e+01 5.260007e+00 5.306600e+00 2.774414e-03 4.154274e-04 4.218952e-04 4.277720e-04 6.608541e+01 
1000 57600 1.722476e-04 8.030132e-04 2.783723e-07 2.278379e+01 6.997345e+00 6.299609e+00 1.280280e-03 2.288776e+01 6.872839e+00 6.429087e+00 3.229013e-03 6.127592e-04 4.232536e-04 4.649920e-04 7.227747e+01 
1000 67600 1.716168e-04 9.444296e-04 3.586058e-07 2.321653e+01 8.135200e+00 7.457199e+00 1.543396e-03 2.240612e+01 8.200179e+00 7.544364e+00 4.625778e-03 8.059744e-04 7.379666e-04 7.582008e-04 7.696922e+01 
1000 78400 1.711902e-04 1.127157e-03 3.084075e-07 2.315652e+01 8.577526e+00 8.809101e+00 2.062557e-03 2.320949e+01 8.555991e+00 8.691272e+00 4.387637e-03 6.657046e-04 6.150648e-04 7.555592e-04 8.100974e+01 
