50 400 1.055361e-05 5.023601e-06 1.121778e-07 7.719048e+00 5.966090e-03 5.199707e-03 6.572363e-03 9.318076e+00 4.927162e-04 7.408949e-03 2.715061e-05 6.646318e-05 6.122538e-05 6.151199e-05 1.706303e+01 
50 1600 2.466501e-05 1.812698e-05 1.822133e-07 4.810103e+00 5.799741e-03 9.155292e-03 2.330536e-03 6.456503e+00 1.344714e-02 5.503937e-03 9.558680e-05 2.583580e-03 7.734559e-05 7.788241e-05 1.130574e+01 
50 3600 1.317561e-05 3.577159e-05 1.944136e-07 5.778741e+00 1.526385e-02 1.984558e-02 1.040717e-03 7.289230e+00 2.024422e-02 2.451816e-02 2.087358e-04 2.643241e-03 7.922840e-05 8.242922e-05 1.315197e+01 
50 6400 1.502060e-05 6.700000e-05 1.722015e-07 7.602195e+00 2.236351e-02 3.204275e-02 1.174581e-02 9.418441e+00 2.374393e-02 2.395535e-02 3.721560e-04 3.060783e-03 1.898526e-03 1.183048e-04 1.714004e+01 
50 10000 1.498638e-05 9.942660e-05 1.981854e-07 7.763282e+00 3.345111e-02 3.708929e-02 1.166955e-02 6.917697e+00 3.344784e-02 3.615875e-02 5.683972e-04 2.287718e-02 2.008434e-02 2.148228e-02 1.489794e+01 
50 14400 1.495238e-05 1.446502e-04 2.083834e-07 9.479245e+00 3.580355e-02 4.125440e-02 1.117409e-02 5.967256e+00 3.928567e-02 4.105663e-02 8.118750e-04 2.257371e-02 2.357665e-02 2.309892e-02 1.568532e+01 
50 19600 1.532077e-05 1.943784e-04 2.383720e-07 1.153301e+01 3.719243e-02 4.041248e-02 3.453278e-04 1.088717e+01 4.407270e-02 4.485707e-02 1.127498e-03 2.227088e-02 2.196694e-02 2.333944e-02 2.265600e+01 
50 25600 1.521683e-05 2.642068e-04 2.384186e-07 9.936288e+00 4.506900e-02 4.777018e-02 6.655682e-03 7.110416e+00 4.201745e-02 4.541307e-02 1.441381e-03 3.155156e-03 1.250548e-04 1.301744e-04 1.723879e+01 
50 32400 1.512258e-05 3.324728e-04 1.864042e-07 5.952706e+00 5.015536e-02 5.587034e-02 6.798618e-04 9.345778e+00 5.226190e-02 5.861542e-02 1.825127e-03 5.096156e-03 1.441014e-04 1.372810e-04 1.552364e+01 
50 40000 1.518079e-05 4.389598e-04 2.523884e-07 6.005423e+00 6.641524e-02 7.528919e-02 1.100823e-02 5.760637e+00 6.494119e-02 7.656578e-02 2.476634e-03 1.033314e-03 1.640852e-04 1.600170e-04 1.206462e+01 
50 48400 1.507658e-05 5.839064e-04 2.341811e-07 8.636904e+00 7.224656e-02 8.494898e-02 3.698263e-03 4.387531e+00 7.722322e-02 8.511232e-02 3.090285e-03 1.526809e-03 1.674082e-04 1.690966e-04 1.335324e+01 
50 57600 1.416099e-05 7.390722e-04 2.743676e-07 5.144124e+00 8.236201e-02 9.177821e-02 4.293981e-03 4.997174e+00 8.256118e-02 1.030693e-01 3.879234e-03 3.328819e-03 1.783244e-04 1.784106e-04 1.051371e+01 
50 67600 1.508659e-05 9.070030e-04 4.807953e-07 6.032802e+00 9.343557e-02 1.226965e-01 5.663153e-03 8.969263e+00 9.576512e-02 1.175232e-01 4.661753e-03 9.343540e-04 2.100898e-04 2.063784e-04 1.544412e+01 
50 78400 1.629624e-05 1.065899e-03 3.003981e-07 5.624495e+00 1.061908e-01 1.370012e-01 1.230300e-02 6.003682e+00 1.021338e-01 1.092451e-01 4.935197e-03 2.563314e-02 2.670270e-02 2.608540e-02 1.217952e+01 
50 90000 1.415522e-05 1.257138e-03 3.825873e-07 5.057269e+00 1.118627e-01 1.409874e-01 1.302395e-02 6.843817e+00 1.218290e-01 1.595959e-01 6.086149e-03 1.972625e-02 3.308544e-04 8.411421e-03 1.248425e+01 
100 400 2.342700e-05 5.926797e-06 2.083834e-07 3.070959e+01 2.445099e-02 1.628735e-02 4.714243e-05 2.662506e+01 1.993018e-02 8.224253e-03 2.425439e-05 2.223503e-02 2.329111e-02 1.712687e-02 5.746637e+01 
100 1600 2.344297e-05 1.641461e-05 2.223998e-07 2.164395e+01 2.041893e-02 1.785799e-02 6.640521e-05 2.458269e+01 2.032053e-02 1.864104e-02 9.612963e-05 2.326344e-02 8.375202e-03 6.100517e-05 4.633583e+01 
100 3600 2.294239e-05 3.646840e-05 1.941808e-07 2.711634e+01 2.666307e-02 2.836800e-02 9.908197e-05 2.355536e+01 2.643022e-02 3.137118e-02 2.076964e-04 8.126768e-03 9.634201e-05 9.806859e-05 5.079324e+01 
100 6400 2.370141e-05 6.498522e-05 2.302229e-07 2.521511e+01 3.338382e-02 3.087243e-02 1.462688e-04 2.664527e+01 3.395155e-02 3.138376e-02 3.655402e-04 5.021112e-03 1.317428e-04 1.177318e-04 5.199587e+01 
100 10000 2.353098e-05 1.015718e-04 2.081972e-07 2.436686e+01 4.226984e-02 3.877075e-02 1.944988e-04 3.274447e+01 4.353655e-02 3.991214e-02 5.645582e-04 6.589014e-04 1.207086e-04 1.075228e-04 5.727762e+01 
100 14400 2.300842e-05 1.413914e-04 2.624001e-07 2.373866e+01 5.088709e-02 5.471898e-02 3.195885e-03 2.577954e+01 4.827976e-02 4.698335e-02 8.178438e-04 2.250469e-02 8.155697e-03 1.162356e-04 4.975406e+01 
100 19600 2.351697e-05 1.954378e-04 2.242159e-07 2.670885e+01 6.622715e-02 6.776285e-02 9.208739e-03 2.456136e+01 6.774050e-02 7.200452e-02 1.183492e-03 3.347944e-03 1.301324e-04 1.334574e-04 5.155820e+01 
100 25600 2.333079e-05 2.615728e-04 2.804212e-07 2.782761e+01 7.970381e-02 8.625718e-02 7.863691e-03 2.390941e+01 7.476033e-02 7.881285e-02 1.468316e-03 1.914822e-02 2.164175e-02 1.555864e-04 5.210715e+01 
100 32400 2.359920e-05 3.421112e-04 2.603978e-07 2.879673e+01 9.607680e-02 1.040030e-01 2.333077e-03 2.321071e+01 9.546339e-02 1.160693e-01 2.195247e-03 1.577243e-03 1.588394e-04 1.537538e-04 5.242588e+01 
100 40000 2.376162e-05 4.313848e-04 2.364162e-07 2.579256e+01 1.087049e-01 1.451169e-01 4.056152e-03 2.904846e+01 1.079533e-01 1.178865e-01 2.597202e-03 3.119979e-03 1.708794e-04 1.652330e-04 5.533129e+01 
100 48400 2.353722e-05 5.834620e-04 4.206318e-07 3.164849e+01 1.194262e-01 1.513319e-01 5.085166e-03 2.276767e+01 1.348543e-01 1.706551e-01 3.285084e-03 1.122577e-02 2.171746e-04 2.156384e-04 5.501311e+01 
100 57600 2.171039e-05 7.756372e-04 3.303867e-07 2.143832e+01 1.694624e-01 2.034478e-01 3.743150e-03 2.619017e+01 1.447440e-01 1.953790e-01 3.908043e-03 1.301008e-03 2.110996e-04 1.891388e-04 4.835170e+01 
100 67600 2.351119e-05 9.897372e-04 3.464054e-07 2.255314e+01 1.753810e-01 2.101173e-01 5.271288e-03 2.413529e+01 1.688188e-01 2.114629e-01 4.585724e-03 2.702311e-02 2.824693e-02 9.974888e-03 4.753035e+01 
100 78400 2.319864e-05 1.140238e-03 5.468260e-07 2.679875e+01 2.110068e-01 2.346412e-01 1.331126e-02 2.320135e+01 1.922788e-01 2.380510e-01 5.359877e-03 2.710983e-02 2.828039e-02 2.746029e-02 5.097880e+01 
100 90000 2.552820e-05 1.275510e-03 3.666151e-07 2.370901e+01 2.467903e-01 2.785405e-01 7.779519e-03 2.506223e+01 2.237861e-01 2.826099e-01 6.158414e-03 9.596048e-03 3.178770e-04 4.936013e-03 4.983311e+01 
150 400 3.750599e-05 7.192791e-06 1.522247e-07 5.307028e+01 1.626936e-02 7.352787e-03 3.756019e-05 5.489861e+01 1.403574e-02 1.065668e-02 2.868078e-05 9.374665e-03 6.490299e-05 6.313040e-05 1.080269e+02 
150 1600 3.293920e-05 1.720181e-05 2.705958e-07 5.946905e+01 2.511673e-02 3.006638e-02 3.067745e-03 5.484631e+01 2.925550e-02 2.985517e-02 1.011110e-04 2.236820e-02 2.096740e-02 2.206741e-02 1.144983e+02 
150 3600 2.869498e-05 3.626822e-05 8.400530e-08 5.875434e+01 3.209810e-02 3.101225e-02 9.966081e-03 7.871905e+01 3.625150e-02 3.724100e-02 2.089842e-04 2.316842e-02 6.038269e-03 6.902320e-05 1.376495e+02 
150 6400 4.091719e-05 6.703418e-05 1.924112e-07 5.998064e+01 4.233231e-02 4.327898e-02 1.170636e-02 5.899534e+01 4.056226e-02 3.861837e-02 3.654682e-04 5.098290e-03 1.007326e-04 9.726742e-05 1.191583e+02 
150 10000 3.250660e-05 9.913221e-05 1.964159e-07 4.341432e+01 4.916769e-02 5.821098e-02 1.416767e-03 3.824671e+01 4.931889e-02 5.141413e-02 5.699598e-04 5.724303e-03 1.126404e-04 1.100804e-04 8.187728e+01 
150 14400 3.220001e-05 1.475064e-04 1.902226e-07 3.454316e+01 6.671571e-02 6.947899e-02 6.204579e-03 5.443941e+01 7.008280e-02 7.817310e-02 8.752822e-04 3.724078e-03 1.235708e-04 9.750561e-05 8.927824e+01 
150 19600 3.173561e-05 1.934892e-04 2.142042e-07 5.455976e+01 9.325755e-02 1.034124e-01 3.149211e-03 6.260292e+01 9.176720e-02 8.576694e-02 1.214497e-03 2.443083e-02 1.424762e-02 1.485700e-04 1.175803e+02 
150 25600 3.122059e-05 2.613766e-04 2.142042e-07 5.730656e+01 1.130124e-01 1.339788e-01 1.319324e-03 5.241074e+01 1.095904e-01 1.454712e-01 1.749635e-03 3.147390e-03 1.485800e-04 1.503086e-04 1.102262e+02 
150 32400 3.022500e-05 3.387722e-04 1.742039e-07 6.574338e+01 1.269763e-01 1.490916e-01 2.418118e-03 7.222527e+01 1.355004e-01 1.587991e-01 2.203086e-03 4.441676e-03 1.371710e-04 1.390960e-04 1.385488e+02 
150 40000 3.172541e-05 4.330572e-04 2.544373e-07 5.512463e+01 1.493292e-01 2.073059e-01 2.185903e-03 5.708090e+01 1.527248e-01 2.000436e-01 2.720452e-03 2.699526e-02 1.025679e-03 2.184664e-04 1.129486e+02 
150 48400 4.058480e-05 5.858636e-04 1.182314e-07 5.816542e+01 1.804464e-01 2.350490e-01 6.427148e-03 4.411418e+01 1.833961e-01 2.262518e-01 3.280383e-03 4.753362e-03 2.350512e-04 2.270834e-04 1.031203e+02 
150 57600 2.794783e-05 7.713068e-04 2.423767e-07 5.247700e+01 2.350214e-01 2.784619e-01 4.222228e-03 5.688474e+01 2.047354e-01 2.738673e-01 3.952499e-03 2.499661e-02 2.393633e-03 2.319386e-04 1.103905e+02 
150 67600 2.804981e-05 9.151356e-04 1.200009e-07 5.369074e+01 2.677757e-01 3.099160e-01 8.795918e-03 5.835124e+01 2.483718e-01 2.960987e-01 4.660571e-03 5.427087e-03 1.923574e-04 1.914962e-04 1.131844e+02 
150 78400 3.259480e-05 1.197275e-03 3.646128e-07 5.961601e+01 2.704252e-01 3.449882e-01 9.417787e-03 5.249910e+01 2.629228e-01 3.325567e-01 5.363243e-03 1.148542e-02 2.949288e-04 3.907924e-03 1.133577e+02 
150 90000 4.124963e-05 1.272259e-03 3.824010e-07 5.483067e+01 3.035043e-01 4.045315e-01 9.278441e-03 3.617210e+01 3.073959e-01 3.811917e-01 6.165996e-03 1.322665e-03 2.416172e-04 3.367631e-03 9.242120e+01 
200 400 3.793477e-05 5.760603e-06 5.401671e-08 3.687236e+01 2.285119e-02 2.358594e-02 1.165743e-02 5.413544e+01 2.339415e-02 2.321037e-02 2.649762e-05 7.375018e-05 6.754482e-05 6.240718e-05 9.111282e+01 
200 1600 4.583858e-05 1.862380e-05 6.998889e-08 4.202125e+01 2.765670e-02 2.640088e-02 1.057779e-02 4.792363e+01 2.574836e-02 2.424855e-02 9.342358e-05 2.262052e-02 7.000953e-03 8.360897e-05 9.008941e+01 
200 3600 3.684098e-05 3.656461e-05 1.101755e-07 3.860630e+01 3.380762e-02 2.827407e-02 9.355978e-05 5.349140e+01 3.867238e-02 3.642259e-02 2.132908e-04 2.207285e-02 6.667801e-03 8.500502e-05 9.226411e+01 
200 6400 4.078900e-05 6.717439e-05 2.163928e-07 4.768647e+01 4.436009e-02 4.349195e-02 5.072580e-04 7.649848e+01 4.643920e-02 4.544342e-02 3.650736e-04 4.935155e-03 1.106634e-04 1.041718e-04 1.243708e+02 
200 10000 4.935176e-05 1.040154e-04 1.763925e-07 7.640391e+01 5.974895e-02 7.186064e-02 3.743543e-03 7.709339e+01 6.054014e-02 7.269250e-02 5.957686e-04 6.505708e-03 1.122778e-04 1.110080e-04 1.537734e+02 
200 14400 3.809682e-05 1.449346e-04 1.642387e-07 8.149937e+01 8.940332e-02 1.004333e-01 2.026637e-03 9.281942e+01 8.543749e-02 9.269619e-02 9.342606e-04 1.416558e-04 1.335016e-04 1.275486e-04 1.746903e+02 
200 19600 5.163518e-05 1.949514e-04 2.223998e-07 5.652750e+01 1.113966e-01 1.273475e-01 1.870201e-03 4.531207e+01 1.095752e-01 1.204681e-01 1.259873e-03 3.029548e-04 1.409266e-04 1.317808e-04 1.023124e+02 
200 25600 4.088497e-05 2.575490e-04 1.801644e-07 4.930766e+01 1.351570e-01 1.367813e-01 1.379176e-02 5.688243e+01 1.337439e-01 1.514801e-01 1.757510e-03 3.158787e-03 1.461044e-04 1.427032e-04 1.067666e+02 
200 32400 3.744001e-05 3.355354e-04 1.224224e-07 6.903442e+01 1.836627e-01 2.133949e-01 6.539914e-04 7.837788e+01 1.716878e-01 2.143743e-01 2.226061e-03 3.873689e-03 1.538680e-04 1.467734e-04 1.482030e+02 
200 40000 3.740583e-05 4.410492e-04 1.342036e-07 8.676081e+01 2.020412e-01 2.338529e-01 1.245319e-03 8.209938e+01 2.025128e-01 2.256890e-01 2.711196e-03 1.794530e-03 1.656516e-04 1.647022e-04 1.697309e+02 
200 48400 4.905118e-05 5.748592e-04 3.525987e-07 5.872319e+01 2.618892e-01 2.896623e-01 4.288904e-03 7.868480e+01 2.603150e-01 2.978357e-01 3.287023e-03 1.643867e-03 1.839990e-04 1.825388e-04 1.385280e+02 
200 57600 3.997982e-05 7.661530e-04 3.723893e-07 6.765227e+01 2.597099e-01 3.155024e-01 5.824749e-03 6.869107e+01 2.873285e-01 3.219989e-01 3.907169e-03 2.375233e-02 2.482028e-04 2.315700e-04 1.375627e+02 
200 67600 3.797663e-05 9.955558e-04 2.603978e-07 7.493084e+01 3.203440e-01 3.557070e-01 7.455242e-03 7.595587e+01 3.361972e-01 3.577902e-01 4.582202e-03 2.584917e-03 1.956824e-04 1.901682e-04 1.522729e+02 
200 78400 4.049842e-05 1.070009e-03 3.465917e-07 7.347206e+01 3.945635e-01 4.214933e-01 6.240420e-03 7.551165e+01 3.892762e-01 3.941724e-01 5.466385e-03 6.392798e-03 3.024100e-04 2.954356e-04 1.506031e+02 
200 90000 3.977739e-05 1.277864e-03 3.303867e-07 8.287790e+01 4.009592e-01 4.609671e-01 1.545548e-02 8.760267e+01 4.089077e-01 4.588254e-01 6.152836e-03 6.816066e-04 2.340738e-04 2.250624e-04 1.722343e+02 
250 400 5.297298e-05 7.226784e-06 1.601875e-07 1.104583e+02 1.862454e-02 2.493907e-02 6.493823e-03 1.157400e+02 1.327655e-02 1.653747e-02 2.753297e-05 4.041580e-04 5.472777e-05 6.961399e-05 2.262788e+02 
250 1600 4.898920e-05 1.716362e-05 1.281966e-07 1.009288e+02 2.961498e-02 2.887754e-02 3.710539e-03 1.067170e+02 2.670632e-02 2.826261e-02 9.753378e-05 6.609280e-05 6.229100e-05 6.270357e-05 2.077634e+02 
250 3600 5.772221e-05 3.761621e-05 1.784414e-07 1.011349e+02 4.141721e-02 4.157307e-02 3.660123e-03 8.115019e+01 4.147388e-02 3.994616e-02 2.058136e-04 7.640216e-05 7.533659e-05 7.186737e-05 1.824537e+02 
250 6400 4.836037e-05 6.543780e-05 3.223773e-07 5.789624e+01 5.318214e-02 5.318349e-02 5.745380e-03 9.623364e+01 5.714934e-02 6.215865e-02 3.845868e-04 1.377625e-03 1.870216e-04 1.008868e-04 1.543635e+02 
250 10000 4.832819e-05 9.879563e-05 2.023764e-07 1.093205e+02 8.150956e-02 9.469786e-02 2.868515e-03 8.732646e+01 8.050909e-02 8.974111e-02 6.433514e-04 5.259510e-03 1.133532e-04 1.088868e-04 1.970026e+02 
250 14400 4.771720e-05 1.417980e-04 1.621898e-07 1.138551e+02 1.066656e-01 1.284426e-01 3.472890e-04 1.203198e+02 1.027747e-01 1.105086e-01 9.441410e-04 2.751108e-02 2.404639e-02 2.603857e-02 2.347023e+02 
250 19600 4.867483e-05 1.943204e-04 2.162065e-07 9.623229e+01 1.466866e-01 1.711193e-01 3.780378e-03 9.421739e+01 1.472228e-01 1.735798e-01 1.341096e-03 1.280676e-02 1.784046e-04 1.771226e-04 1.911069e+02 
250 25600 4.837043e-05 2.607516e-04 2.543908e-07 1.107130e+02 1.486372e-01 1.944524e-01 5.330168e-03 9.938913e+01 1.668683e-01 1.989661e-01 1.781762e-03 2.235900e-04 1.595224e-04 1.482214e-04 2.108191e+02 
250 32400 4.966622e-05 3.342734e-04 2.523884e-07 1.015097e+02 2.151994e-01 2.642381e-01 1.459062e-02 9.308636e+01 2.001111e-01 2.667791e-01 2.232064e-03 2.503337e-02 9.257054e-04 1.989652e-04 1.955858e+02 
250 40000 4.838021e-05 4.360198e-04 2.523884e-07 1.014383e+02 2.676018e-01 3.076408e-01 5.797340e-03 8.033759e+01 2.579682e-01 3.064907e-01 2.710415e-03 3.686794e-03 1.618800e-04 1.569946e-04 1.829287e+02 
250 48400 4.765522e-05 5.718386e-04 3.646128e-07 1.096591e+02 3.097183e-01 3.248234e-01 1.333355e-02 1.123778e+02 2.882233e-01 3.207437e-01 3.293732e-03 2.700071e-02 1.803233e-02 2.300898e-04 2.233430e+02 
250 57600 4.839040e-05 7.642902e-04 3.485940e-07 8.943080e+01 3.318729e-01 3.916551e-01 5.251903e-03 1.053494e+02 3.384764e-01 3.784522e-01 3.918408e-03 3.938758e-03 1.826370e-04 1.821002e-04 1.962350e+02 
250 67600 5.485201e-05 9.077870e-04 3.363937e-07 7.115634e+01 3.601949e-01 4.412821e-01 7.017447e-03 5.987723e+01 3.920648e-01 4.312048e-01 4.752657e-03 1.241744e-03 2.081030e-04 2.088042e-04 1.326728e+02 
250 78400 4.468081e-05 1.216228e-03 1.922250e-07 6.561375e+01 4.525668e-01 4.704759e-01 1.718021e-02 7.534115e+01 4.689117e-01 4.977458e-01 5.424161e-03 2.714227e-02 2.831785e-02 2.669422e-02 1.429507e+02 
250 90000 4.556398e-05 1.306306e-03 2.021901e-07 6.017160e+01 5.305738e-01 5.565645e-01 5.319025e-03 1.180463e+02 4.895694e-01 5.509203e-01 6.083853e-03 1.012936e-02 3.171600e-04 5.645059e-03 1.803745e+02 
300 400 5.887379e-05 5.985005e-06 2.101995e-07 1.342451e+02 2.029436e-02 1.100522e-02 4.946580e-05 1.151474e+02 1.806163e-02 1.679389e-02 2.542199e-05 6.434820e-05 5.548680e-05 5.345196e-05 2.494589e+02 
300 1600 6.583040e-05 1.876219e-05 1.842156e-07 1.369195e+02 2.951845e-02 3.082678e-02 2.396187e-03 1.062621e+02 2.942951e-02 2.865207e-02 9.586718e-05 9.053612e-04 7.445919e-05 6.980239e-05 2.433037e+02 
300 3600 5.653640e-05 3.747600e-05 2.021901e-07 1.176060e+02 4.051051e-02 4.161535e-02 9.242999e-05 1.205997e+02 4.345811e-02 4.308621e-02 2.096414e-04 3.382894e-03 7.086596e-05 6.265980e-05 2.383784e+02 
300 6400 5.466379e-05 6.379341e-05 1.200009e-07 1.436331e+02 6.282065e-02 6.485223e-02 4.282326e-03 1.650060e+02 6.145634e-02 6.517347e-02 3.721862e-04 3.796183e-03 1.055256e-04 9.855321e-05 3.089022e+02 
300 10000 5.686502e-05 9.872341e-05 1.783948e-07 1.307559e+02 9.034421e-02 1.013458e-01 9.098363e-03 1.296752e+02 8.776706e-02 8.776253e-02 6.021218e-04 8.357226e-03 1.565980e-04 1.496676e-04 2.608169e+02 
300 14400 5.652038e-05 1.440192e-04 2.162065e-07 1.369597e+02 1.108305e-01 1.389012e-01 5.825402e-03 1.519317e+02 1.334350e-01 1.502411e-01 9.937770e-04 1.430318e-04 1.439210e-04 1.364398e-04 2.894322e+02 
300 19600 5.706940e-05 1.940100e-04 2.604444e-07 1.013751e+02 1.649059e-01 1.930521e-01 5.452588e-04 1.237604e+02 1.659198e-01 2.006283e-01 1.351490e-03 2.565943e-02 2.812554e-02 2.727900e-02 2.259433e+02 
300 25600 5.763220e-05 2.590492e-04 2.603978e-07 1.359097e+02 2.165076e-01 2.571922e-01 1.560614e-02 1.359752e+02 1.996756e-01 2.334012e-01 1.743113e-03 2.694581e-02 4.858561e-03 1.759772e-04 2.728414e+02 
300 32400 5.601957e-05 3.342974e-04 2.101995e-07 1.266823e+02 2.807186e-01 2.912359e-01 3.910635e-03 1.377366e+02 2.482634e-01 2.900108e-01 2.210323e-03 3.564259e-03 1.572770e-04 1.572010e-04 2.655396e+02 
300 40000 5.616001e-05 4.426214e-04 3.044028e-07 1.298039e+02 2.710988e-01 3.323091e-01 2.987024e-03 1.160194e+02 2.969269e-01 3.163058e-01 2.721505e-03 7.529340e-03 2.270612e-04 2.142802e-04 2.470541e+02 
300 48400 5.656239e-05 5.807500e-04 3.303867e-07 1.267215e+02 3.495684e-01 4.021250e-01 3.811650e-03 1.179220e+02 3.363654e-01 3.859965e-01 3.324599e-03 2.704739e-02 2.569666e-03 2.372384e-04 2.461552e+02 
300 57600 6.180638e-05 7.873046e-04 2.864283e-07 1.199456e+02 3.871609e-01 4.377619e-01 1.319386e-02 1.293142e+02 3.873129e-01 4.336773e-01 3.912950e-03 1.745126e-03 2.055532e-04 1.861422e-04 2.509259e+02 
300 67600 5.849740e-05 9.799826e-04 3.124122e-07 1.364098e+02 4.440652e-01 5.335272e-01 1.628750e-02 1.217967e+02 4.333335e-01 5.029015e-01 4.587468e-03 9.347308e-04 2.907524e-04 5.652722e-03 2.601492e+02 
300 78400 6.635902e-05 1.087643e-03 3.564171e-07 1.250211e+02 4.975239e-01 5.457240e-01 8.786310e-03 1.350258e+02 5.097131e-01 5.957633e-01 5.455600e-03 1.737796e-02 3.376664e-04 5.020015e-03 2.622338e+02 
300 90000 5.593360e-05 1.283081e-03 2.764165e-07 1.275276e+02 5.648643e-01 6.329459e-01 1.589172e-02 1.154311e+02 5.765550e-01 6.134052e-01 6.145102e-03 1.039614e-03 2.497932e-04 9.218959e-03 2.453803e+02 
350 400 6.484478e-05 5.628401e-06 2.081972e-07 1.547514e+02 1.865853e-02 2.752933e-02 5.810984e-03 1.526040e+02 2.273606e-02 1.322475e-02 2.476103e-05 2.803165e-03 6.421199e-05 6.187842e-05 3.074464e+02 
350 1600 6.543379e-05 1.718779e-05 2.064276e-07 1.461239e+02 3.040597e-02 2.975870e-02 1.676263e-03 1.426460e+02 3.656261e-02 3.592185e-02 9.302301e-05 2.106308e-02 7.415498e-05 7.080981e-05 2.889256e+02 
350 3600 6.464059e-05 3.809100e-05 1.801644e-07 1.265438e+02 4.642554e-02 4.898608e-02 1.006744e-04 1.467773e+02 4.839091e-02 4.672451e-02 2.056834e-04 8.426984e-05 1.255833e-03 4.498469e-03 2.735180e+02 
350 6400 6.523738e-05 6.559798e-05 2.001878e-07 1.602526e+02 7.776215e-02 8.368405e-02 5.477452e-03 1.515631e+02 7.887323e-02 8.327374e-02 4.237232e-04 5.531767e-03 1.114184e-04 1.041276e-04 3.121511e+02 
350 10000 6.533158e-05 9.937440e-05 1.923647e-07 1.591017e+02 1.123741e-01 1.286864e-01 5.616167e-03 1.550282e+02 1.041513e-01 1.274463e-01 7.090778e-04 2.751579e-02 2.786149e-02 8.975085e-03 3.146735e+02 
350 14400 6.720643e-05 1.448184e-04 1.522247e-07 1.496580e+02 1.507164e-01 1.749971e-01 2.468669e-03 1.559955e+02 1.381254e-01 1.695848e-01 1.005837e-03 3.177038e-03 1.247064e-04 1.204842e-04 3.062941e+02 
350 19600 6.520739e-05 1.959008e-04 2.143905e-07 1.155618e+02 1.850079e-01 2.244940e-01 6.885010e-04 1.250028e+02 1.793174e-01 2.262093e-01 1.336363e-03 5.157308e-03 1.444198e-04 1.418640e-04 2.413874e+02 
350 25600 6.483700e-05 2.599926e-04 2.404209e-07 1.042139e+02 2.475401e-01 2.814557e-01 2.902728e-03 1.387759e+02 2.663868e-01 2.672210e-01 1.756233e-03 2.589938e-02 1.552140e-03 1.814610e-04 2.440851e+02 
350 32400 7.108022e-05 3.336106e-04 1.521781e-07 1.080192e+02 2.848970e-01 3.107329e-01 8.280805e-03 1.782282e+02 2.885881e-01 3.237599e-01 2.206115e-03 1.457564e-03 1.583426e-04 1.565238e-04 2.874681e+02 
350 40000 6.115339e-05 4.418044e-04 1.482200e-07 2.178978e+02 3.354879e-01 3.746466e-01 8.995364e-04 1.298150e+02 3.315952e-01 3.798039e-01 2.736730e-03 1.549594e-03 1.622204e-04 1.574272e-04 3.491404e+02 
350 48400 6.586439e-05 5.963012e-04 4.385598e-07 1.504137e+02 3.927862e-01 4.276767e-01 3.621216e-03 1.414788e+02 3.957778e-01 4.548125e-01 3.314960e-03 2.702967e-02 2.823616e-02 2.603817e-02 2.936525e+02 
