50 400 9.546933e-05 3.367115e-04 1.030974e-08 2.098359e-02 1.509715e-04 1.367333e-04 3.474978e-05 2.008412e-02 1.477896e-04 1.362743e-04 3.422970e-05 3.102632e-05 2.877706e-05 2.868052e-05 4.223064e-02 
50 1600 9.535255e-05 4.001576e-04 8.309726e-09 2.050814e-02 1.759907e-04 1.622085e-04 3.527296e-05 2.464075e-02 1.727153e-04 1.632648e-04 3.462479e-05 3.066678e-05 2.916023e-05 2.916204e-05 4.647864e-02 
50 3600 9.760482e-05 3.975535e-04 9.019859e-09 2.128275e-02 2.199042e-04 2.223239e-04 3.571442e-05 2.071509e-02 2.167413e-04 2.218659e-04 3.520827e-05 3.110964e-05 2.936774e-05 2.933179e-05 4.353581e-02 
50 6400 9.706722e-05 4.049015e-04 8.610077e-09 2.017041e-02 2.899769e-04 3.120414e-04 3.614206e-05 2.154573e-02 2.867633e-04 3.127821e-04 3.562498e-05 3.159377e-05 3.010995e-05 2.995362e-05 4.358428e-02 
50 10000 1.116894e-04 4.067206e-04 9.310897e-09 2.032751e-02 3.729940e-04 4.196617e-04 3.642898e-05 2.017229e-02 3.714315e-04 4.160997e-04 3.564161e-05 3.159207e-05 3.020519e-05 3.001021e-05 4.276329e-02 
50 14400 9.664048e-05 4.061626e-04 9.818468e-09 2.027633e-02 4.800817e-04 5.571845e-04 3.650349e-05 2.073614e-02 4.761436e-04 5.509285e-04 3.567186e-05 3.196563e-05 3.027340e-05 3.016373e-05 4.374547e-02 
50 19600 9.651610e-05 4.013587e-04 8.807983e-09 2.014411e-02 6.120448e-04 7.314704e-04 3.594006e-05 2.003054e-02 6.137217e-04 7.337901e-04 3.520716e-05 3.207729e-05 2.988311e-05 2.972518e-05 4.352788e-02 
50 25600 9.670978e-05 4.066720e-04 8.309726e-09 2.131363e-02 7.897313e-04 9.201162e-04 3.685596e-05 2.057277e-02 7.916317e-04 9.202487e-04 3.593289e-05 3.201192e-05 3.060051e-05 3.066711e-05 4.597881e-02 
50 32400 9.559662e-05 4.040129e-04 6.810296e-09 2.028660e-02 1.093485e-03 1.230068e-03 3.684085e-05 2.015656e-02 1.069716e-03 1.225351e-03 3.593068e-05 3.218969e-05 3.074523e-05 3.055275e-05 4.572912e-02 
50 40000 9.572081e-05 4.052672e-04 1.071021e-08 2.053075e-02 1.288330e-03 1.499555e-03 3.709282e-05 2.119704e-02 1.290073e-03 1.497287e-03 3.638606e-05 3.300471e-05 3.128544e-05 3.102164e-05 4.797405e-02 
50 48400 9.634994e-05 4.064939e-04 9.911601e-09 2.031200e-02 1.639207e-03 1.940409e-03 3.734018e-05 2.020659e-02 1.634664e-03 1.947040e-03 3.645095e-05 3.290035e-05 3.142555e-05 3.138429e-05 4.835376e-02 
50 57600 9.575691e-05 4.019528e-04 8.910429e-09 2.047433e-02 2.187701e-03 2.575979e-03 3.649976e-05 2.023095e-02 2.180212e-03 2.584723e-03 3.585590e-05 3.186496e-05 3.093206e-05 3.104193e-05 5.089901e-02 
50 67600 9.586646e-05 4.150943e-04 1.081033e-08 2.105214e-02 2.795906e-03 3.274035e-03 3.791437e-05 2.032504e-02 2.806884e-03 3.267619e-03 3.718148e-05 3.375758e-05 3.226075e-05 3.220516e-05 5.420748e-02 
50 78400 9.622992e-05 4.104539e-04 1.010951e-08 2.026282e-02 3.374457e-03 3.943977e-03 3.745719e-05 2.029080e-02 3.379593e-03 3.969158e-03 3.732709e-05 3.469306e-05 3.237351e-05 3.228989e-05 5.590311e-02 
50 90000 9.601420e-05 4.128383e-04 1.081033e-08 2.024300e-02 4.320086e-03 5.016561e-03 3.787731e-05 2.041699e-02 4.325855e-03 5.003756e-03 3.709514e-05 3.502826e-05 3.460093e-05 3.416468e-05 6.001500e-02 
100 400 9.546938e-05 3.388516e-04 8.009374e-09 3.765142e-02 2.725969e-04 2.512237e-04 3.508390e-05 3.872563e-02 2.697708e-04 2.517044e-04 3.447408e-05 3.036425e-05 2.897167e-05 2.892440e-05 7.801561e-02 
100 1600 9.507340e-05 3.992796e-04 6.509945e-09 3.894030e-02 3.295111e-04 3.261680e-04 3.522341e-05 3.783998e-02 3.267912e-04 3.251746e-04 3.473728e-05 3.044837e-05 2.911048e-05 2.901864e-05 7.874201e-02 
100 3600 9.596123e-05 4.042012e-04 8.211937e-09 3.879625e-02 4.410601e-04 4.524725e-04 3.597833e-05 3.920992e-02 4.376109e-04 4.534195e-04 3.511204e-05 3.087491e-05 2.981773e-05 2.977357e-05 8.045349e-02 
100 6400 9.617935e-05 3.968988e-04 6.610062e-09 3.911162e-02 5.736246e-04 6.228162e-04 3.523803e-05 3.847276e-02 5.715293e-04 6.193660e-04 3.478365e-05 3.074342e-05 2.943857e-05 2.946821e-05 8.062574e-02 
100 10000 9.655771e-05 4.064248e-04 8.209608e-09 3.964530e-02 7.539908e-04 8.083621e-04 3.599085e-05 3.965458e-02 7.553577e-04 8.139249e-04 3.562010e-05 3.133851e-05 3.022835e-05 3.021783e-05 8.309918e-02 
100 14400 9.675361e-05 4.052440e-04 9.310897e-09 3.931665e-02 9.846274e-04 1.082949e-03 3.602430e-05 3.909084e-02 9.795524e-04 1.088130e-03 3.547729e-05 3.126910e-05 3.028022e-05 3.017136e-05 8.320913e-02 
100 19600 9.620990e-05 3.994798e-04 1.332024e-08 3.913753e-02 1.290093e-03 1.431746e-03 3.557323e-05 3.902961e-02 1.290981e-03 1.436679e-03 3.484264e-05 3.077797e-05 2.959911e-05 2.947412e-05 8.427400e-02 
100 25600 9.568572e-05 4.048265e-04 9.420328e-09 3.944338e-02 1.667106e-03 1.867773e-03 3.656491e-05 3.905563e-02 1.673568e-03 1.856236e-03 3.596642e-05 3.172408e-05 3.071538e-05 3.063336e-05 8.623096e-02 
100 32400 9.596774e-05 4.033771e-04 9.408686e-09 3.916477e-02 2.283931e-03 2.510669e-03 3.673576e-05 3.876278e-02 2.298368e-03 2.520917e-03 3.614859e-05 3.200030e-05 3.072499e-05 3.082995e-05 8.820851e-02 
100 40000 9.586318e-05 4.055006e-04 7.119961e-09 3.904495e-02 2.765790e-03 3.038643e-03 3.684002e-05 3.935784e-02 2.765299e-03 3.038494e-03 3.636421e-05 3.213559e-05 3.106260e-05 3.112328e-05 9.068134e-02 
100 48400 9.610304e-05 4.054495e-04 1.151115e-08 4.006050e-02 3.574837e-03 3.848923e-03 3.691704e-05 3.934534e-02 3.564681e-03 3.852095e-03 3.634238e-05 3.309032e-05 3.125198e-05 3.130956e-05 9.491816e-02 
100 57600 9.584404e-05 4.081556e-04 9.709038e-09 3.970013e-02 4.730863e-03 5.174099e-03 3.708820e-05 3.981993e-02 4.713623e-03 5.170190e-03 3.667929e-05 3.302332e-05 3.164877e-05 3.173009e-05 9.998457e-02 
100 67600 9.592547e-05 4.041993e-04 9.620562e-09 3.846191e-02 6.029300e-03 6.663834e-03 3.637302e-05 3.902117e-02 6.064136e-03 6.640595e-03 3.587969e-05 3.228522e-05 3.113590e-05 3.124126e-05 1.035497e-01 
100 78400 9.694999e-05 4.131692e-04 9.210780e-09 3.967798e-02 7.329519e-03 8.064558e-03 3.764894e-05 3.975531e-02 7.298203e-03 8.076631e-03 3.731664e-05 3.377304e-05 3.254150e-05 3.238646e-05 1.108875e-01 
100 90000 9.614790e-05 4.168498e-04 9.320211e-09 3.907989e-02 9.322609e-03 1.019191e-02 3.782849e-05 4.034110e-02 9.314537e-03 1.020857e-02 3.742399e-05 3.568469e-05 3.464123e-05 3.409482e-05 1.191530e-01 
150 400 9.632787e-05 3.367430e-04 6.719492e-09 5.228007e-02 3.317616e-04 3.365871e-04 3.538274e-05 5.129831e-02 3.315436e-04 3.343226e-04 3.472526e-05 3.042074e-05 2.922215e-05 2.920312e-05 1.055060e-01 
150 1600 9.595070e-05 4.064613e-04 9.308569e-09 5.229724e-02 4.900007e-04 5.091717e-04 3.575610e-05 5.144366e-02 4.898343e-04 5.064101e-04 3.531724e-05 3.101141e-05 2.961984e-05 2.967553e-05 1.064013e-01 
150 3600 9.639627e-05 4.040581e-04 9.820797e-09 5.211657e-02 6.812638e-04 7.150496e-04 3.571294e-05 5.253269e-02 6.800419e-04 7.072869e-04 3.506397e-05 3.108333e-05 2.964948e-05 2.972720e-05 1.080959e-01 
150 6400 9.654720e-05 3.974461e-04 1.030974e-08 5.165345e-02 9.548227e-04 9.812381e-04 3.523102e-05 5.131956e-02 9.524942e-04 9.887645e-04 3.462792e-05 3.065218e-05 2.930477e-05 2.938178e-05 1.075049e-01 
150 10000 9.617464e-05 3.982748e-04 8.409843e-09 5.128951e-02 1.298097e-03 1.354193e-03 3.533448e-05 5.280864e-02 1.309431e-03 1.357647e-03 3.483353e-05 3.056455e-05 2.941924e-05 2.957587e-05 1.100729e-01 
150 14400 9.697974e-05 3.995779e-04 7.709023e-09 5.215270e-02 1.800041e-03 1.838945e-03 3.554849e-05 5.118149e-02 1.821559e-03 1.841215e-03 3.494925e-05 3.095979e-05 2.951874e-05 2.968678e-05 1.112945e-01 
150 19600 9.647093e-05 4.049983e-04 1.182081e-08 5.291776e-02 2.422566e-03 2.447322e-03 3.662255e-05 5.189795e-02 2.381824e-03 2.455891e-03 3.578270e-05 3.165973e-05 3.025673e-05 3.031292e-05 1.151908e-01 
150 25600 9.610067e-05 4.048861e-04 1.001870e-08 5.383637e-02 3.228993e-03 3.280351e-03 3.648184e-05 5.273021e-02 3.249744e-03 3.281937e-03 3.615525e-05 3.180354e-05 3.064201e-05 3.067346e-05 1.202757e-01 
150 32400 9.656086e-05 4.013194e-04 1.273118e-08 5.151540e-02 4.301041e-03 4.436705e-03 3.589266e-05 5.291897e-02 4.357054e-03 4.422799e-03 3.536146e-05 3.135578e-05 3.004802e-05 3.014537e-05 1.226141e-01 
150 40000 9.683367e-05 4.017822e-04 1.020962e-08 5.285702e-02 5.578920e-03 5.549007e-03 3.639221e-05 5.185009e-02 5.498079e-03 5.555766e-03 3.581685e-05 3.175377e-05 3.044271e-05 3.062178e-05 1.275541e-01 
150 48400 9.657398e-05 4.073340e-04 1.002103e-08 5.285210e-02 7.038447e-03 7.122961e-03 3.699496e-05 5.219405e-02 6.945688e-03 7.137120e-03 3.650703e-05 3.261341e-05 3.141112e-05 3.130837e-05 1.339647e-01 
150 57600 9.660490e-05 4.080935e-04 9.308569e-09 5.231294e-02 9.198262e-03 9.309717e-03 3.710351e-05 5.248881e-02 9.197609e-03 9.337614e-03 3.670353e-05 3.317105e-05 3.184336e-05 3.178408e-05 1.425219e-01 
150 67600 9.645967e-05 4.105455e-04 1.020962e-08 5.268823e-02 1.128854e-02 1.171435e-02 3.776551e-05 5.284569e-02 1.132046e-02 1.178340e-02 3.712956e-05 3.333840e-05 3.205498e-05 3.229925e-05 1.523222e-01 
150 78400 9.619347e-05 4.048322e-04 8.509960e-09 5.202855e-02 1.381762e-02 1.419223e-02 3.666587e-05 5.244889e-02 1.376477e-02 1.420732e-02 3.595261e-05 3.296634e-05 3.151187e-05 3.170957e-05 1.611311e-01 
150 90000 9.606470e-05 4.110453e-04 8.121133e-09 5.260370e-02 1.727036e-02 1.773524e-02 3.793847e-05 5.263498e-02 1.718842e-02 1.771969e-02 3.715390e-05 3.531936e-05 3.487249e-05 3.393569e-05 1.758408e-01 
200 400 9.459710e-05 3.372997e-04 9.411015e-09 7.868404e-02 4.228940e-04 4.318757e-04 3.507389e-05 7.890804e-02 4.269438e-04 4.357200e-04 3.456263e-05 3.016325e-05 2.898650e-05 2.898129e-05 1.599005e-01 
200 1600 9.550776e-05 4.045198e-04 1.071952e-08 7.826193e-02 6.738056e-04 7.127973e-04 3.562842e-05 7.890401e-02 6.702064e-04 6.992051e-04 3.532427e-05 3.083396e-05 2.958599e-05 2.961404e-05 1.605844e-01 
200 3600 9.674040e-05 4.030674e-04 1.020962e-08 7.927188e-02 9.206856e-04 9.412216e-04 3.586678e-05 7.773708e-02 9.112589e-04 9.461321e-04 3.524826e-05 3.101473e-05 2.977768e-05 2.980012e-05 1.613912e-01 
200 6400 9.581452e-05 4.056545e-04 1.162058e-08 7.833220e-02 1.272699e-03 1.333027e-03 3.604294e-05 7.871457e-02 1.277620e-03 1.325049e-03 3.547880e-05 3.121382e-05 3.014383e-05 3.014703e-05 1.629211e-01 
200 10000 9.629013e-05 3.994458e-04 6.610062e-09 7.903035e-02 1.771582e-03 1.819653e-03 3.547639e-05 7.778218e-02 1.757142e-03 1.811813e-03 3.486549e-05 3.086080e-05 2.948835e-05 2.962405e-05 1.646302e-01 
200 14400 9.679830e-05 4.058277e-04 9.310897e-09 7.826633e-02 2.386496e-03 2.449756e-03 3.605476e-05 7.946879e-02 2.378169e-03 2.457217e-03 3.563133e-05 3.168233e-05 3.028364e-05 3.031138e-05 1.680749e-01 
200 19600 9.677536e-05 4.066054e-04 7.920898e-09 7.938777e-02 3.202807e-03 3.301074e-03 3.640729e-05 7.865246e-02 3.196278e-03 3.302055e-03 3.589181e-05 3.166940e-05 3.050587e-05 3.048144e-05 1.717123e-01 
200 25600 9.653150e-05 4.049067e-04 1.091976e-08 7.936736e-02 4.298593e-03 4.444772e-03 3.647249e-05 7.869706e-02 4.315605e-03 4.443343e-03 3.585887e-05 3.186009e-05 3.042885e-05 3.049755e-05 1.762348e-01 
200 32400 9.674833e-05 3.996414e-04 9.210780e-09 7.882225e-02 5.756534e-03 6.021460e-03 3.588600e-05 7.815683e-02 5.788003e-03 5.951407e-03 3.541751e-05 3.147943e-05 3.012951e-05 3.014543e-05 1.811576e-01 
200 40000 9.672849e-05 4.063853e-04 1.091044e-08 7.814929e-02 7.261874e-03 7.436161e-03 3.681500e-05 7.818915e-02 7.241181e-03 7.479716e-03 3.645415e-05 3.237226e-05 3.098969e-05 3.095454e-05 1.864299e-01 
200 48400 9.639781e-05 4.073216e-04 1.110835e-08 7.919950e-02 9.322456e-03 9.599749e-03 3.703012e-05 7.925588e-02 9.280725e-03 9.559698e-03 3.654650e-05 3.260931e-05 3.158878e-05 3.141012e-05 1.968926e-01 
200 57600 9.655664e-05 4.028088e-04 1.342036e-08 7.958457e-02 1.213832e-02 1.267145e-02 3.669211e-05 7.835587e-02 1.215520e-02 1.259829e-02 3.574861e-05 3.207932e-05 3.088814e-05 3.091869e-05 2.081715e-01 
200 67600 9.691978e-05 4.109965e-04 8.409843e-09 7.840339e-02 1.535219e-02 1.573889e-02 3.777523e-05 7.747320e-02 1.530050e-02 1.575589e-02 3.700328e-05 3.344436e-05 3.210015e-05 3.190466e-05 2.187065e-01 
200 78400 9.781472e-05 4.174369e-04 1.373002e-08 7.860716e-02 1.849244e-02 1.899491e-02 3.812154e-05 7.831758e-02 1.853025e-02 1.902111e-02 3.714849e-05 3.391196e-05 3.257536e-05 3.269383e-05 2.326555e-01 
200 90000 9.718417e-05 4.084318e-04 1.041917e-08 7.797195e-02 2.307837e-02 2.367584e-02 3.701810e-05 7.862777e-02 2.319600e-02 2.368136e-02 3.650412e-05 3.401351e-05 3.350966e-05 3.315172e-05 2.509134e-01 
250 400 9.584897e-05 3.352877e-04 1.001870e-08 1.009203e-01 5.505390e-04 6.550474e-04 3.524735e-05 1.001931e-01 5.475620e-04 6.518324e-04 3.473238e-05 3.026291e-05 2.877518e-05 2.896587e-05 2.041091e-01 
250 1600 9.600291e-05 4.070989e-04 1.021894e-08 1.002883e-01 8.220917e-04 8.648262e-04 3.577203e-05 1.002684e-01 8.458708e-04 8.653236e-04 3.539978e-05 3.102194e-05 2.977628e-05 2.974654e-05 2.046212e-01 
250 3600 9.684636e-05 3.957781e-04 9.818468e-09 1.003248e-01 1.077043e-03 1.100780e-03 3.508230e-05 9.994371e-02 1.081576e-03 1.108872e-03 3.456874e-05 3.028624e-05 2.913593e-05 2.917519e-05 2.052890e-01 
250 6400 9.525619e-05 3.958987e-04 8.710194e-09 9.979320e-02 1.488062e-03 1.469835e-03 3.500328e-05 1.000104e-01 1.467650e-03 1.462069e-03 3.474971e-05 3.056265e-05 2.912210e-05 2.935986e-05 2.063425e-01 
250 10000 9.662323e-05 4.062552e-04 1.261942e-08 1.005048e-01 1.940081e-03 1.975049e-03 3.597965e-05 1.000286e-01 1.970618e-03 1.946896e-03 3.560468e-05 3.154752e-05 3.006952e-05 3.023506e-05 2.090339e-01 
250 14400 9.612399e-05 4.055917e-04 6.409828e-09 1.000824e-01 2.603282e-03 2.538691e-03 3.613908e-05 1.000728e-01 2.597060e-03 2.570199e-03 3.552747e-05 3.160461e-05 3.020311e-05 3.023917e-05 2.111316e-01 
250 19600 9.592019e-05 4.047374e-04 1.022127e-08 1.005749e-01 3.488739e-03 3.388831e-03 3.617223e-05 1.000737e-01 3.520153e-03 3.399418e-03 3.584935e-05 3.167021e-05 3.040802e-05 3.034413e-05 2.151125e-01 
250 25600 9.677025e-05 4.066087e-04 7.608905e-09 1.005390e-01 4.597992e-03 4.432948e-03 3.658585e-05 1.003733e-01 4.613527e-03 4.458633e-03 3.622281e-05 3.197326e-05 3.069645e-05 3.074533e-05 2.196865e-01 
250 32400 9.676034e-05 4.059279e-04 9.210780e-09 1.002685e-01 6.238927e-03 6.059615e-03 3.668500e-05 1.002612e-01 6.240176e-03 6.232619e-03 3.621540e-05 3.195363e-05 3.074924e-05 3.084067e-05 2.259719e-01 
250 40000 9.619510e-05 4.064245e-04 6.610062e-09 1.000280e-01 7.459171e-03 7.459211e-03 3.740858e-05 9.999120e-02 7.589709e-03 7.498146e-03 3.641710e-05 3.232929e-05 3.086771e-05 3.098780e-05 2.306981e-01 
250 48400 9.658318e-05 4.006076e-04 8.121133e-09 1.006900e-01 9.671345e-03 9.392432e-03 3.629051e-05 1.001165e-01 9.594386e-03 9.598899e-03 3.561661e-05 3.176826e-05 3.050938e-05 3.077266e-05 2.397274e-01 
250 57600 9.587903e-05 4.074110e-04 8.910429e-09 1.002078e-01 1.280354e-02 1.262820e-02 3.747287e-05 1.009324e-01 1.276219e-02 1.258959e-02 3.646507e-05 3.296574e-05 3.162785e-05 3.168273e-05 2.525995e-01 
250 67600 9.640771e-05 4.098471e-04 1.192093e-08 1.003270e-01 1.629629e-02 1.624182e-02 3.778395e-05 1.000245e-01 1.643305e-02 1.610219e-02 3.728810e-05 3.339249e-05 3.216215e-05 3.224898e-05 2.661060e-01 
250 78400 9.641031e-05 4.129626e-04 9.918585e-09 1.012518e-01 1.982352e-02 1.952129e-02 3.795720e-05 1.000457e-01 1.980116e-02 1.979314e-02 3.730893e-05 3.405608e-05 3.273850e-05 3.278116e-05 2.809231e-01 
250 90000 9.601803e-05 4.139635e-04 9.809155e-09 1.005955e-01 2.540481e-02 2.506408e-02 3.813237e-05 1.004959e-01 2.515459e-02 2.493853e-02 3.754078e-05 3.499267e-05 3.470784e-05 3.422312e-05 3.023455e-01 
300 400 9.681652e-05 3.365376e-04 6.409828e-09 1.286915e-01 6.080475e-04 8.004591e-04 3.488641e-05 1.287566e-01 5.979326e-04 7.882448e-04 3.419578e-05 3.002876e-05 2.884970e-05 2.868865e-05 2.608344e-01 
300 1600 9.559279e-05 4.054408e-04 9.320211e-09 1.300541e-01 9.312594e-04 1.033937e-03 3.584865e-05 1.301757e-01 9.346307e-04 1.041702e-03 3.509783e-05 3.112299e-05 2.964168e-05 2.954493e-05 2.648352e-01 
300 3600 9.663395e-05 4.013875e-04 1.312001e-08 1.303716e-01 1.213827e-03 1.331844e-03 3.549472e-05 1.294668e-01 1.212631e-03 1.335050e-03 3.483393e-05 3.075103e-05 2.954853e-05 2.941364e-05 2.655912e-01 
300 6400 9.664707e-05 4.053555e-04 2.003042e-08 1.308147e-01 1.661341e-03 1.790768e-03 3.603062e-05 1.311004e-01 1.675131e-03 1.763905e-03 3.576061e-05 3.135193e-05 3.010778e-05 2.999320e-05 2.694730e-01 
300 10000 9.674371e-05 4.071491e-04 9.420328e-09 1.321048e-01 2.251740e-03 2.322885e-03 3.656612e-05 1.314127e-01 2.253116e-03 2.314635e-03 3.598996e-05 3.155574e-05 3.039130e-05 3.033461e-05 2.733303e-01 
300 14400 9.703534e-05 3.982208e-04 1.032138e-08 1.306917e-01 3.083601e-03 3.032098e-03 3.573137e-05 1.298438e-01 3.077843e-03 3.047722e-03 3.542671e-05 3.086280e-05 2.963676e-05 2.956216e-05 2.734347e-01 
300 19600 9.698976e-05 3.993938e-04 1.081033e-08 1.315368e-01 4.145389e-03 4.113530e-03 3.593728e-05 1.307880e-01 4.137023e-03 4.086341e-03 3.545746e-05 3.097526e-05 2.973030e-05 2.972900e-05 2.794669e-01 
300 25600 9.622962e-05 3.989859e-04 1.011882e-08 1.311573e-01 5.361978e-03 5.349291e-03 3.630863e-05 1.316287e-01 5.375312e-03 5.341416e-03 3.572555e-05 3.166859e-05 3.032269e-05 3.036865e-05 2.848755e-01 
300 32400 9.679056e-05 4.008000e-04 9.911601e-09 1.318174e-01 7.225325e-03 7.311630e-03 3.653587e-05 1.314339e-01 7.209589e-03 7.374701e-03 3.573798e-05 3.165027e-05 3.021212e-05 3.019380e-05 2.930366e-01 
300 40000 9.675393e-05 4.061498e-04 9.010546e-09 1.323106e-01 8.823021e-03 8.887169e-03 3.708730e-05 1.329916e-01 8.890203e-03 8.861308e-03 3.665556e-05 3.252899e-05 3.125890e-05 3.119420e-05 3.014373e-01 
300 48400 9.686309e-05 4.089623e-04 7.909257e-09 1.332864e-01 1.139019e-02 1.133580e-02 3.750372e-05 1.336093e-01 1.141961e-02 1.133887e-02 3.683151e-05 3.276214e-05 3.140972e-05 3.134892e-05 3.130578e-01 
300 57600 9.686800e-05 4.069822e-04 9.420328e-09 1.320807e-01 1.520611e-02 1.515753e-02 3.691544e-05 1.311058e-01 1.520195e-02 1.517073e-02 3.614930e-05 3.252638e-05 3.133190e-05 3.121433e-05 3.245969e-01 
300 67600 9.708051e-05 4.070852e-04 1.170905e-08 1.335544e-01 1.931517e-02 1.927328e-02 3.719556e-05 1.324700e-01 1.940337e-02 1.926825e-02 3.659106e-05 3.315131e-05 3.170716e-05 3.165628e-05 3.439613e-01 
300 78400 9.644526e-05 4.086476e-04 7.809140e-09 1.333833e-01 2.356870e-02 2.350271e-02 3.717763e-05 1.325185e-01 2.359584e-02 2.367658e-02 3.648220e-05 3.341712e-05 3.217827e-05 3.189534e-05 3.609244e-01 
300 90000 9.663093e-05 4.072181e-04 1.042150e-08 1.342582e-01 2.992540e-02 2.987988e-02 3.736681e-05 1.326404e-01 2.990985e-02 2.993747e-02 3.637073e-05 3.464014e-05 3.404064e-05 3.351796e-05 3.872335e-01 
350 400 9.565288e-05 3.368507e-04 1.150882e-08 1.663711e-01 8.063254e-04 8.157897e-04 3.564774e-05 1.669137e-01 8.078908e-04 7.935782e-04 3.498485e-05 3.061453e-05 2.925510e-05 2.927252e-05 3.371023e-01 
350 1600 9.617566e-05 3.984210e-04 1.212116e-08 1.671557e-01 1.166908e-03 1.196310e-03 3.534570e-05 1.663179e-01 1.163193e-03 1.196063e-03 3.464495e-05 3.053241e-05 2.920182e-05 2.911319e-05 3.388510e-01 
350 3600 9.678557e-05 4.049005e-04 8.910429e-09 1.668371e-01 1.589046e-03 1.634821e-03 3.572676e-05 1.667950e-01 1.609940e-03 1.675319e-03 3.550022e-05 3.133961e-05 3.012249e-05 2.991288e-05 3.408070e-01 
350 6400 9.637256e-05 4.040972e-04 9.809155e-09 1.667186e-01 2.244609e-03 2.306057e-03 3.629051e-05 1.664174e-01 2.229981e-03 2.336278e-03 3.564364e-05 3.139900e-05 3.016045e-05 3.020001e-05 3.429185e-01 
350 10000 9.673830e-05 3.999419e-04 8.521602e-09 1.671399e-01 3.103172e-03 3.170553e-03 3.547038e-05 1.666877e-01 3.104319e-03 3.175591e-03 3.481951e-05 3.087702e-05 2.967844e-05 2.963897e-05 3.470400e-01 
350 14400 9.702813e-05 4.048547e-04 1.802109e-08 1.668918e-01 4.209542e-03 4.404244e-03 3.619005e-05 1.661079e-01 4.213457e-03 4.414663e-03 3.577714e-05 3.170646e-05 3.038078e-05 3.039510e-05 3.509096e-01 
350 19600 9.710796e-05 4.056030e-04 1.031905e-08 1.673044e-01 5.658526e-03 5.794275e-03 3.633598e-05 1.665202e-01 5.673774e-03 5.804964e-03 3.586818e-05 3.184617e-05 3.044628e-05 3.042364e-05 3.574255e-01 
350 25600 9.719929e-05 4.000976e-04 8.521602e-09 1.666895e-01 7.551069e-03 7.858798e-03 3.598666e-05 1.669197e-01 7.571770e-03 7.698087e-03 3.555310e-05 3.156275e-05 3.017087e-05 3.022785e-05 3.649515e-01 
350 32400 9.670275e-05 4.001648e-04 8.309726e-09 1.664324e-01 1.021714e-02 1.057245e-02 3.585035e-05 1.665547e-01 1.025808e-02 1.052887e-02 3.586938e-05 3.172169e-05 3.031488e-05 3.032439e-05 3.752265e-01 
350 40000 9.756884e-05 3.999222e-04 1.040986e-08 1.670271e-01 1.285233e-02 1.327150e-02 3.653447e-05 1.662158e-01 1.291857e-02 1.346831e-02 3.577734e-05 3.191237e-05 3.066100e-05 3.065209e-05 3.864187e-01 
350 48400 9.688082e-05 4.071838e-04 8.610077e-09 1.671613e-01 1.657569e-02 1.688670e-02 3.737933e-05 1.665006e-01 1.655095e-02 1.697030e-02 3.655861e-05 3.294571e-05 3.138949e-05 3.135553e-05 4.013217e-01 
350 57600 9.702623e-05 4.094418e-04 7.010531e-09 1.665534e-01 2.163723e-02 2.202060e-02 3.762069e-05 1.662984e-01 2.157857e-02 2.208786e-02 3.667768e-05 3.326259e-05 3.192248e-05 3.196254e-05 4.208561e-01 
350 67600 9.665828e-05 4.071735e-04 1.301989e-08 1.674862e-01 2.713685e-02 2.767630e-02 3.721199e-05 1.674913e-01 2.717676e-02 2.805488e-02 3.632736e-05 3.290275e-05 3.142203e-05 3.152248e-05 4.456980e-01 
350 78400 9.708622e-05 4.148241e-04 1.081033e-08 1.667210e-01 3.284439e-02 3.348459e-02 3.824954e-05 1.665861e-01 3.283494e-02 3.354533e-02 3.745164e-05 3.435202e-05 3.292518e-05 3.285918e-05 4.667060e-01 
350 90000 9.658156e-05 4.137602e-04 8.919742e-09 1.668329e-01 4.093486e-02 4.204360e-02 3.824002e-05 1.655488e-01 4.096523e-02 4.193646e-02 3.733877e-05 3.531445e-05 3.455682e-05 3.396022e-05 4.989542e-01 
400 400 9.599008e-05 3.387856e-04 7.320195e-09 2.001815e-01 9.374118e-04 9.208126e-04 3.547929e-05 2.002661e-01 9.152282e-04 9.258101e-04 3.507560e-05 3.061023e-05 2.921694e-05 2.930036e-05 4.047429e-01 
400 1600 9.602924e-05 4.083291e-04 1.002103e-08 1.998620e-01 1.338865e-03 1.350817e-03 3.589372e-05 2.001915e-01 1.343870e-03 1.346141e-03 3.541751e-05 3.129695e-05 2.992580e-05 2.988514e-05 4.061015e-01 
400 3600 9.667931e-05 4.054513e-04 7.110648e-09 1.989880e-01 1.820730e-03 1.837527e-03 3.624614e-05 2.000608e-01 1.837113e-03 1.836206e-03 3.559908e-05 3.137146e-05 2.994984e-05 2.992791e-05 4.070472e-01 
400 6400 9.653560e-05 4.002436e-04 8.610077e-09 1.997235e-01 2.570675e-03 2.579507e-03 3.578916e-05 1.986775e-01 2.572206e-03 2.574326e-03 3.512006e-05 3.094922e-05 2.955825e-05 2.961353e-05 4.093571e-01 
400 10000 9.776593e-05 4.050193e-04 8.919742e-09 1.998901e-01 3.577487e-03 3.577594e-03 3.660989e-05 1.990194e-01 3.559115e-03 3.575189e-03 3.579867e-05 3.152468e-05 3.023927e-05 3.021863e-05 4.138677e-01 
400 14400 9.654211e-05 4.062804e-04 8.610077e-09 1.982691e-01 4.834343e-03 4.861446e-03 3.614629e-05 1.973713e-01 4.838389e-03 4.909709e-03 3.566757e-05 3.144196e-05 3.021453e-05 3.032890e-05 4.157525e-01 
400 19600 9.694060e-05 4.004640e-04 1.001172e-08 1.962935e-01 6.555842e-03 6.590082e-03 3.595219e-05 1.963548e-01 6.539869e-03 6.570325e-03 3.518866e-05 3.107140e-05 2.965089e-05 2.966060e-05 4.195651e-01 
400 25600 9.749300e-05 4.010489e-04 7.010531e-09 1.963324e-01 8.685667e-03 8.750096e-03 3.659035e-05 1.960749e-01 8.691531e-03 8.774601e-03 3.572115e-05 3.133991e-05 3.007782e-05 3.022354e-05 4.279736e-01 
400 32400 9.761368e-05 4.003948e-04 9.920914e-09 1.966684e-01 1.177730e-02 1.186809e-02 3.631614e-05 1.957840e-01 1.174092e-02 1.182186e-02 3.563573e-05 3.154160e-05 3.027461e-05 3.023065e-05 4.403243e-01 
400 40000 9.663452e-05 4.071697e-04 8.707866e-09 1.965501e-01 1.480661e-02 1.498709e-02 3.770841e-05 1.947883e-01 1.475024e-02 1.494777e-02 3.704122e-05 3.270264e-05 3.128163e-05 3.153611e-05 4.515063e-01 
400 48400 9.716875e-05 4.081058e-04 9.811483e-09 1.970546e-01 1.901864e-02 1.913174e-02 3.750181e-05 1.939773e-01 1.891975e-02 1.920147e-02 3.693407e-05 3.275002e-05 3.148733e-05 3.159920e-05 4.679816e-01 
400 57600 9.681511e-05 4.022116e-04 8.211937e-09 1.951363e-01 2.487220e-02 2.497949e-02 3.676262e-05 1.954833e-01 2.485186e-02 2.502747e-02 3.604103e-05 3.237486e-05 3.098869e-05 3.109525e-05 4.910194e-01 
400 67600 9.604997e-05 4.057711e-04 1.030974e-08 1.956919e-01 3.113591e-02 3.145219e-02 3.737803e-05 1.957601e-01 3.116399e-02 3.150408e-02 3.675600e-05 3.300330e-05 3.171277e-05 3.194171e-05 5.173830e-01 
400 78400 9.694661e-05 4.058940e-04 9.911601e-09 1.947073e-01 3.787019e-02 3.813282e-02 3.743361e-05 1.948394e-01 3.793216e-02 3.808618e-02 3.681139e-05 3.352948e-05 3.211387e-05 3.225789e-05 5.422453e-01 
400 90000 9.630635e-05 4.091176e-04 8.009374e-09 1.952031e-01 4.703579e-02 4.757489e-02 3.767718e-05 1.951741e-01 4.709420e-02 4.762876e-02 3.662651e-05 3.501670e-05 3.410575e-05 3.393619e-05 5.803963e-01 
450 400 9.565608e-05 3.377700e-04 9.010546e-09 2.314027e-01 1.552663e-03 1.088377e-03 3.559436e-05 2.321705e-01 1.566164e-03 1.082540e-03 3.498776e-05 3.070116e-05 2.933261e-05 2.951048e-05 4.694583e-01 
450 1600 9.532889e-05 4.045794e-04 9.220093e-09 2.318890e-01 1.837169e-03 1.479970e-03 3.584284e-05 2.314850e-01 1.852301e-03 1.484657e-03 3.519918e-05 3.109495e-05 2.961093e-05 2.968494e-05 4.706909e-01 
450 3600 9.720008e-05 3.971415e-04 8.810312e-09 2.297939e-01 2.236074e-03 1.914257e-03 3.525726e-05 2.302369e-01 2.245647e-03 1.911561e-03 3.475792e-05 3.055304e-05 2.935815e-05 2.934553e-05 4.689936e-01 
450 6400 9.676404e-05 4.057618e-04 1.122011e-08 2.310868e-01 2.824200e-03 2.592094e-03 3.626627e-05 2.325310e-01 2.820986e-03 2.606100e-03 3.561049e-05 3.159270e-05 3.014362e-05 3.020661e-05 4.751292e-01 
450 10000 9.698456e-05 3.994314e-04 8.919742e-09 2.301083e-01 3.549462e-03 3.505275e-03 3.550193e-05 2.301925e-01 3.534397e-03 3.511172e-03 3.523153e-05 3.114842e-05 2.978019e-05 2.980933e-05 4.750606e-01 
450 14400 9.657515e-05 4.061201e-04 9.208452e-09 2.311439e-01 4.431706e-03 4.727016e-03 3.612126e-05 2.307834e-01 4.451668e-03 4.726834e-03 3.560117e-05 3.157856e-05 3.021894e-05 3.020822e-05 4.809326e-01 
450 19600 9.669703e-05 4.033430e-04 1.011882e-08 2.306673e-01 5.541487e-03 6.367611e-03 3.636611e-05 2.312202e-01 5.586926e-03 6.350805e-03 3.592796e-05 3.169414e-05 3.047221e-05 3.031588e-05 4.864014e-01 
450 25600 9.620249e-05 3.989772e-04 9.918585e-09 2.300310e-01 7.020662e-03 8.278467e-03 3.594990e-05 2.312368e-01 7.010987e-03 8.254323e-03 3.542381e-05 3.143465e-05 3.006241e-05 3.009836e-05 4.924919e-01 
450 32400 9.622923e-05 4.068929e-04 9.019859e-09 2.312014e-01 1.012381e-02 1.118403e-02 3.713096e-05 2.321511e-01 9.993995e-03 1.122342e-02 3.651324e-05 3.230946e-05 3.090356e-05 3.109915e-05 5.065511e-01 
450 40000 9.632789e-05 4.069375e-04 1.111999e-08 2.322128e-01 1.197745e-02 1.362979e-02 3.718284e-05 2.308632e-01 1.198317e-02 1.362910e-02 3.664604e-05 3.239709e-05 3.120311e-05 3.129955e-05 5.149697e-01 
450 48400 9.616423e-05 4.070076e-04 8.910429e-09 2.303892e-01 1.527155e-02 1.756057e-02 3.739145e-05 2.302466e-01 1.535679e-02 1.761005e-02 3.680117e-05 3.275042e-05 3.158047e-05 3.160861e-05 5.271106e-01 
450 57600 9.628482e-05 4.069700e-04 1.232140e-08 2.310362e-01 2.049330e-02 2.344203e-02 3.741248e-05 2.318914e-01 2.055875e-02 2.342638e-02 3.689961e-05 3.301942e-05 3.187100e-05 3.198698e-05 5.515250e-01 
450 67600 9.704856e-05 4.065295e-04 1.071952e-08 2.301578e-01 2.651110e-02 2.985948e-02 3.704413e-05 2.310003e-01 2.660657e-02 2.987497e-02 3.650102e-05 3.294341e-05 3.176404e-05 3.168823e-05 5.746864e-01 
450 78400 9.631256e-05 4.074417e-04 1.000939e-08 2.300062e-01 3.236450e-02 3.628965e-02 3.704853e-05 2.299243e-01 3.232016e-02 3.626801e-02 3.650513e-05 3.308432e-05 3.213340e-05 3.211838e-05 5.978500e-01 
450 90000 9.616685e-05 4.134961e-04 7.108320e-09 2.312630e-01 4.161449e-02 4.616403e-02 3.798454e-05 2.303889e-01 4.182926e-02 4.596801e-02 3.749079e-05 3.536883e-05 3.455091e-05 3.397384e-05 6.379193e-01 
500 400 9.632868e-05 3.377304e-04 9.520445e-09 2.715848e-01 1.739705e-03 1.214689e-03 3.517454e-05 2.694484e-01 1.742005e-03 1.227146e-03 3.426758e-05 3.006070e-05 2.883286e-05 2.874924e-05 5.475493e-01 
500 1600 9.631747e-05 4.001576e-04 8.519273e-09 2.700281e-01 2.049256e-03 1.648099e-03 3.507759e-05 2.703239e-01 2.055871e-03 1.638501e-03 3.492036e-05 3.046110e-05 2.916477e-05 2.925951e-05 5.484005e-01 
500 3600 9.694540e-05 3.971651e-04 9.620562e-09 2.695297e-01 2.504864e-03 2.123578e-03 3.521770e-05 2.698843e-01 2.496450e-03 2.131960e-03 3.480529e-05 3.064207e-05 2.932210e-05 2.930768e-05 5.493259e-01 
500 6400 9.663985e-05 4.061948e-04 8.919742e-09 2.724747e-01 3.125668e-03 2.895310e-03 3.629271e-05 2.717854e-01 3.138049e-03 2.926798e-03 3.564344e-05 3.145348e-05 3.011318e-05 3.032059e-05 5.570141e-01 
500 10000 9.720419e-05 4.018089e-04 1.002103e-08 2.716587e-01 3.933758e-03 3.936732e-03 3.558085e-05 2.703735e-01 3.936896e-03 3.933667e-03 3.507329e-05 3.101593e-05 2.958449e-05 2.962925e-05 5.584349e-01 
500 14400 9.753408e-05 3.996955e-04 1.030974e-08 2.705576e-01 4.935866e-03 5.285468e-03 3.571465e-05 2.708892e-01 4.915311e-03 5.299944e-03 3.505416e-05 3.103095e-05 2.967372e-05 2.956476e-05 5.625431e-01 
500 19600 9.705837e-05 3.997474e-04 9.611249e-09 2.707311e-01 6.134868e-03 7.089527e-03 3.592837e-05 2.706895e-01 6.106895e-03 7.109517e-03 3.532647e-05 3.117196e-05 2.974774e-05 2.989566e-05 5.685219e-01 
500 25600 9.575833e-05 4.051989e-04 7.820781e-09 2.720873e-01 7.737299e-03 9.321913e-03 3.727007e-05 2.732471e-01 7.774558e-03 9.271987e-03 3.657173e-05 3.189775e-05 3.070537e-05 3.068714e-05 5.801100e-01 
500 32400 9.657264e-05 4.057993e-04 9.809155e-09 2.716115e-01 1.111930e-02 1.261447e-02 3.672265e-05 2.711446e-01 1.110889e-02 1.258631e-02 3.597594e-05 3.211947e-05 3.085859e-05 3.077728e-05 5.908559e-01 
500 40000 9.618226e-05 4.066496e-04 1.192093e-08 2.716508e-01 1.331886e-02 1.540506e-02 3.762750e-05 2.727997e-01 1.329079e-02 1.542814e-02 3.702330e-05 3.247391e-05 3.123255e-05 3.126220e-05 6.025679e-01 
500 48400 9.728712e-05 4.079612e-04 9.720679e-09 2.722177e-01 1.687560e-02 2.003561e-02 3.751553e-05 2.712135e-01 1.698120e-02 1.995363e-02 3.674719e-05 3.254881e-05 3.130946e-05 3.118448e-05 6.179542e-01 
500 57600 9.689312e-05 4.091944e-04 9.119976e-09 2.721109e-01 2.279253e-02 2.636303e-02 3.766536e-05 2.720026e-01 2.289458e-02 2.638602e-02 3.725280e-05 3.347907e-05 3.182229e-05 3.185364e-05 6.432304e-01 
500 67600 9.650312e-05 4.059925e-04 1.041917e-08 2.706448e-01 2.942962e-02 3.347608e-02 3.714023e-05 2.712012e-01 2.934198e-02 3.354033e-02 3.645045e-05 3.295913e-05 3.142043e-05 3.160000e-05 6.683087e-01 
500 78400 9.756113e-05 4.076351e-04 7.809140e-09 2.707547e-01 3.597733e-02 4.063752e-02 3.730923e-05 2.706436e-01 3.596002e-02 4.091308e-02 3.660247e-05 3.347800e-05 3.196404e-05 3.189134e-05 6.955651e-01 
500 90000 9.671647e-05 4.134021e-04 1.301989e-08 2.721382e-01 4.633063e-02 5.135213e-02 3.829030e-05 2.716572e-01 4.643290e-02 5.130890e-02 3.756250e-05 3.533778e-05 3.449813e-05 3.372036e-05 7.399120e-01 
550 400 9.558327e-05 3.375695e-04 1.020962e-08 3.188199e-01 1.355643e-03 1.375827e-03 3.529341e-05 3.194792e-01 1.365128e-03 1.363263e-03 3.471766e-05 3.058148e-05 2.913872e-05 2.924909e-05 6.443526e-01 
550 1600 9.649793e-05 4.073663e-04 8.610077e-09 3.200575e-01 1.842335e-03 1.847034e-03 3.587308e-05 3.193819e-01 1.858127e-03 1.870340e-03 3.538686e-05 3.123926e-05 2.979731e-05 2.985379e-05 6.475249e-01 
550 3600 9.724566e-05 3.993274e-04 1.392094e-08 3.187390e-01 2.556475e-03 2.530958e-03 3.567249e-05 3.197242e-01 2.518492e-03 2.534802e-03 3.492727e-05 3.081022e-05 2.930608e-05 2.943657e-05 6.492623e-01 
550 6400 9.632708e-05 3.994829e-04 1.190929e-08 3.194308e-01 3.535154e-03 3.590091e-03 3.563583e-05 3.189155e-01 3.538594e-03 3.572000e-03 3.498495e-05 3.090586e-05 2.951098e-05 3.018098e-05 6.532407e-01 
550 10000 9.594932e-05 4.002355e-04 1.291046e-08 3.193079e-01 4.951452e-03 5.048891e-03 3.561209e-05 3.191822e-01 4.883732e-03 4.928760e-03 3.483103e-05 3.088183e-05 2.953401e-05 2.955504e-05 6.589611e-01 
550 14400 9.665207e-05 3.985578e-04 9.520445e-09 3.188639e-01 6.687057e-03 6.772414e-03 3.637183e-05 3.189745e-01 6.686105e-03 6.773171e-03 3.503903e-05 3.097817e-05 2.952881e-05 2.963377e-05 6.654157e-01 
550 19600 9.674170e-05 3.990936e-04 1.050998e-08 3.180592e-01 9.169063e-03 9.267445e-03 3.576432e-05 3.185459e-01 9.123609e-03 9.338248e-03 3.488961e-05 3.101212e-05 2.971228e-05 2.975134e-05 6.741623e-01 
550 25600 9.649984e-05 3.993296e-04 8.610077e-09 3.189121e-01 1.229877e-02 1.220162e-02 3.608490e-05 3.199637e-01 1.212713e-02 1.214515e-02 3.521210e-05 3.125539e-05 2.997837e-05 3.001764e-05 6.883092e-01 
550 32400 9.692798e-05 4.028734e-04 1.182081e-08 3.201929e-01 1.630208e-02 1.683987e-02 3.656682e-05 3.189745e-01 1.622522e-02 1.688775e-02 3.591664e-05 3.199309e-05 3.038539e-05 3.045369e-05 7.060894e-01 
550 40000 9.672377e-05 4.086574e-04 1.042150e-08 3.199161e-01 2.046984e-02 2.151126e-02 3.742490e-05 3.202717e-01 2.062963e-02 2.093712e-02 3.652356e-05 3.265638e-05 3.124838e-05 3.150456e-05 7.244126e-01 
550 48400 9.672828e-05 4.033845e-04 1.001870e-08 3.194198e-01 2.685681e-02 2.663568e-02 3.667667e-05 3.203824e-01 2.636224e-02 2.668692e-02 3.588098e-05 3.217024e-05 3.067511e-05 3.074762e-05 7.470125e-01 
550 57600 9.621468e-05 4.025523e-04 1.191162e-08 3.195014e-01 3.464269e-02 3.549328e-02 3.674588e-05 3.196313e-01 3.458209e-02 3.534484e-02 3.574928e-05 3.224716e-05 3.097195e-05 3.139157e-05 7.798639e-01 
550 67600 9.627316e-05 4.153144e-04 6.700866e-09 3.222842e-01 4.308544e-02 4.481995e-02 3.802909e-05 3.217804e-01 4.313918e-02 4.413960e-02 3.720455e-05 3.347839e-05 3.211305e-05 3.235541e-05 8.199359e-01 
550 78400 9.695268e-05 4.125633e-04 8.719508e-09 3.217769e-01 5.267481e-02 5.305814e-02 3.814818e-05 3.225145e-01 5.243498e-02 5.318793e-02 3.715790e-05 3.379558e-05 3.277315e-05 3.277947e-05 8.563342e-01 
550 90000 9.681491e-05 4.082013e-04 9.408686e-09 3.208490e-01 6.502255e-02 6.628397e-02 3.722310e-05 3.198770e-01 6.491520e-02 6.652659e-02 3.619265e-05 3.481000e-05 3.409662e-05 3.333960e-05 9.041574e-01 
600 400 9.562563e-05 3.386742e-04 1.001870e-08 3.665791e-01 1.455419e-03 1.486158e-03 3.475301e-05 3.664887e-01 1.474168e-03 1.512301e-03 3.411085e-05 3.024958e-05 2.885660e-05 2.865390e-05 7.395883e-01 
600 1600 9.604215e-05 4.050132e-04 8.218922e-09 3.668226e-01 1.989939e-03 2.009518e-03 3.580348e-05 3.674104e-01 1.987132e-03 2.006143e-03 3.516722e-05 3.111117e-05 2.966210e-05 2.986511e-05 7.428900e-01 
600 3600 9.557155e-05 3.984289e-04 9.920914e-09 3.673088e-01 2.730288e-03 2.774638e-03 3.536082e-05 3.668667e-01 2.725404e-03 2.768148e-03 3.467629e-05 3.059029e-05 2.929495e-05 2.930017e-05 7.458287e-01 
600 6400 9.598236e-05 4.048626e-04 9.818468e-09 3.672205e-01 3.843976e-03 3.859523e-03 3.609952e-05 3.665870e-01 3.852079e-03 3.890439e-03 3.569751e-05 3.130035e-05 2.999390e-05 3.003707e-05 7.499194e-01 
600 10000 9.634631e-05 3.973487e-04 8.910429e-09 3.648181e-01 5.285472e-03 5.443262e-03 3.550693e-05 3.642542e-01 5.297504e-03 5.467522e-03 3.484554e-05 3.061302e-05 2.940792e-05 2.954172e-05 7.512212e-01 
600 14400 9.620819e-05 4.059272e-04 9.920914e-09 3.646210e-01 7.232458e-03 7.318231e-03 3.638165e-05 3.654138e-01 7.245605e-03 7.347014e-03 3.575610e-05 3.168904e-05 3.024167e-05 3.024807e-05 7.598463e-01 
600 19600 9.619327e-05 4.005660e-04 7.110648e-09 3.637876e-01 9.783852e-03 9.842663e-03 3.624414e-05 3.633739e-01 9.781012e-03 9.852261e-03 3.527639e-05 3.113401e-05 2.979891e-05 2.980773e-05 7.670825e-01 
600 25600 9.560630e-05 4.065907e-04 9.520445e-09 3.648566e-01 1.310018e-02 1.336336e-02 3.748018e-05 3.642535e-01 1.320120e-02 1.324101e-02 3.643912e-05 3.206870e-05 3.079759e-05 3.102213e-05 7.826878e-01 
600 32400 9.598927e-05 4.004585e-04 9.811483e-09 3.637977e-01 1.777346e-02 1.790672e-02 3.637903e-05 3.623199e-01 1.768480e-02 1.785989e-02 3.548170e-05 3.136915e-05 3.013972e-05 3.019610e-05 7.980049e-01 
600 40000 9.643664e-05 4.074778e-04 8.109491e-09 3.652012e-01 2.214626e-02 2.246161e-02 3.780105e-05 3.647070e-01 2.219555e-02 2.248222e-02 3.705795e-05 3.266299e-05 3.126359e-05 3.134502e-05 8.198701e-01 
600 48400 9.661921e-05 4.011806e-04 7.508788e-09 3.634467e-01 2.857308e-02 2.884485e-02 3.666887e-05 3.632273e-01 2.856574e-02 2.887121e-02 3.590763e-05 3.181132e-05 3.071438e-05 3.061303e-05 8.421950e-01 
600 57600 9.620670e-05 4.023522e-04 9.411015e-09 3.628716e-01 3.724309e-02 3.779001e-02 3.684774e-05 3.631159e-01 3.729280e-02 3.765311e-02 3.592506e-05 3.234932e-05 3.094422e-05 3.108633e-05 8.766346e-01 
600 67600 9.666047e-05 4.056768e-04 1.031905e-08 3.625805e-01 4.717755e-02 4.765654e-02 3.729010e-05 3.624890e-01 4.711357e-02 4.759395e-02 3.644453e-05 3.279098e-05 3.169985e-05 3.153040e-05 9.152855e-01 
600 78400 9.674510e-05 4.127249e-04 1.091044e-08 3.646309e-01 5.679612e-02 5.751398e-02 3.847296e-05 3.637555e-01 5.687221e-02 5.749557e-02 3.773597e-05 3.414380e-05 3.287601e-05 3.273459e-05 9.577521e-01 
600 90000 9.702532e-05 4.147998e-04 1.111068e-08 3.635256e-01 7.078384e-02 7.211117e-02 3.843351e-05 3.631094e-01 7.093473e-02 7.191953e-02 3.758324e-05 3.548641e-05 3.458085e-05 3.437765e-05 1.013079e+00 
650 400 9.648130e-05 3.376811e-04 8.919742e-09 4.139487e-01 1.638234e-03 2.296456e-03 3.548289e-05 4.130933e-01 1.637378e-03 2.278100e-03 3.510213e-05 3.080411e-05 2.925479e-05 2.938439e-05 8.354881e-01 
650 1600 9.604366e-05 4.028868e-04 1.031905e-08 4.111193e-01 2.145553e-03 2.684820e-03 3.556401e-05 4.114001e-01 2.120569e-03 2.682555e-03 3.508881e-05 3.073200e-05 2.940292e-05 2.932099e-05 8.328135e-01 
650 3600 9.671917e-05 3.997746e-04 1.002103e-08 4.119271e-01 2.744002e-03 3.254341e-03 3.530594e-05 4.112074e-01 2.736444e-03 3.257172e-03 3.488271e-05 3.082665e-05 2.949216e-05 2.946210e-05 8.357845e-01 
650 6400 9.694921e-05 4.000021e-04 1.152046e-08 4.113974e-01 3.728979e-03 4.080238e-03 3.544544e-05 4.116733e-01 3.724858e-03 4.098553e-03 3.509692e-05 3.096024e-05 2.953541e-05 2.965850e-05 8.393629e-01 
650 10000 9.645568e-05 4.061760e-04 9.918585e-09 4.131886e-01 5.047078e-03 5.160690e-03 3.610533e-05 4.131643e-01 5.035900e-03 5.174785e-03 3.542652e-05 3.144547e-05 3.029114e-05 3.025919e-05 8.474391e-01 
650 14400 9.676564e-05 4.085569e-04 8.610077e-09 4.135793e-01 6.782910e-03 6.458570e-03 3.636492e-05 4.125416e-01 6.759158e-03 6.452346e-03 3.577103e-05 3.177305e-05 3.028814e-05 3.048342e-05 8.532456e-01 
650 19600 9.555493e-05 3.994986e-04 1.291977e-08 4.116485e-01 9.074786e-03 8.051989e-03 3.572596e-05 4.112708e-01 9.119403e-03 8.056936e-03 3.531104e-05 3.098479e-05 2.980782e-05 2.999170e-05 8.578807e-01 
650 25600 9.684416e-05 4.026115e-04 1.091976e-08 4.109186e-01 1.187926e-02 1.022862e-02 3.659536e-05 4.113068e-01 1.181470e-02 1.024545e-02 3.583873e-05 3.181111e-05 3.027503e-05 3.032129e-05 8.670595e-01 
650 32400 9.712177e-05 4.082192e-04 8.011702e-09 4.126603e-01 1.603538e-02 1.459909e-02 3.694429e-05 4.125783e-01 1.601613e-02 1.468569e-02 3.615830e-05 3.215613e-05 3.089014e-05 3.104848e-05 8.872497e-01 
650 40000 9.661211e-05 4.016029e-04 7.611234e-09 4.117701e-01 1.954950e-02 1.748422e-02 3.636441e-05 4.109532e-01 1.952738e-02 1.749021e-02 3.551215e-05 3.164417e-05 3.044547e-05 3.051038e-05 8.974395e-01 
650 48400 9.680229e-05 4.033508e-04 9.920914e-09 4.110228e-01 2.526756e-02 2.237482e-02 3.670743e-05 4.110486e-01 2.521964e-02 2.231481e-02 3.591455e-05 3.206579e-05 3.067442e-05 3.077176e-05 9.179168e-01 
650 57600 9.596003e-05 4.087134e-04 8.209608e-09 4.125769e-01 3.352790e-02 3.015894e-02 3.770953e-05 4.129969e-01 3.354780e-02 3.003049e-02 3.689400e-05 3.331977e-05 3.194612e-05 3.195653e-05 9.535179e-01 
650 67600 9.587200e-05 4.092321e-04 1.141103e-08 4.122447e-01 4.280665e-02 3.868474e-02 3.789981e-05 4.137820e-01 4.283300e-02 3.869449e-02 3.713667e-05 3.346980e-05 3.225058e-05 3.229003e-05 9.897262e-01 
650 78400 9.650975e-05 4.116926e-04 9.310897e-09 4.125100e-01 5.204828e-02 4.721534e-02 3.807627e-05 4.134396e-01 5.214427e-02 4.732617e-02 3.743441e-05 3.390023e-05 3.276633e-05 3.277005e-05 1.025369e+00 
650 90000 9.555461e-05 4.067999e-04 1.210952e-08 4.125418e-01 6.581567e-02 6.098053e-02 3.725464e-05 4.116470e-01 6.583194e-02 6.098066e-02 3.646155e-05 3.464925e-05 3.388851e-05 3.361100e-05 1.078478e+00 
700 400 9.530574e-05 3.351619e-04 7.417984e-09 4.649768e-01 1.799828e-03 2.487450e-03 3.487499e-05 4.642016e-01 1.801855e-03 2.486859e-03 3.436342e-05 3.014062e-05 2.880732e-05 2.886391e-05 9.383437e-01 
700 1600 9.488741e-05 3.999646e-04 9.217765e-09 4.646078e-01 2.284724e-03 2.903889e-03 3.518264e-05 4.631372e-01 2.286055e-03 2.900846e-03 3.444184e-05 3.056776e-05 2.928423e-05 2.911509e-05 9.387758e-01 
700 3600 9.593348e-05 4.039728e-04 8.807983e-09 4.664102e-01 2.961915e-03 3.549205e-03 3.600728e-05 4.663590e-01 2.952332e-03 3.539596e-03 3.529180e-05 3.125908e-05 2.986501e-05 2.995013e-05 9.464362e-01 
700 6400 9.581179e-05 3.985428e-04 1.020962e-08 4.648419e-01 4.019980e-03 4.451982e-03 3.548070e-05 4.647069e-01 4.036080e-03 4.431952e-03 3.545945e-05 3.088903e-05 2.956745e-05 2.952580e-05 9.471456e-01 
700 10000 9.625744e-05 4.007876e-04 9.010546e-09 4.654151e-01 5.418768e-03 5.587747e-03 3.575930e-05 4.657455e-01 5.444312e-03 5.571386e-03 3.498474e-05 3.082603e-05 2.954432e-05 2.953961e-05 9.538423e-01 
700 14400 9.570172e-05 3.993463e-04 9.508803e-09 4.663918e-01 7.308167e-03 7.003772e-03 3.570892e-05 4.659401e-01 7.299447e-03 7.048070e-03 3.516061e-05 3.077456e-05 2.966440e-05 2.956895e-05 9.616488e-01 
700 19600 9.597582e-05 3.999531e-04 8.610077e-09 4.664314e-01 9.794943e-03 8.743922e-03 3.599145e-05 4.653590e-01 9.781126e-03 8.756069e-03 3.535010e-05 3.102734e-05 2.984567e-05 2.994062e-05 9.695264e-01 
700 25600 9.577645e-05 3.997417e-04 8.710194e-09 4.670174e-01 1.280850e-02 1.112520e-02 3.658264e-05 4.657706e-01 1.282051e-02 1.112421e-02 3.568790e-05 3.154712e-05 3.014242e-05 3.013811e-05 9.813281e-01 
700 32400 9.541771e-05 4.004135e-04 1.062173e-08 4.652216e-01 1.738924e-02 1.589086e-02 3.650071e-05 4.669884e-01 1.737644e-02 1.588408e-02 3.554559e-05 3.149093e-05 3.029425e-05 3.023877e-05 9.994127e-01 
700 40000 9.631886e-05 4.014014e-04 6.610062e-09 4.660164e-01 2.116272e-02 1.912970e-02 3.675269e-05 4.658090e-01 2.114902e-02 1.918367e-02 3.576162e-05 3.183435e-05 3.052480e-05 3.052969e-05 1.013116e+00 
700 48400 9.632768e-05 4.075650e-04 9.119976e-09 4.669915e-01 2.723089e-02 2.425393e-02 3.802239e-05 4.678125e-01 2.714891e-02 2.435893e-02 3.699315e-05 3.270845e-05 3.158137e-05 3.133260e-05 1.038474e+00 
700 57600 9.606429e-05 4.074523e-04 1.040986e-08 4.661641e-01 3.619445e-02 3.278220e-02 3.781538e-05 4.669886e-01 3.628160e-02 3.323125e-02 3.703902e-05 3.315673e-05 3.190406e-05 3.179850e-05 1.072320e+00 
700 67600 9.618557e-05 4.038805e-04 1.150882e-08 4.657128e-01 4.613960e-02 4.198258e-02 3.763521e-05 4.657360e-01 4.613706e-02 4.205351e-02 3.671754e-05 3.292367e-05 3.182593e-05 3.163495e-05 1.108435e+00 
700 78400 9.600960e-05 4.057117e-04 1.222128e-08 4.646164e-01 5.626195e-02 5.121993e-02 3.743732e-05 4.654330e-01 5.628493e-02 5.183486e-02 3.660257e-05 3.316434e-05 3.201552e-05 3.191107e-05 1.146326e+00 
700 90000 9.655922e-05 4.125851e-04 1.261011e-08 4.662629e-01 7.107402e-02 6.622840e-02 3.838323e-05 4.660981e-01 7.100715e-02 6.601269e-02 3.753927e-05 3.538375e-05 3.454991e-05 3.360549e-05 1.207375e+00 
750 400 9.576263e-05 3.359181e-04 5.299225e-09 5.266829e-01 2.000833e-03 1.950822e-03 3.497774e-05 5.263219e-01 1.960511e-03 1.948048e-03 3.459918e-05 3.015504e-05 2.897448e-05 2.895235e-05 1.061456e+00 
750 1600 9.578567e-05 4.018238e-04 9.210780e-09 5.270820e-01 2.527552e-03 2.540159e-03 3.534999e-05 5.272672e-01 2.536012e-03 2.493254e-03 3.481209e-05 3.065959e-05 2.947773e-05 2.940142e-05 1.065105e+00 
750 3600 9.699026e-05 4.066601e-04 8.009374e-09 5.276316e-01 3.431854e-03 3.433975e-03 3.603483e-05 5.274577e-01 3.432131e-03 3.431735e-03 3.534480e-05 3.132609e-05 2.993942e-05 2.985870e-05 1.069487e+00 
750 6400 9.737636e-05 3.999806e-04 9.811483e-09 5.261462e-01 4.799911e-03 4.859898e-03 3.538375e-05 5.260159e-01 4.820859e-03 4.828178e-03 3.475741e-05 3.081412e-05 2.934883e-05 2.933231e-05 1.072129e+00 
750 10000 9.665827e-05 4.078570e-04 9.709038e-09 5.289478e-01 6.650526e-03 6.699492e-03 3.617243e-05 5.292221e-01 6.659968e-03 6.738326e-03 3.572565e-05 3.176013e-05 3.037507e-05 3.035524e-05 1.085589e+00 
750 14400 9.687629e-05 4.070364e-04 8.619390e-09 5.288295e-01 9.067904e-03 9.146989e-03 3.645755e-05 5.283651e-01 9.086962e-03 9.159087e-03 3.544413e-05 3.145669e-05 3.024017e-05 3.015945e-05 1.094325e+00 
750 19600 9.649182e-05 3.994311e-04 8.610077e-09 5.257643e-01 1.223879e-02 1.235595e-02 3.575560e-05 5.254464e-01 1.222173e-02 1.235709e-02 3.509762e-05 3.092939e-05 2.979320e-05 2.971468e-05 1.101043e+00 
750 25600 9.628200e-05 4.013101e-04 9.210780e-09 5.266721e-01 1.634710e-02 1.654450e-02 3.620558e-05 5.263419e-01 1.639000e-02 1.660648e-02 3.556672e-05 3.147441e-05 3.028082e-05 3.014263e-05 1.119566e+00 
750 32400 9.631475e-05 4.069091e-04 1.271954e-08 5.277510e-01 2.216083e-02 2.256802e-02 3.717482e-05 5.284281e-01 2.221037e-02 2.252327e-02 3.649431e-05 3.221031e-05 3.124326e-05 3.104527e-05 1.146315e+00 
750 40000 9.629242e-05 4.068684e-04 8.419156e-09 5.276199e-01 2.792235e-02 2.832013e-02 3.742259e-05 5.281156e-01 2.792616e-02 2.848519e-02 3.673918e-05 3.251076e-05 3.144667e-05 3.131147e-05 1.169064e+00 
750 48400 9.711165e-05 4.033495e-04 9.110663e-09 5.271360e-01 3.580321e-02 3.668446e-02 3.669481e-05 5.261401e-01 3.579826e-02 3.647685e-02 3.584594e-05 3.199539e-05 3.085940e-05 3.084457e-05 1.198708e+00 
750 57600 9.587370e-05 4.010144e-04 6.908085e-09 5.252211e-01 4.674345e-02 4.727434e-02 3.660758e-05 5.274759e-01 4.669038e-02 4.734636e-02 3.571874e-05 3.222563e-05 3.091939e-05 3.096164e-05 1.241417e+00 
750 67600 9.603914e-05 4.043094e-04 9.709038e-09 5.277568e-01 5.888567e-02 5.936023e-02 3.721038e-05 5.280105e-01 5.884269e-02 5.942846e-02 3.642040e-05 3.276353e-05 3.163084e-05 3.177225e-05 1.292957e+00 
750 78400 9.679568e-05 4.187436e-04 1.152046e-08 5.290685e-01 7.136076e-02 7.195057e-02 3.806396e-05 5.294557e-01 7.132303e-02 7.191673e-02 3.746516e-05 3.414159e-05 3.286348e-05 3.277185e-05 1.345769e+00 
750 90000 9.578907e-05 4.062493e-04 1.040986e-08 5.288270e-01 8.875371e-02 8.942779e-02 3.720777e-05 5.294359e-01 8.877680e-02 8.970252e-02 3.640518e-05 3.434280e-05 3.416793e-05 3.301020e-05 1.415604e+00 
800 400 9.655982e-05 3.377661e-04 8.021016e-09 5.975173e-01 2.129675e-03 2.121605e-03 3.490604e-05 5.957866e-01 2.115204e-03 2.106146e-03 3.461159e-05 3.016415e-05 2.902195e-05 2.887904e-05 1.202370e+00 
800 1600 9.558276e-05 4.069339e-04 1.020962e-08 5.985775e-01 2.670425e-03 2.701782e-03 3.634860e-05 5.985493e-01 2.677509e-03 2.701836e-03 3.530052e-05 3.113110e-05 2.992910e-05 2.974422e-05 1.208545e+00 
800 3600 9.628881e-05 4.043648e-04 1.041917e-08 5.979100e-01 3.652808e-03 3.677178e-03 3.600969e-05 5.996326e-01 3.647385e-03 3.676073e-03 3.511895e-05 3.130936e-05 2.986741e-05 2.979500e-05 1.212861e+00 
800 6400 9.656243e-05 4.028275e-04 1.191860e-08 5.969200e-01 5.196048e-03 5.161396e-03 3.592676e-05 5.956143e-01 5.182616e-03 5.169209e-03 3.526807e-05 3.161442e-05 3.018138e-05 3.026480e-05 1.213908e+00 
800 10000 9.656543e-05 4.002681e-04 5.608890e-09 5.917142e-01 7.142793e-03 7.177669e-03 3.563943e-05 5.917263e-01 7.143070e-03 7.182011e-03 3.478065e-05 3.089184e-05 2.960703e-05 2.949165e-05 1.212745e+00 
800 14400 9.682952e-05 4.048661e-04 8.810312e-09 5.937132e-01 9.775610e-03 9.727256e-03 3.628099e-05 5.937512e-01 9.687874e-03 9.733144e-03 3.566707e-05 3.162834e-05 3.031478e-05 3.028113e-05 1.227056e+00 
800 19600 9.622252e-05 4.058172e-04 9.720679e-09 5.947245e-01 1.317713e-02 1.311053e-02 3.667077e-05 5.949910e-01 1.322099e-02 1.314790e-02 3.581099e-05 3.172758e-05 3.036535e-05 3.036836e-05 1.243041e+00 
800 25600 9.652877e-05 4.076266e-04 1.061009e-08 5.924178e-01 1.784074e-02 1.756515e-02 3.713697e-05 5.934767e-01 1.774910e-02 1.758764e-02 3.626116e-05 3.217055e-05 3.095113e-05 3.085629e-05 1.257311e+00 
800 32400 9.679127e-05 4.019923e-04 7.310882e-09 5.951807e-01 2.361901e-02 2.374540e-02 3.648699e-05 5.939929e-01 2.376870e-02 2.375756e-02 3.569641e-05 3.163405e-05 3.043296e-05 3.029254e-05 1.284730e+00 
800 40000 9.673799e-05 4.027694e-04 8.710194e-09 5.909106e-01 2.989054e-02 2.992270e-02 3.664593e-05 5.913884e-01 2.994485e-02 2.988944e-02 3.577233e-05 3.172769e-05 3.052209e-05 3.062825e-05 1.302614e+00 
800 48400 9.817022e-05 4.032363e-04 9.909272e-09 5.899911e-01 3.835617e-02 3.874798e-02 3.676291e-05 5.909212e-01 3.873138e-02 3.852225e-02 3.596922e-05 3.197486e-05 3.077677e-05 3.068954e-05 1.335940e+00 
800 57600 9.662331e-05 4.099466e-04 1.061009e-08 5.918582e-01 5.013707e-02 5.029385e-02 3.747777e-05 5.915347e-01 4.999472e-02 5.047908e-02 3.667958e-05 3.299828e-05 3.190986e-05 3.174912e-05 1.384977e+00 
800 67600 9.551045e-05 4.032777e-04 8.710194e-09 5.906852e-01 6.292739e-02 6.311623e-02 3.720547e-05 5.901203e-01 6.304022e-02 6.317915e-02 3.645435e-05 3.286669e-05 3.158087e-05 3.140951e-05 1.433739e+00 
800 78400 9.683353e-05 4.078281e-04 1.061941e-08 5.898046e-01 7.648538e-02 7.656593e-02 3.754517e-05 5.901843e-01 7.657964e-02 7.645416e-02 3.631814e-05 3.324255e-05 3.205658e-05 3.196384e-05 1.486752e+00 
800 90000 9.570995e-05 4.115467e-04 9.210780e-09 5.907783e-01 9.507659e-02 9.550373e-02 3.824913e-05 5.923701e-01 9.510712e-02 9.526463e-02 3.729881e-05 3.527509e-05 3.457625e-05 3.384435e-05 1.564789e+00 
850 400 9.571726e-05 3.384310e-04 8.319039e-09 6.538152e-01 2.388207e-03 2.225670e-03 3.534769e-05 6.537193e-01 2.387723e-03 2.234680e-03 3.471445e-05 3.051498e-05 2.920902e-05 2.922024e-05 1.317366e+00 
850 1600 9.533249e-05 4.063819e-04 9.119976e-09 6.530082e-01 2.910707e-03 2.818135e-03 3.563562e-05 6.530567e-01 2.906361e-03 2.803259e-03 3.517644e-05 3.098808e-05 2.975264e-05 2.967482e-05 1.318168e+00 
850 3600 9.622652e-05 4.025490e-04 1.101987e-08 6.525921e-01 3.667232e-03 3.590476e-03 3.598886e-05 6.529801e-01 3.684961e-03 3.618708e-03 3.527258e-05 3.127220e-05 2.989345e-05 3.004037e-05 1.320797e+00 
850 6400 9.603715e-05 4.055180e-04 6.810296e-09 6.535231e-01 4.961785e-03 4.913661e-03 3.663893e-05 6.539095e-01 4.916797e-03 4.884390e-03 3.576843e-05 3.146619e-05 3.034572e-05 3.016265e-05 1.327777e+00 
850 10000 9.649563e-05 4.002467e-04 9.411015e-09 6.520682e-01 6.504065e-03 6.618215e-03 3.567358e-05 6.523035e-01 6.483427e-03 6.624344e-03 3.508631e-05 3.090216e-05 2.962054e-05 2.951158e-05 1.331261e+00 
850 14400 9.600839e-05 3.972715e-04 1.142034e-08 6.513414e-01 8.504589e-03 8.918329e-03 3.555169e-05 6.519980e-01 8.529987e-03 8.902677e-03 3.518545e-05 3.091437e-05 2.958979e-05 2.954302e-05 1.338851e+00 
850 19600 9.719246e-05 4.016065e-04 1.031905e-08 6.520351e-01 1.141086e-02 1.199516e-02 3.619315e-05 6.519899e-01 1.152437e-02 1.198186e-02 3.520147e-05 3.097416e-05 2.972550e-05 2.969775e-05 1.351600e+00 
850 25600 9.635241e-05 4.022980e-04 1.281966e-08 6.531277e-01 1.494421e-02 1.562070e-02 3.647177e-05 6.526511e-01 1.491088e-02 1.565610e-02 3.543472e-05 3.137486e-05 2.989004e-05 2.997197e-05 1.367574e+00 
850 32400 9.707339e-05 4.009216e-04 1.061009e-08 6.546459e-01 2.072679e-02 2.117858e-02 3.656311e-05 6.543043e-01 2.078894e-02 2.117039e-02 3.576922e-05 3.164156e-05 3.038478e-05 3.027923e-05 1.393480e+00 
850 40000 9.669302e-05 4.020486e-04 8.509960e-09 6.514004e-01 2.499400e-02 2.571134e-02 3.681819e-05 6.532061e-01 2.495650e-02 2.572900e-02 3.580648e-05 3.161371e-05 3.053150e-05 3.041552e-05 1.406663e+00 
850 48400 9.718575e-05 4.017400e-04 9.820797e-09 6.505871e-01 3.196571e-02 3.321000e-02 3.684263e-05 6.512568e-01 3.201171e-02 3.319973e-02 3.606576e-05 3.188182e-05 3.066170e-05 3.057196e-05 1.432898e+00 
850 57600 9.770243e-05 4.100779e-04 1.192093e-08 6.548203e-01 4.275321e-02 4.425280e-02 3.785984e-05 6.538978e-01 4.262681e-02 4.427263e-02 3.701819e-05 3.322121e-05 3.184646e-05 3.219819e-05 1.483306e+00 
850 67600 9.730874e-05 4.128219e-04 8.607749e-09 6.528287e-01 5.432502e-02 5.640027e-02 3.822098e-05 6.537198e-01 5.430978e-02 5.636492e-02 3.755459e-05 3.341831e-05 3.244196e-05 3.217625e-05 1.528635e+00 
850 78400 9.757664e-05 4.154239e-04 1.352979e-08 6.545596e-01 6.629406e-02 6.874708e-02 3.839664e-05 6.538786e-01 6.628613e-02 6.881219e-02 3.733897e-05 3.393788e-05 3.254651e-05 3.239188e-05 1.579268e+00 
850 90000 9.727919e-05 4.161245e-04 1.332024e-08 6.526803e-01 8.418934e-02 8.704651e-02 3.841778e-05 6.537948e-01 8.440894e-02 8.685681e-02 3.739175e-05 3.521930e-05 3.445896e-05 3.410414e-05 1.649672e+00 
900 400 9.714879e-05 3.366858e-04 8.509960e-09 7.266697e-01 2.529923e-03 2.349239e-03 3.594439e-05 7.261748e-01 2.523648e-03 2.364781e-03 3.512035e-05 3.075303e-05 2.937207e-05 2.932961e-05 1.463208e+00 
900 1600 9.676482e-05 4.030119e-04 6.710179e-09 7.249682e-01 3.069917e-03 3.004536e-03 3.537554e-05 7.241041e-01 3.081431e-03 3.004762e-03 3.500678e-05 3.072489e-05 2.943026e-05 2.933801e-05 1.461894e+00 
900 3600 9.777263e-05 3.999466e-04 9.711366e-09 7.242155e-01 3.927480e-03 3.823831e-03 3.530062e-05 7.221830e-01 3.939470e-03 3.830539e-03 3.518674e-05 3.073870e-05 2.942093e-05 2.940371e-05 1.462579e+00 
900 6400 9.770839e-05 4.007904e-04 8.619390e-09 7.247482e-01 5.293052e-03 5.204582e-03 3.563611e-05 7.246405e-01 5.310038e-03 5.224837e-03 3.520967e-05 3.102702e-05 2.967321e-05 2.963365e-05 1.471082e+00 
900 10000 9.793472e-05 4.015323e-04 1.001870e-08 7.243885e-01 6.904972e-03 7.052600e-03 3.579857e-05 7.234869e-01 6.964175e-03 7.093696e-03 3.516061e-05 3.095873e-05 2.976005e-05 2.963456e-05 1.476553e+00 
900 14400 9.663513e-05 4.075917e-04 8.109491e-09 7.255832e-01 8.977088e-03 9.568236e-03 3.637032e-05 7.260952e-01 9.037372e-03 9.463814e-03 3.585836e-05 3.184606e-05 3.039149e-05 3.039890e-05 1.489396e+00 
900 19600 9.740999e-05 4.061431e-04 9.608921e-09 7.254902e-01 1.214417e-02 1.269635e-02 3.670562e-05 7.248348e-01 1.211510e-02 1.288747e-02 3.588340e-05 3.172208e-05 3.054622e-05 3.047471e-05 1.500839e+00 
900 25600 9.634500e-05 4.076775e-04 9.411015e-09 7.257555e-01 1.572802e-02 1.662080e-02 3.685274e-05 7.247934e-01 1.577649e-02 1.657593e-02 3.616391e-05 3.200871e-05 3.074232e-05 3.062905e-05 1.515923e+00 
900 32400 9.579318e-05 4.044525e-04 8.910429e-09 7.252066e-01 2.189630e-02 2.252887e-02 3.700136e-05 7.261139e-01 2.189796e-02 2.250343e-02 3.617313e-05 3.198046e-05 3.083194e-05 3.085669e-05 1.540816e+00 
900 40000 9.589021e-05 3.997528e-04 9.618234e-09 7.223922e-01 2.658719e-02 2.753941e-02 3.643071e-05 7.233810e-01 2.655125e-02 2.744369e-02 3.538395e-05 3.167531e-05 3.023896e-05 3.026080e-05 1.554557e+00 
900 48400 9.653939e-05 4.000766e-04 8.209608e-09 7.236770e-01 3.388239e-02 3.552929e-02 3.650732e-05 7.244912e-01 3.413516e-02 3.541389e-02 3.586196e-05 3.190726e-05 3.078107e-05 3.069784e-05 1.587794e+00 
900 57600 9.549292e-05 4.024902e-04 9.110663e-09 7.256702e-01 4.535768e-02 4.713605e-02 3.676451e-05 7.264763e-01 4.511532e-02 4.698452e-02 3.570263e-05 3.225447e-05 3.094732e-05 3.103235e-05 1.637407e+00 
900 67600 9.607500e-05 4.094992e-04 9.119976e-09 7.285208e-01 5.769702e-02 6.013654e-02 3.788088e-05 7.288851e-01 5.755563e-02 6.014726e-02 3.691674e-05 3.317084e-05 3.195132e-05 3.203935e-05 1.693622e+00 
900 78400 9.680089e-05 4.128559e-04 7.809140e-09 7.275221e-01 7.042602e-02 7.365971e-02 3.794998e-05 7.281486e-01 7.050308e-02 7.319289e-02 3.744573e-05 3.391335e-05 3.271386e-05 3.259118e-05 1.744139e+00 
900 90000 9.713257e-05 4.096685e-04 9.119976e-09 7.251205e-01 8.954937e-02 9.284907e-02 3.760787e-05 7.265828e-01 8.970514e-02 9.287491e-02 3.661179e-05 3.414510e-05 3.374500e-05 3.331246e-05 1.817366e+00 
950 400 9.529173e-05 3.382799e-04 1.001870e-08 8.145550e-01 2.506478e-03 2.524404e-03 3.529031e-05 8.147964e-01 2.510958e-03 2.518502e-03 3.473338e-05 3.063996e-05 2.902706e-05 2.913241e-05 1.640006e+00 
950 1600 9.534240e-05 3.981618e-04 1.022127e-08 8.118725e-01 3.261381e-03 3.192985e-03 3.536332e-05 8.117036e-01 3.240256e-03 3.212315e-03 3.501430e-05 3.062754e-05 2.926391e-05 2.927673e-05 1.637138e+00 
950 3600 9.603984e-05 3.968783e-04 9.820797e-09 8.097151e-01 4.340945e-03 4.413380e-03 3.529131e-05 8.101564e-01 4.368245e-03 4.403696e-03 3.461409e-05 3.082554e-05 2.930437e-05 2.940822e-05 1.638052e+00 
950 6400 9.692977e-05 3.969597e-04 9.620562e-09 8.105273e-01 6.103249e-03 6.191122e-03 3.543081e-05 8.102467e-01 6.093846e-03 6.183923e-03 3.477955e-05 3.098137e-05 2.950147e-05 2.953241e-05 1.646002e+00 
950 10000 9.676182e-05 4.074420e-04 9.019859e-09 8.136158e-01 8.449619e-03 8.521398e-03 3.637152e-05 8.125298e-01 8.443409e-03 8.477189e-03 3.580148e-05 3.158697e-05 3.036345e-05 3.043295e-05 1.660708e+00 
950 14400 9.694199e-05 3.983080e-04 9.608921e-09 8.093111e-01 1.150618e-02 1.166982e-02 3.587488e-05 8.089657e-01 1.147912e-02 1.167119e-02 3.503363e-05 3.091017e-05 2.963456e-05 2.957377e-05 1.665262e+00 
950 19600 9.702110e-05 4.001735e-04 9.811483e-09 8.093111e-01 1.552083e-02 1.581044e-02 3.604143e-05 8.100844e-01 1.551903e-02 1.568571e-02 3.512065e-05 3.113881e-05 2.966840e-05 2.978930e-05 1.682593e+00 
950 25600 9.618686e-05 4.054199e-04 7.709023e-09 8.110888e-01 2.087274e-02 2.101636e-02 3.710692e-05 8.112889e-01 2.090297e-02 2.115346e-02 3.609831e-05 3.215833e-05 3.069975e-05 3.574349e-05 1.706999e+00 
950 32400 9.687049e-05 4.061789e-04 1.121778e-08 8.111355e-01 2.822838e-02 2.827170e-02 3.714368e-05 8.123038e-01 2.810198e-02 2.823795e-02 3.647918e-05 3.224957e-05 3.102524e-05 3.093520e-05 1.736952e+00 
950 40000 9.685505e-05 4.000371e-04 1.031905e-08 8.089858e-01 3.561792e-02 3.573015e-02 3.665514e-05 8.096397e-01 3.558122e-02 3.579981e-02 3.584083e-05 3.178597e-05 3.040551e-05 3.048383e-05 1.762019e+00 
950 48400 9.681218e-05 4.075286e-04 7.809140e-09 8.113534e-01 4.543313e-02 4.601957e-02 3.750401e-05 8.118256e-01 4.541379e-02 4.646117e-02 3.677161e-05 3.280198e-05 3.164556e-05 3.159528e-05 1.807184e+00 
950 57600 9.651514e-05 4.091135e-04 1.101056e-08 8.113007e-01 5.930795e-02 6.020984e-02 3.749871e-05 8.120787e-01 5.939316e-02 6.031408e-02 3.642470e-05 3.285257e-05 3.158537e-05 3.160770e-05 1.863282e+00 
950 67600 9.682490e-05 4.064040e-04 1.091044e-08 8.088450e-01 7.469951e-02 7.610081e-02 3.702149e-05 8.120291e-01 7.467284e-02 7.577275e-02 3.603813e-05 3.267941e-05 3.122413e-05 3.133140e-05 1.922793e+00 
950 78400 9.734068e-05 4.136629e-04 1.141103e-08 8.139419e-01 9.043987e-02 9.111918e-02 3.839324e-05 8.134020e-01 9.067461e-02 9.152619e-02 3.728008e-05 3.401451e-05 3.268231e-05 3.256834e-05 1.991792e+00 
950 90000 9.640837e-05 4.135654e-04 8.509960e-09 8.147100e-01 1.127028e-01 1.138887e-01 3.807396e-05 8.154865e-01 1.127047e-01 1.139330e-01 3.753576e-05 3.539426e-05 3.492155e-05 3.380469e-05 2.084118e+00 
1000 400 9.612536e-05 3.406910e-04 7.811468e-09 8.957620e-01 2.657895e-03 2.646850e-03 3.515360e-05 8.976707e-01 2.693335e-03 2.618856e-03 3.482801e-05 3.030305e-05 2.886260e-05 2.879650e-05 1.804646e+00 
1000 1600 9.575139e-05 4.073762e-04 6.610062e-09 9.010699e-01 3.379317e-03 3.390154e-03 3.583051e-05 8.991987e-01 3.358804e-03 3.354307e-03 3.536151e-05 3.124516e-05 2.984748e-05 2.975604e-05 1.814418e+00 
1000 3600 9.702450e-05 3.993989e-04 8.819625e-09 8.974871e-01 4.563699e-03 4.599901e-03 3.535761e-05 8.960220e-01 4.584280e-03 4.605754e-03 3.487479e-05 3.081372e-05 2.948364e-05 2.940412e-05 1.812521e+00 
1000 6400 9.671294e-05 4.002408e-04 1.010951e-08 8.971737e-01 6.490066e-03 6.480155e-03 3.546407e-05 8.981061e-01 6.435885e-03 6.458980e-03 3.491404e-05 3.087041e-05 2.953180e-05 2.963135e-05 1.821804e+00 
1000 10000 9.847207e-05 3.992931e-04 9.711366e-09 8.955097e-01 8.895944e-03 8.997835e-03 3.552926e-05 8.924601e-01 8.888618e-03 8.962977e-03 3.518915e-05 3.080180e-05 2.965609e-05 2.973370e-05 1.824375e+00 
1000 14400 9.619325e-05 3.986322e-04 9.420328e-09 8.933510e-01 1.212718e-02 1.225243e-02 3.580577e-05 8.934531e-01 1.213403e-02 1.223356e-02 3.532836e-05 3.133970e-05 2.976044e-05 2.960320e-05 1.836210e+00 
1000 19600 9.757281e-05 3.992538e-04 7.410999e-09 8.903184e-01 1.625948e-02 1.644218e-02 3.601979e-05 8.906219e-01 1.630470e-02 1.642923e-02 3.525325e-05 3.111678e-05 2.984047e-05 2.986811e-05 1.847037e+00 
1000 25600 9.659485e-05 3.997597e-04 7.210765e-09 8.921689e-01 2.182915e-02 2.201467e-02 3.637432e-05 8.923769e-01 2.187632e-02 2.202992e-02 3.556841e-05 3.165077e-05 3.020050e-05 3.014402e-05 1.872959e+00 
1000 32400 9.619796e-05 4.021864e-04 1.272187e-08 8.921884e-01 2.957620e-02 2.980349e-02 3.647898e-05 8.931887e-01 2.958682e-02 2.975947e-02 3.583351e-05 3.173199e-05 3.033460e-05 3.040821e-05 1.904768e+00 
1000 40000 9.707978e-05 4.073558e-04 1.122011e-08 8.943443e-01 3.713078e-02 3.753372e-02 3.747147e-05 8.942689e-01 3.724031e-02 3.770668e-02 3.670802e-05 3.256203e-05 3.133049e-05 3.116935e-05 1.938901e+00 
1000 48400 9.688229e-05 4.045295e-04 8.109491e-09 8.913898e-01 4.796170e-02 4.825468e-02 3.694438e-05 8.922317e-01 4.792666e-02 4.832069e-02 3.594759e-05 3.217355e-05 3.077917e-05 3.076796e-05 1.976755e+00 
1000 57600 9.714198e-05 4.105162e-04 8.610077e-09 8.936882e-01 6.249505e-02 6.282720e-02 3.759976e-05 8.963675e-01 6.238724e-02 6.291435e-02 3.695039e-05 3.317365e-05 3.172608e-05 3.188703e-05 2.041361e+00 
1000 67600 9.695040e-05 4.107799e-04 9.909272e-09 8.950541e-01 7.841491e-02 7.915175e-02 3.785564e-05 8.986500e-01 7.863619e-02 7.924489e-02 3.706436e-05 3.334480e-05 3.223935e-05 3.239388e-05 2.109835e+00 
1000 78400 9.623533e-05 4.113002e-04 6.509945e-09 8.944983e-01 9.513079e-02 9.586602e-02 3.819585e-05 8.959637e-01 9.527468e-02 9.597265e-02 3.756481e-05 3.413608e-05 3.266468e-05 3.258216e-05 2.173391e+00 
1000 90000 9.594059e-05 4.070099e-04 8.409843e-09 8.946156e-01 1.184036e-01 1.197695e-01 3.728408e-05 8.952400e-01 1.184710e-01 1.193850e-01 3.637683e-05 3.472717e-05 3.449382e-05 3.340949e-05 2.266566e+00 
