50 400 1.124484e-05 5.111564e-06 1.082197e-07 3.564710e-02 1.188484e-03 1.329108e-03 1.641461e-05 3.719650e-02 1.195110e-03 1.344924e-03 2.899920e-05 1.547318e-05 1.497022e-05 1.442339e-05 7.802359e-02 
50 1600 1.164759e-05 1.762239e-05 1.061708e-07 3.818640e-02 4.693893e-03 5.321589e-03 4.022196e-05 3.533726e-02 4.733649e-03 5.320710e-03 1.101866e-04 2.946001e-05 2.607103e-05 2.542604e-05 9.387399e-02 
50 3600 1.228843e-05 3.607781e-05 1.161825e-07 3.762995e-02 1.046960e-02 1.186200e-02 8.614878e-05 3.768488e-02 1.049005e-02 1.212062e-02 2.475600e-04 4.286002e-05 4.209480e-05 4.169019e-05 1.207928e-01 
50 6400 1.294520e-05 6.456259e-05 1.322012e-07 3.628971e-02 1.861697e-02 2.103372e-02 1.483036e-04 3.330347e-02 1.860024e-02 2.103175e-02 4.369250e-04 5.201981e-05 5.351203e-05 5.237218e-05 1.497206e-01 
50 10000 1.251260e-05 9.964081e-05 1.019798e-07 3.498556e-02 2.901981e-02 3.291844e-02 2.220238e-04 3.138757e-02 2.901673e-02 3.288072e-02 6.779352e-04 7.103020e-05 6.487877e-05 6.527938e-05 1.914485e-01 
50 14400 9.946804e-06 1.430418e-04 1.042150e-07 3.528649e-02 4.182627e-02 4.729755e-02 3.220612e-04 3.815465e-02 4.159096e-02 4.723527e-02 9.796642e-04 8.954578e-05 8.343882e-05 8.620480e-05 2.531331e-01 
50 19600 1.292122e-05 1.962934e-04 1.202337e-07 3.351183e-02 5.664534e-02 6.442055e-02 4.674888e-04 3.523323e-02 5.672818e-02 6.448525e-02 1.333801e-03 1.192342e-04 1.119212e-04 1.135278e-04 3.134108e-01 
50 25600 1.319558e-05 2.584644e-04 1.340173e-07 3.521442e-02 7.389959e-02 8.400166e-02 6.253226e-04 3.340990e-02 7.407953e-02 8.419659e-02 1.749649e-03 2.404734e-04 2.361790e-04 2.280408e-04 3.881841e-01 
50 32400 1.003100e-05 3.348444e-04 1.501758e-07 3.264554e-02 9.355426e-02 1.078708e-01 6.992652e-04 3.748931e-02 9.386982e-02 1.064225e-01 2.202940e-03 1.877686e-04 1.777776e-04 1.789174e-04 4.756724e-01 
50 40000 1.296340e-05 4.475388e-04 2.664048e-07 3.792431e-02 1.152182e-01 1.306577e-01 8.972730e-04 3.328155e-02 1.154745e-01 1.314670e-01 2.715589e-03 2.058518e-04 1.955824e-04 1.986928e-04 5.687286e-01 
50 48400 1.289123e-05 5.921110e-04 1.944136e-07 3.626933e-02 1.395946e-01 1.586420e-01 1.082648e-03 3.354175e-02 1.399697e-01 1.586979e-01 3.362884e-03 2.519126e-04 2.619654e-04 2.646076e-04 6.725752e-01 
50 57600 1.275297e-05 7.209314e-04 3.024004e-07 3.551291e-02 1.663241e-01 1.891461e-01 1.246429e-03 3.630034e-02 1.663342e-01 1.888902e-01 4.039325e-03 2.914174e-04 2.978952e-04 3.090278e-04 7.894596e-01 
50 67600 1.442358e-05 9.751936e-04 2.644025e-07 3.149430e-02 1.956042e-01 2.219624e-01 1.456957e-03 3.513444e-02 1.956798e-01 2.218642e-01 4.692766e-03 4.595748e-04 3.188464e-04 3.506098e-04 9.100468e-01 
50 78400 1.319381e-05 1.114273e-03 1.983717e-07 3.266210e-02 2.262836e-01 2.582848e-01 1.854682e-03 3.370216e-02 2.301356e-01 2.621062e-01 5.329257e-03 5.307252e-04 3.861952e-04 3.856564e-04 1.052817e+00 
50 90000 1.005298e-05 1.259230e-03 2.746005e-07 3.699984e-02 2.594112e-01 2.951457e-01 2.117779e-03 3.238297e-02 2.603552e-01 2.991492e-01 6.181124e-03 6.019798e-04 4.588918e-04 4.583610e-04 1.194566e+00 
100 400 1.833336e-05 5.430216e-06 1.260079e-07 1.126146e-01 2.502927e-03 2.634417e-03 1.549120e-05 1.127655e-01 2.501865e-03 2.646557e-03 2.846457e-05 1.647258e-05 1.356420e-05 1.349021e-05 2.357940e-01 
100 1600 2.186680e-05 1.915060e-05 1.002103e-07 1.145873e-01 9.921999e-03 1.053433e-02 4.069679e-05 1.136398e-01 9.909588e-03 1.053785e-02 1.109218e-04 2.681599e-05 2.615899e-05 2.656779e-05 2.694238e-01 
100 3600 1.832121e-05 3.833920e-05 1.261942e-07 1.150595e-01 2.219840e-02 2.361974e-02 8.757082e-05 1.136241e-01 2.221436e-02 2.360448e-02 2.444374e-04 4.149000e-05 4.207501e-05 4.254556e-05 3.208585e-01 
100 6400 1.827539e-05 6.532981e-05 1.179986e-07 1.149697e-01 3.950981e-02 4.196098e-02 1.462666e-04 1.179304e-01 3.962711e-02 4.223584e-02 4.355290e-04 5.662059e-05 5.199760e-05 5.279081e-05 3.970886e-01 
100 10000 2.165618e-05 9.894781e-05 1.902226e-07 1.206046e-01 6.196927e-02 6.654500e-02 2.269232e-04 1.181709e-01 6.172117e-02 6.568520e-02 6.875256e-04 6.625117e-05 6.601661e-05 6.578821e-05 4.959536e-01 
100 14400 1.831739e-05 1.384630e-04 1.442153e-07 1.147421e-01 8.888089e-02 9.432609e-02 3.205370e-04 1.148964e-01 8.924616e-02 9.447014e-02 9.823582e-04 8.496102e-05 8.548182e-05 8.540158e-05 5.983074e-01 
100 19600 1.841760e-05 1.984846e-04 1.061708e-07 1.160378e-01 1.209097e-01 1.292387e-01 4.317854e-04 1.134434e-01 1.210604e-01 1.285898e-01 1.331155e-03 1.223608e-04 1.099362e-04 1.076448e-04 7.316285e-01 
100 25600 1.844158e-05 2.602890e-04 1.542270e-07 1.145237e-01 1.580006e-01 1.685965e-01 5.638466e-04 1.178876e-01 1.579824e-01 1.690752e-01 1.754783e-03 2.345004e-04 2.065828e-04 2.048522e-04 8.893406e-01 
100 32400 2.255179e-05 3.365050e-04 1.542270e-07 1.136421e-01 2.004128e-01 2.166438e-01 7.661290e-04 1.183777e-01 2.017029e-01 2.143790e-01 2.205941e-03 1.742222e-04 1.625530e-04 1.630798e-04 1.069025e+00 
100 40000 2.082502e-05 4.410932e-04 1.542270e-07 1.135018e-01 2.474686e-01 2.634496e-01 8.662326e-04 1.151891e-01 2.469502e-01 2.637155e-01 2.727070e-03 2.239166e-04 2.112378e-04 2.136974e-04 1.255007e+00 
100 48400 1.838361e-05 5.889702e-04 2.642162e-07 1.155842e-01 2.994700e-01 3.173414e-01 1.117184e-03 1.180594e-01 2.996484e-01 3.204118e-01 3.330842e-03 2.501940e-04 2.385886e-04 2.361830e-04 1.476331e+00 
100 57600 2.125781e-05 7.838596e-04 2.503861e-07 1.949227e-01 3.545656e-01 3.772091e-01 1.330298e-03 1.128304e-01 3.545918e-01 3.773005e-01 3.987982e-03 2.958842e-04 2.728518e-04 2.723872e-04 1.778423e+00 
100 67600 2.076519e-05 9.043898e-04 2.163928e-07 1.275482e-01 4.155943e-01 4.444216e-01 1.602783e-03 1.156537e-01 4.170018e-01 4.469159e-01 4.593093e-03 4.255780e-04 3.185322e-04 3.227804e-04 1.975363e+00 
100 78400 2.065697e-05 1.124114e-03 3.166031e-07 1.130891e-01 4.833369e-01 5.148112e-01 1.734875e-03 1.133390e-01 4.840324e-01 5.154181e-01 5.387326e-03 5.205420e-04 4.178284e-04 4.176462e-04 2.233701e+00 
100 90000 2.091341e-05 1.284646e-03 2.543908e-07 1.168994e-01 6.042570e-01 6.410771e-01 1.994319e-03 1.139206e-01 6.032990e-01 6.396157e-01 6.168279e-03 6.327658e-04 4.227216e-04 4.528548e-04 2.730100e+00 
150 400 2.951222e-05 5.724560e-06 9.620562e-08 3.394937e-01 3.949361e-03 3.956331e-03 1.815916e-05 3.392752e-01 3.810984e-03 3.975209e-03 2.802182e-05 1.916056e-05 1.291139e-05 1.364043e-05 6.946065e-01 
150 1600 3.135484e-05 1.602401e-05 1.342036e-07 3.381984e-01 1.504772e-02 1.568811e-02 4.286999e-05 3.344990e-01 1.507658e-02 1.571068e-02 1.106634e-04 2.786960e-05 2.571638e-05 2.601477e-05 7.345276e-01 
150 3600 2.904539e-05 3.578938e-05 1.342036e-07 3.400306e-01 3.386037e-02 3.524220e-02 8.706800e-05 3.444901e-01 3.383305e-02 3.530330e-02 2.448820e-04 4.666159e-05 4.186262e-05 4.390962e-05 8.233175e-01 
150 6400 2.676002e-05 6.599859e-05 1.121778e-07 3.379125e-01 6.032406e-02 6.288680e-02 1.507012e-04 3.417577e-01 6.026057e-02 6.318372e-02 4.350724e-04 5.665077e-05 5.383459e-05 5.182759e-05 9.271932e-01 
150 10000 3.059362e-05 9.873160e-05 1.521781e-07 3.407928e-01 9.387816e-02 9.803153e-02 2.263084e-04 3.400730e-01 9.402037e-02 9.826877e-02 6.848956e-04 6.870860e-05 6.515142e-05 6.526359e-05 1.066333e+00 
150 14400 2.682400e-05 1.429056e-04 1.342036e-07 3.454811e-01 1.349871e-01 1.412072e-01 3.362244e-04 3.414015e-01 1.351855e-01 1.410859e-01 9.782702e-04 9.022281e-05 8.595041e-05 8.456241e-05 1.241126e+00 
150 19600 3.035343e-05 1.931746e-04 1.683831e-07 3.389703e-01 1.843711e-01 1.919834e-01 4.617940e-04 3.392656e-01 1.842042e-01 1.923534e-01 1.418997e-03 3.044910e-04 1.107434e-04 1.087806e-04 1.433812e+00 
150 25600 3.028540e-05 2.586948e-04 1.122244e-07 3.425875e-01 2.412310e-01 2.517256e-01 5.613270e-04 3.412667e-01 2.408113e-01 2.513622e-01 1.759127e-03 2.215490e-04 2.157764e-04 2.315620e-04 1.672297e+00 
150 32400 2.977639e-05 3.297188e-04 2.024230e-07 3.356950e-01 3.045023e-01 3.173540e-01 7.302494e-04 3.369166e-01 3.045018e-01 3.218814e-01 2.204851e-03 1.712020e-04 1.636926e-04 1.629836e-04 1.924689e+00 
150 40000 3.283923e-05 4.610690e-04 1.703855e-07 3.344582e-01 3.757106e-01 3.926154e-01 8.686162e-04 3.374395e-01 3.747965e-01 3.922940e-01 2.746487e-03 2.242352e-04 2.160850e-04 2.154060e-04 2.212115e+00 
150 48400 2.901340e-05 6.101860e-04 1.981854e-07 3.381576e-01 4.554715e-01 4.783098e-01 1.078306e-03 3.354625e-01 4.585724e-01 4.777694e-01 3.329037e-03 2.476860e-04 2.609600e-04 2.637682e-04 2.549613e+00 
150 57600 2.906341e-05 7.787240e-04 2.883840e-07 3.342304e-01 5.412337e-01 6.166984e-01 1.248951e-03 3.332920e-01 5.399582e-01 6.160681e-01 3.955612e-03 2.923550e-04 3.067624e-04 3.102856e-04 2.988452e+00 
150 67600 2.896939e-05 9.912474e-04 1.864042e-07 3.415496e-01 6.348439e-01 6.627768e-01 1.460909e-03 3.396423e-01 6.352206e-01 6.629429e-01 4.572878e-03 3.325490e-04 3.322306e-04 3.338188e-04 3.285088e+00 
150 78400 2.896520e-05 1.162003e-03 3.186055e-07 3.345603e-01 7.351762e-01 7.681033e-01 1.843039e-03 3.367784e-01 7.457639e-01 7.987450e-01 5.389581e-03 5.072860e-04 3.631206e-04 3.689494e-04 3.728846e+00 
150 90000 2.911962e-05 1.268320e-03 2.824236e-07 3.333539e-01 8.459728e-01 8.849425e-01 2.000270e-03 3.330197e-01 8.434526e-01 8.896543e-01 6.298127e-03 5.920870e-04 4.512684e-04 4.723400e-04 4.141571e+00 
200 400 3.810702e-05 7.659383e-06 1.522247e-07 4.421726e-01 5.096557e-03 5.260138e-03 1.613600e-05 5.170406e-01 5.095650e-03 5.235403e-03 2.840641e-05 1.812717e-05 1.595179e-05 1.395480e-05 9.800648e-01 
200 1600 4.009400e-05 1.694942e-05 1.161825e-07 4.303809e-01 2.025257e-02 2.090131e-02 4.607881e-05 4.314786e-01 2.022980e-02 2.098122e-02 1.112562e-04 2.795961e-05 2.558418e-05 2.617519e-05 9.445443e-01 
200 3600 3.827517e-05 3.630421e-05 1.362059e-07 4.321826e-01 4.562697e-02 4.723966e-02 8.673756e-05 4.330428e-01 4.542683e-02 4.724967e-02 2.453848e-04 4.852838e-05 4.526558e-05 4.386962e-05 1.051348e+00 
200 6400 3.802483e-05 6.537964e-05 1.301989e-07 4.305390e-01 8.101666e-02 8.418924e-02 1.546752e-04 4.314839e-01 8.105195e-02 8.353642e-02 4.365904e-04 5.748179e-05 5.145082e-05 5.181138e-05 1.192705e+00 
200 10000 3.825920e-05 9.935643e-05 1.141801e-07 4.396836e-01 1.266266e-01 1.309996e-01 2.306166e-04 4.363551e-01 1.263330e-01 1.308538e-01 6.821696e-04 7.095602e-05 6.684400e-05 6.564017e-05 1.392142e+00 
200 14400 3.806301e-05 1.442758e-04 1.541805e-07 4.354273e-01 1.822868e-01 1.884110e-01 3.211882e-04 4.359462e-01 1.823120e-01 1.882777e-01 9.764754e-04 9.347359e-05 8.396562e-05 8.891481e-05 1.614441e+00 
200 19600 3.730762e-05 1.929986e-04 1.661945e-07 4.394526e-01 2.503161e-01 2.594968e-01 4.350242e-04 4.340821e-01 2.493785e-01 2.580280e-01 1.339384e-03 1.203960e-04 1.075848e-04 1.089088e-04 1.893130e+00 
200 25600 3.841142e-05 2.621758e-04 1.221895e-07 4.360440e-01 3.242301e-01 3.365219e-01 6.159946e-04 4.337036e-01 3.250227e-01 3.351957e-01 1.747299e-03 2.183584e-04 2.073318e-04 2.146848e-04 2.194060e+00 
200 32400 3.843741e-05 3.350388e-04 1.663808e-07 4.336547e-01 4.095177e-01 4.234441e-01 7.059392e-04 4.335883e-01 4.122522e-01 4.264264e-01 2.204262e-03 1.838428e-04 1.700742e-04 1.687042e-04 2.542732e+00 
200 40000 3.928682e-05 4.495558e-04 2.101995e-07 4.396282e-01 5.063564e-01 5.228018e-01 8.981322e-04 4.367668e-01 5.092959e-01 5.265686e-01 2.771023e-03 2.051466e-04 2.148670e-04 2.188810e-04 2.946258e+00 
200 48400 3.764820e-05 5.973328e-04 2.361834e-07 4.374814e-01 6.712017e-01 6.326873e-01 1.111097e-03 4.379306e-01 6.718857e-01 6.319542e-01 3.331137e-03 2.451584e-04 2.576410e-04 2.686794e-04 3.489044e+00 
200 57600 3.983756e-05 7.888110e-04 1.964159e-07 4.378304e-01 7.271728e-01 7.563672e-01 1.286483e-03 4.335561e-01 7.370085e-01 7.593284e-01 3.909251e-03 3.597176e-04 2.940114e-04 2.970118e-04 3.858292e+00 
200 67600 3.734981e-05 9.115544e-04 1.502223e-07 5.413864e-01 8.555418e-01 8.849421e-01 1.641339e-03 4.383887e-01 8.551938e-01 8.915464e-01 4.772705e-03 4.164946e-04 3.171640e-04 3.190588e-04 4.475475e+00 
200 78400 3.919238e-05 1.136921e-03 1.941808e-07 4.376137e-01 9.934460e-01 1.024076e+00 1.745745e-03 4.364018e-01 1.012181e+00 1.030928e+00 5.317626e-03 5.006402e-04 3.604408e-04 3.732338e-04 4.944180e+00 
200 90000 3.748401e-05 1.342981e-03 2.343673e-07 4.326231e-01 1.141655e+00 1.181400e+00 2.130881e-03 4.330050e-01 1.138279e+00 1.178908e+00 6.295922e-03 7.058650e-04 4.510582e-04 4.659524e-04 5.517369e+00 
250 400 4.631118e-05 5.732570e-06 1.162291e-07 7.077583e-01 6.357432e-03 6.564036e-03 1.632236e-05 6.815899e-01 6.438130e-03 6.557349e-03 3.079800e-05 1.555718e-05 1.409119e-05 1.486219e-05 1.415432e+00 
250 1600 4.688199e-05 1.695519e-05 1.303852e-07 6.910281e-01 2.536719e-02 2.607913e-02 4.835441e-05 6.887203e-01 2.543601e-02 2.612108e-02 1.115288e-04 3.102440e-05 2.700221e-05 2.638339e-05 1.483088e+00 
250 3600 4.667584e-05 3.656461e-05 1.202337e-07 6.846393e-01 5.714578e-02 5.873903e-02 8.930760e-05 6.822276e-01 5.714612e-02 5.854142e-02 2.456452e-04 5.128258e-05 4.398180e-05 4.479103e-05 1.599031e+00 
250 6400 4.795180e-05 6.584041e-05 1.300126e-07 6.808167e-01 1.014951e-01 1.046015e-01 1.469736e-04 7.440329e-01 1.016173e-01 1.047983e-01 4.385614e-04 5.290722e-05 4.969640e-05 5.184743e-05 1.838250e+00 
250 10000 4.779939e-05 1.008348e-04 1.342036e-07 6.849055e-01 1.584483e-01 1.626081e-01 2.254250e-04 6.829450e-01 1.596900e-01 1.632922e-01 6.845852e-04 6.667157e-05 6.474080e-05 6.558402e-05 2.013176e+00 
250 14400 4.332480e-05 1.470458e-04 1.601875e-07 6.787121e-01 2.284996e-01 2.348804e-01 3.304138e-04 7.557236e-01 2.282045e-01 2.347160e-01 9.831716e-04 9.087780e-05 8.416180e-05 8.611279e-05 2.362531e+00 
250 19600 4.668981e-05 2.021402e-04 1.241919e-07 6.815096e-01 3.119076e-01 3.196349e-01 4.325646e-04 6.806893e-01 3.121165e-01 3.196406e-01 1.331530e-03 1.173634e-04 1.099222e-04 1.087024e-04 2.627888e+00 
250 25600 4.827823e-05 2.594958e-04 1.201872e-07 6.879829e-01 4.391249e-01 4.178252e-01 5.615834e-04 6.764383e-01 4.058406e-01 4.184283e-01 1.748417e-03 2.330042e-04 2.320588e-04 2.145586e-04 3.048975e+00 
250 32400 4.653358e-05 3.511488e-04 1.502223e-07 6.843631e-01 5.202806e-01 5.316711e-01 7.306960e-04 6.800093e-01 5.141541e-01 5.349365e-01 2.198848e-03 1.771768e-04 1.620984e-04 1.672460e-04 3.469291e+00 
250 40000 4.550400e-05 4.258384e-04 1.684297e-07 6.793773e-01 6.342488e-01 6.597318e-01 8.723838e-04 6.813748e-01 6.337201e-01 6.499260e-01 2.715987e-03 2.087000e-04 1.969584e-04 1.969184e-04 3.943090e+00 
250 48400 4.591458e-05 5.880190e-04 3.044028e-07 6.780138e-01 7.680359e-01 7.882874e-01 1.049821e-03 6.789042e-01 7.709709e-01 7.882188e-01 3.360146e-03 2.455690e-04 2.501658e-04 2.538894e-04 4.478282e+00 
250 57600 4.548398e-05 7.366510e-04 2.603978e-07 6.813023e-01 9.548605e-01 9.403366e-01 1.246774e-03 6.793412e-01 9.135447e-01 9.406837e-01 3.907388e-03 2.926094e-04 2.724994e-04 2.847134e-04 5.116912e+00 
250 67600 4.563821e-05 9.069756e-04 2.903864e-07 6.809616e-01 1.073471e+00 1.103362e+00 1.507325e-03 6.809461e-01 1.077008e+00 1.120678e+00 4.581862e-03 2.173502e-02 3.181796e-04 3.230048e-04 5.765900e+00 
250 78400 4.592859e-05 1.071846e-03 2.223998e-07 6.803665e-01 1.363131e+00 1.277280e+00 1.692373e-03 6.818736e-01 1.357207e+00 1.294529e+00 5.485307e-03 5.908672e-04 4.238976e-04 4.275912e-04 6.664195e+00 
250 90000 4.560021e-05 1.268087e-03 2.724119e-07 6.844286e-01 1.428278e+00 1.466056e+00 1.927158e-03 7.636121e-01 1.472049e+00 1.479114e+00 6.286004e-03 5.439230e-04 4.478234e-04 4.715488e-04 7.304582e+00 
300 400 5.489602e-05 5.688565e-06 1.322012e-07 9.912522e-01 7.705267e-03 7.996136e-03 1.663081e-05 9.917807e-01 7.702787e-03 7.877584e-03 2.838043e-05 1.871600e-05 1.407522e-05 1.392476e-05 2.014497e+00 
300 1600 5.464363e-05 1.704544e-05 1.201872e-07 9.975752e-01 3.052806e-02 3.119850e-02 4.117959e-05 9.975514e-01 3.068291e-02 3.129859e-02 1.097220e-04 3.236439e-05 2.644160e-05 2.626120e-05 2.119176e+00 
300 3600 5.467376e-05 3.591781e-05 1.261942e-07 9.956444e-01 6.878693e-02 7.033229e-02 9.235400e-05 9.855749e-01 6.875751e-02 7.029819e-02 2.478564e-04 5.121659e-05 4.545981e-05 4.392783e-05 2.260001e+00 
300 6400 5.515036e-05 6.723059e-05 1.201872e-07 9.839179e-01 1.227120e-01 1.254878e-01 1.510918e-04 9.902825e-01 1.220521e-01 1.249936e-01 4.357634e-04 5.704542e-05 5.258657e-05 5.200361e-05 2.470346e+00 
300 10000 5.501620e-05 9.914818e-05 1.222361e-07 9.825199e-01 1.913650e-01 1.956317e-01 2.240650e-04 9.840925e-01 1.915638e-01 1.958372e-01 6.880964e-04 7.286877e-05 6.487300e-05 6.941981e-05 2.742312e+00 
300 14400 5.539884e-05 1.415276e-04 1.142267e-07 9.934369e-01 2.756632e-01 2.815160e-01 3.219852e-04 9.839366e-01 2.770963e-01 2.824389e-01 9.813768e-04 8.905097e-05 8.437019e-05 8.605863e-05 3.095885e+00 
300 19600 5.664462e-05 1.940180e-04 1.322012e-07 1.061809e+00 3.750581e-01 3.834074e-01 4.488068e-04 1.056758e+00 3.748880e-01 3.836236e-01 1.334170e-03 1.208066e-04 1.149036e-04 1.142688e-04 3.637969e+00 
300 25600 5.491823e-05 2.595540e-04 2.043787e-07 9.832634e-01 5.334449e-01 5.006134e-01 5.662684e-04 9.833528e-01 5.017525e-01 4.997928e-01 1.740580e-03 2.217774e-04 2.048062e-04 2.026048e-04 4.005511e+00 
300 32400 5.429718e-05 3.401884e-04 1.280103e-07 9.987140e-01 7.115460e-01 6.334566e-01 7.265018e-04 9.833618e-01 6.829379e-01 6.329267e-01 2.242296e-03 1.761574e-04 1.628214e-04 1.618720e-04 4.646859e+00 
300 40000 5.480177e-05 4.523500e-04 1.643784e-07 1.001158e+00 7.645628e-01 7.812973e-01 8.993602e-04 9.890701e-01 7.642009e-01 7.826163e-01 2.772448e-03 2.083536e-04 1.959530e-04 1.957326e-04 5.087745e+00 
300 48400 5.614399e-05 6.085856e-04 2.241693e-07 9.835418e-01 9.315833e-01 9.462909e-01 1.083047e-03 9.927445e-01 9.273109e-01 9.450377e-01 3.279684e-03 2.487798e-04 2.323674e-04 2.531744e-04 5.732331e+00 
300 57600 5.535679e-05 7.764706e-04 2.543908e-07 1.056846e+00 1.119822e+00 1.126149e+00 1.243629e-03 1.026521e+00 1.108296e+00 1.139143e+00 3.945321e-03 4.160038e-04 3.074336e-04 3.110450e-04 6.583897e+00 
300 67600 5.424321e-05 9.916764e-04 2.564397e-07 9.933720e-01 1.309418e+00 1.345793e+00 1.512887e-03 9.919046e-01 1.294402e+00 1.319676e+00 4.632081e-03 3.920962e-04 3.433896e-04 3.492222e-04 7.262894e+00 
300 78400 5.427124e-05 1.078845e-03 2.483837e-07 9.880679e-01 1.501913e+00 1.535630e+00 1.688387e-03 9.858372e-01 1.514539e+00 1.534052e+00 5.313600e-03 5.144512e-04 4.022654e-04 4.019210e-04 8.069551e+00 
300 90000 5.401261e-05 1.326524e-03 2.543908e-07 9.805230e-01 1.728910e+00 1.771137e+00 2.131021e-03 9.828029e-01 1.723292e+00 1.758828e+00 6.103329e-03 6.137336e-04 4.325950e-04 4.937644e-04 8.956705e+00 
350 400 6.625303e-05 5.456200e-06 1.042150e-07 1.407133e+00 9.012696e-03 9.119095e-03 1.759040e-05 1.417164e+00 8.991396e-03 9.141564e-03 2.844660e-05 1.872797e-05 1.436337e-05 1.418721e-05 2.860752e+00 
350 1600 6.429618e-05 1.690518e-05 1.042150e-07 1.418359e+00 3.571185e-02 3.631040e-02 4.314659e-05 1.409043e+00 3.573782e-02 3.641876e-02 1.091192e-04 3.061178e-05 2.947603e-05 2.586483e-05 2.971933e+00 
350 3600 6.332062e-05 4.535979e-05 1.099892e-07 1.403906e+00 8.070062e-02 8.222618e-02 8.879057e-05 1.412987e+00 8.062721e-02 8.207993e-02 2.458656e-04 4.791161e-05 4.230938e-05 4.220903e-05 3.143131e+00 
350 6400 6.498718e-05 6.362302e-05 1.081731e-07 1.402025e+00 1.435164e-01 1.463407e-01 1.475686e-04 1.409344e+00 1.431821e-01 1.457489e-01 4.363224e-04 5.610581e-05 4.994483e-05 5.194964e-05 3.391057e+00 
350 10000 6.328458e-05 1.007628e-04 1.079869e-07 1.419430e+00 2.240323e-01 2.279885e-01 2.242554e-04 1.386241e+00 2.235909e-01 2.276464e-01 6.801090e-04 6.821002e-05 6.879698e-05 6.501921e-05 3.710234e+00 
350 14400 6.468878e-05 1.458722e-04 1.362059e-07 1.480423e+00 3.227185e-01 3.282081e-01 3.206716e-04 1.421172e+00 3.218578e-01 3.282558e-01 9.814516e-04 9.027496e-05 8.972422e-05 9.179520e-05 4.204450e+00 
350 19600 6.345101e-05 1.954864e-04 1.502223e-07 1.412311e+00 4.388076e-01 4.566839e-01 6.586203e-03 1.417618e+00 4.997142e-01 4.528230e-01 1.329963e-03 1.256964e-04 1.150706e-04 1.133460e-04 4.686527e+00 
350 25600 6.319480e-05 2.573298e-04 1.522247e-07 1.405463e+00 6.377606e-01 6.391022e-01 5.655978e-04 1.417025e+00 6.668798e-01 6.441418e-01 1.744603e-03 2.234948e-04 2.109762e-04 2.261150e-04 5.413707e+00 
350 32400 6.335699e-05 3.481298e-04 1.402106e-07 1.427317e+00 7.258944e-01 7.390903e-01 7.286722e-04 1.426336e+00 7.288841e-01 7.375367e-01 2.194573e-03 1.819526e-04 1.630504e-04 1.637694e-04 5.788952e+00 
350 40000 6.310660e-05 4.590460e-04 2.343673e-07 1.433266e+00 8.968465e-01 9.113045e-01 8.702842e-04 1.424055e+00 8.990209e-01 9.129207e-01 2.712375e-03 2.107682e-04 2.158378e-04 2.166290e-04 6.482220e+00 
350 48400 6.490997e-05 5.779104e-04 1.561828e-07 1.406245e+00 1.081722e+00 1.102032e+00 1.084321e-03 1.397159e+00 1.125543e+00 1.099729e+00 3.315362e-03 2.467570e-04 2.350254e-04 2.353998e-04 7.218257e+00 
350 57600 6.254762e-05 7.640302e-04 3.246125e-07 1.411141e+00 1.289092e+00 1.312575e+00 1.290369e-03 1.404286e+00 1.303441e+00 1.310104e+00 3.908124e-03 3.114076e-04 3.077220e-04 3.113994e-04 8.037648e+00 
350 67600 6.376738e-05 9.973026e-04 2.724119e-07 1.414625e+00 1.514438e+00 1.544228e+00 1.453168e-03 1.417052e+00 1.557186e+00 1.541419e+00 4.662316e-03 4.051442e-04 3.210384e-04 3.215030e-04 8.997229e+00 
350 78400 6.235521e-05 1.116316e-03 2.583954e-07 1.491258e+00 1.756943e+00 1.800888e+00 1.796802e-03 1.421351e+00 1.812282e+00 1.784424e+00 5.325344e-03 4.736462e-04 4.088834e-04 4.136186e-04 1.007680e+01 
350 90000 6.468678e-05 1.330978e-03 2.162065e-07 1.412624e+00 2.046593e+00 2.049736e+00 2.007889e-03 1.423301e+00 2.010947e+00 2.045488e+00 6.116337e-03 5.891710e-04 4.402124e-04 4.576384e-04 1.099975e+01 
400 400 7.255860e-05 5.680369e-06 1.221895e-07 1.898446e+00 1.028567e-02 1.041868e-02 1.909039e-05 1.898862e+00 1.031893e-02 1.045326e-02 2.837637e-05 1.812717e-05 1.401301e-05 1.339200e-05 3.838984e+00 
400 1600 7.301918e-05 1.689340e-05 1.281966e-07 1.902112e+00 4.099952e-02 4.159822e-02 4.585059e-05 2.013044e+00 4.098749e-02 4.162154e-02 1.087688e-04 3.375662e-05 2.811402e-05 2.807602e-05 4.080728e+00 
400 3600 7.161917e-05 3.646058e-05 1.241919e-07 1.874741e+00 9.246986e-02 9.386076e-02 8.834824e-05 1.875831e+00 9.217666e-02 9.398800e-02 2.467478e-04 6.064298e-05 4.370958e-05 4.392578e-05 4.123688e+00 
400 6400 7.153139e-05 6.665182e-05 1.201872e-07 1.875992e+00 1.643693e-01 1.668033e-01 1.469042e-04 1.869637e+00 1.640725e-01 1.667959e-01 4.363146e-04 5.576340e-05 5.707741e-05 5.415496e-05 4.408587e+00 
400 10000 7.414101e-05 9.792442e-05 1.061708e-07 1.879775e+00 2.574183e-01 2.613395e-01 2.360652e-04 1.870493e+00 2.566436e-01 2.609342e-01 6.784728e-04 7.217000e-05 6.800159e-05 6.558402e-05 4.787930e+00 
400 14400 7.138876e-05 1.449428e-04 1.783948e-07 1.872420e+00 3.698558e-01 3.752955e-01 3.220676e-04 1.885149e+00 3.699778e-01 3.753791e-01 9.835210e-04 8.641523e-05 8.586640e-05 8.433997e-05 5.249890e+00 
400 19600 7.267683e-05 1.987112e-04 1.039822e-07 1.901375e+00 5.073389e-01 5.105232e-01 4.338428e-04 1.884105e+00 5.021672e-01 5.167495e-01 1.339760e-03 1.182710e-04 1.077672e-04 1.084924e-04 5.824689e+00 
400 25600 7.243040e-05 2.558426e-04 1.582317e-07 1.869474e+00 6.571800e-01 6.669988e-01 5.621928e-04 1.880540e+00 6.559952e-01 6.696122e-01 1.814536e-03 2.158106e-04 2.036806e-04 2.165880e-04 6.403196e+00 
400 32400 7.283082e-05 3.359544e-04 1.581851e-07 2.063106e+00 8.307799e-01 8.432017e-01 7.063984e-04 2.005159e+00 8.725817e-01 8.423109e-01 2.197605e-03 1.779802e-04 1.684780e-04 1.666652e-04 7.461022e+00 
400 40000 7.057362e-05 4.296886e-04 2.384186e-07 2.015995e+00 1.024204e+00 1.040001e+00 8.754374e-04 1.929614e+00 1.024845e+00 1.039950e+00 2.710666e-03 2.050546e-04 2.055894e-04 2.112820e-04 8.079372e+00 
400 48400 7.205582e-05 5.853514e-04 3.686175e-07 1.938122e+00 1.360766e+00 1.262009e+00 1.088059e-03 1.925543e+00 1.358472e+00 1.259666e+00 3.322511e-03 2.468592e-04 2.418556e-04 2.546888e-04 9.110453e+00 
400 57600 7.114238e-05 7.380898e-04 2.464280e-07 1.919140e+00 1.488145e+00 1.505920e+00 1.245551e-03 1.925772e+00 1.476327e+00 1.501065e+00 3.914102e-03 2.874580e-04 2.843214e-04 2.832256e-04 9.823251e+00 
400 67600 7.190341e-05 9.826396e-04 2.923887e-07 1.926408e+00 1.737244e+00 1.760275e+00 1.505556e-03 1.925283e+00 1.733446e+00 1.766269e+00 4.674315e-03 3.376550e-04 3.305064e-04 3.313656e-04 1.085720e+01 
400 78400 7.228600e-05 1.174432e-03 2.183951e-07 1.922268e+00 2.007685e+00 2.043612e+00 1.787884e-03 1.925965e+00 2.014341e+00 2.047057e+00 5.321734e-03 5.612838e-04 3.782058e-04 3.987486e-04 1.197067e+01 
400 90000 7.073777e-05 1.370286e-03 2.384186e-07 1.908664e+00 2.304710e+00 2.340538e+00 1.934447e-03 1.900213e+00 2.303658e+00 2.340064e+00 6.163971e-03 5.697780e-04 4.375544e-04 4.568474e-04 1.310890e+01 
450 400 7.955302e-05 5.347980e-06 1.242384e-07 2.687950e+00 1.162594e-02 1.177588e-02 1.876801e-05 2.542726e+00 1.163259e-02 1.171537e-02 3.266484e-05 1.800479e-05 1.506060e-05 1.547718e-05 5.277636e+00 
450 1600 7.994738e-05 1.622420e-05 9.201467e-08 2.540199e+00 4.623984e-02 4.714018e-02 4.236121e-05 2.537560e+00 4.613730e-02 4.675693e-02 1.094556e-04 3.399882e-05 2.780943e-05 2.921782e-05 5.264405e+00 
450 3600 8.194041e-05 3.662659e-05 1.301989e-07 2.548275e+00 1.051454e-01 1.067552e-01 8.954979e-05 2.535722e+00 1.037641e-01 1.054288e-01 2.452728e-04 4.994082e-05 4.487918e-05 4.243343e-05 5.505711e+00 
450 6400 7.957318e-05 6.579440e-05 1.179986e-07 2.538947e+00 1.848445e-01 1.873694e-01 1.492152e-04 2.545356e+00 1.852541e-01 1.876285e-01 4.393710e-04 5.280897e-05 4.962017e-05 4.960219e-05 5.830319e+00 
450 10000 7.969518e-05 1.032824e-04 1.322012e-07 2.533151e+00 2.894975e-01 2.940246e-01 2.260540e-04 2.607474e+00 2.891024e-01 2.933528e-01 6.791838e-04 6.989636e-05 6.588860e-05 6.580842e-05 6.307932e+00 
450 14400 8.109519e-05 1.449208e-04 1.322012e-07 2.548204e+00 4.151818e-01 4.213395e-01 3.304462e-04 2.563068e+00 4.151089e-01 4.212464e-01 9.838294e-04 9.166300e-05 9.024697e-05 8.806181e-05 6.785995e+00 
450 19600 7.968922e-05 1.930628e-04 1.562294e-07 2.543512e+00 6.547946e-01 6.285841e-01 4.341312e-04 2.521885e+00 6.544155e-01 6.277841e-01 1.339189e-03 1.230562e-04 1.068198e-04 1.088148e-04 7.633417e+00 
450 25600 8.144779e-05 2.712998e-04 1.402106e-07 2.487215e+00 7.390080e-01 7.485665e-01 5.828256e-04 2.586429e+00 7.373708e-01 7.488914e-01 1.741100e-03 2.321732e-04 2.211988e-04 1.937800e-04 8.050855e+00 
450 32400 8.144779e-05 3.459816e-04 2.202112e-07 2.500329e+00 9.369449e-01 9.481159e-01 7.309354e-04 2.497099e+00 9.387173e-01 9.452271e-01 2.209517e-03 1.798250e-04 1.711098e-04 1.720434e-04 8.770386e+00 
450 40000 8.007782e-05 4.309766e-04 1.942273e-07 2.497539e+00 1.153710e+00 1.171247e+00 8.686492e-04 2.508489e+00 1.151422e+00 1.168668e+00 2.829903e-03 2.114406e-04 1.969128e-04 1.955266e-04 9.655939e+00 
450 48400 8.002981e-05 6.034350e-04 2.023764e-07 2.474093e+00 1.395216e+00 1.425408e+00 1.052439e-03 2.480942e+00 1.394661e+00 1.416205e+00 3.311419e-03 2.468532e-04 2.332748e-04 2.318748e-04 1.059234e+01 
450 57600 7.890603e-05 7.849840e-04 2.503861e-07 2.550251e+00 1.663779e+00 1.683725e+00 1.240840e-03 2.479361e+00 1.660934e+00 1.683049e+00 3.965895e-03 3.071594e-04 2.762530e-04 2.765114e-04 1.172808e+01 
450 67600 7.955278e-05 9.909420e-04 2.743676e-07 2.476134e+00 1.949610e+00 1.980676e+00 1.478323e-03 2.486658e+00 1.965356e+00 1.981469e+00 4.669616e-03 4.039900e-04 3.746842e-04 3.746944e-04 1.284833e+01 
450 78400 8.023200e-05 1.207791e-03 2.823770e-07 2.478928e+00 2.256763e+00 2.290585e+00 1.804256e-03 2.473844e+00 2.258082e+00 2.292874e+00 5.306499e-03 5.286388e-04 4.148044e-04 4.139912e-04 1.406088e+01 
450 90000 7.900801e-05 1.267141e-03 2.202112e-07 2.501065e+00 2.610940e+00 2.644387e+00 1.939493e-03 2.522620e+00 2.595074e+00 2.637613e+00 6.089777e-03 5.694616e-04 4.266902e-04 4.270588e-04 1.552255e+01 
500 400 8.836021e-05 5.618390e-06 1.161825e-07 3.471152e+00 1.285372e-02 1.301902e-02 1.875400e-05 3.215944e+00 1.283448e-02 1.298315e-02 2.840660e-05 2.007401e-05 1.577563e-05 1.558941e-05 6.739009e+00 
500 1600 8.990061e-05 1.653484e-05 1.382083e-07 3.229700e+00 5.127251e-02 5.190869e-02 4.238337e-05 3.241425e+00 5.143080e-02 5.209007e-02 1.138342e-04 2.961643e-05 2.795178e-05 2.771942e-05 6.678204e+00 
500 3600 8.970220e-05 3.592377e-05 1.322012e-07 3.341726e+00 1.152304e-01 1.174321e-01 8.581020e-05 3.256361e+00 1.154406e-01 1.168126e-01 2.464706e-04 4.816400e-05 4.277402e-05 4.300438e-05 7.063627e+00 
500 6400 8.821799e-05 6.656563e-05 1.301989e-07 3.246005e+00 2.057253e-01 2.079384e-01 1.482216e-04 3.247231e+00 2.063568e-01 2.080160e-01 4.383296e-04 5.249837e-05 5.056160e-05 4.916759e-05 7.322205e+00 
500 10000 9.048320e-05 9.732358e-05 1.260079e-07 3.226748e+00 3.242722e-01 3.281992e-01 2.309374e-04 3.221107e+00 3.200695e-01 3.249229e-01 6.799872e-04 7.025502e-05 6.503919e-05 6.535179e-05 7.746653e+00 
500 14400 9.110039e-05 1.424510e-04 1.582317e-07 3.261945e+00 4.617258e-01 4.680601e-01 3.236382e-04 3.244843e+00 4.627519e-01 4.686423e-01 9.830384e-04 8.668960e-05 8.561001e-05 8.382341e-05 8.369811e+00 
500 19600 8.923942e-05 1.950296e-04 1.681969e-07 3.220597e+00 6.362277e-01 6.372126e-01 4.455084e-04 3.213753e+00 6.286697e-01 6.369256e-01 1.329232e-03 1.165964e-04 1.106616e-04 1.089130e-04 8.975826e+00 
500 25600 8.857842e-05 2.601712e-04 1.722015e-07 3.369013e+00 8.225311e-01 8.347120e-01 5.631824e-04 3.248345e+00 8.198390e-01 8.342027e-01 1.739702e-03 2.396926e-04 2.402092e-04 2.281112e-04 9.932055e+00 
500 32400 8.932156e-05 3.323532e-04 1.662411e-07 3.204082e+00 1.082240e+00 1.054654e+00 7.304046e-04 3.232500e+00 1.049583e+00 1.069317e+00 2.196560e-03 2.350876e-04 1.844820e-04 1.811810e-04 1.069638e+01 
500 40000 8.973423e-05 4.353732e-04 1.581851e-07 3.374751e+00 1.299101e+00 1.310252e+00 9.534358e-04 3.256762e+00 1.283382e+00 1.300869e+00 2.770475e-03 2.092870e-04 1.978138e-04 1.958748e-04 1.183002e+01 
500 48400 8.729859e-05 6.154424e-04 1.502223e-07 3.379013e+00 1.554644e+00 1.575864e+00 1.048284e-03 3.254510e+00 1.554952e+00 1.574357e+00 3.315401e-03 2.703324e-04 2.575974e-04 2.603014e-04 1.289924e+01 
500 57600 8.715838e-05 7.811044e-04 2.504326e-07 3.246339e+00 2.023209e+00 1.876279e+00 1.251476e-03 3.250056e+00 2.024655e+00 1.871162e+00 3.986050e-03 4.244008e-04 2.714480e-04 2.815892e-04 1.429883e+01 
500 67600 8.735680e-05 9.593168e-04 1.981854e-07 3.246998e+00 2.172746e+00 2.204981e+00 1.503024e-03 3.246168e+00 2.173503e+00 2.198060e+00 4.662591e-03 4.704216e-04 3.497030e-04 3.481688e-04 1.525089e+01 
500 78400 8.933763e-05 1.091531e-03 2.883840e-07 3.249590e+00 2.514695e+00 2.565327e+00 1.689667e-03 3.255058e+00 2.516755e+00 2.545580e+00 5.307734e-03 4.368254e-04 3.785822e-04 3.790450e-04 1.665642e+01 
500 90000 8.751499e-05 1.311716e-03 2.926216e-07 3.255790e+00 2.895996e+00 2.928878e+00 1.936997e-03 3.266365e+00 2.882091e+00 2.923570e+00 6.113831e-03 6.268998e-04 4.222016e-04 4.244930e-04 1.816367e+01 
550 400 9.637601e-05 5.654385e-06 1.201872e-07 4.002894e+00 1.400891e-02 1.427266e-02 1.857379e-05 4.122518e+00 1.402358e-02 1.426388e-02 3.052563e-05 1.894822e-05 1.520677e-05 1.554321e-05 8.182208e+00 
550 1600 9.632618e-05 1.709159e-05 1.141801e-07 3.987051e+00 5.652381e-02 5.727129e-02 5.013100e-05 3.971005e+00 5.653379e-02 5.702894e-02 1.093374e-04 3.176760e-05 2.745902e-05 2.937200e-05 8.185809e+00 
550 3600 9.710742e-05 3.606803e-05 1.240056e-07 3.977245e+00 1.269139e-01 1.290589e-01 8.619502e-05 3.979004e+00 1.269793e-01 1.289415e-01 2.449204e-04 4.838440e-05 4.338701e-05 4.470097e-05 8.468781e+00 
550 6400 9.799460e-05 6.506136e-05 1.301989e-07 3.996959e+00 2.258503e-01 2.288023e-01 1.471220e-04 3.980198e+00 2.256443e-01 2.290998e-01 4.388084e-04 5.441518e-05 4.904340e-05 4.981458e-05 8.887491e+00 
550 10000 9.994940e-05 9.662858e-05 1.281966e-07 3.970786e+00 3.528993e-01 3.599198e-01 2.302544e-04 3.980323e+00 3.521336e-01 3.576556e-01 6.814956e-04 6.792760e-05 6.430219e-05 6.753900e-05 9.375072e+00 
550 14400 9.779022e-05 1.449008e-04 1.262408e-07 4.282625e+00 5.197065e-01 5.153891e-01 3.206636e-04 4.031567e+00 5.074629e-01 5.154719e-01 9.791528e-04 9.310921e-05 8.980641e-05 9.260462e-05 1.037409e+01 
550 19600 9.648637e-05 1.912082e-04 1.662411e-07 4.054442e+00 6.993261e-01 7.050548e-01 4.473634e-04 3.975596e+00 6.916461e-01 7.024044e-01 1.332774e-03 1.250190e-04 1.181006e-04 1.151662e-04 1.083094e+01 
550 25600 9.832503e-05 2.591898e-04 1.202337e-07 3.985165e+00 9.137246e-01 9.242672e-01 5.622390e-04 3.994222e+00 9.047799e-01 9.171197e-01 1.830095e-03 2.638026e-04 2.528462e-04 2.532888e-04 1.164285e+01 
550 32400 9.756582e-05 3.460156e-04 1.221895e-07 3.972954e+00 1.143099e+00 1.159096e+00 7.542864e-04 3.965939e+00 1.142570e+00 1.156328e+00 2.201640e-03 2.300080e-04 1.770608e-04 1.814534e-04 1.254403e+01 
550 40000 9.747581e-05 4.614842e-04 1.381617e-07 3.952649e+00 1.420753e+00 1.442264e+00 8.651342e-04 4.016122e+00 1.409662e+00 1.433700e+00 2.738541e-03 2.098238e-04 2.174574e-04 2.216154e-04 1.368001e+01 
550 48400 9.545083e-05 6.150060e-04 2.664048e-07 3.843811e+00 1.749971e+00 1.732828e+00 1.148715e-03 4.156456e+00 1.706560e+00 1.730425e+00 3.327211e-03 2.467992e-04 2.330646e-04 2.321492e-04 1.492600e+01 
550 57600 9.686900e-05 7.866848e-04 1.701992e-07 3.822726e+00 2.043822e+00 2.060788e+00 1.245605e-03 3.837684e+00 2.029503e+00 2.056544e+00 3.911313e-03 3.892762e-04 2.958046e-04 2.915360e-04 1.585814e+01 
550 67600 9.540659e-05 9.766088e-04 3.623776e-07 3.957862e+00 2.395882e+00 2.419000e+00 1.505540e-03 3.969252e+00 2.389131e+00 2.426020e+00 4.576258e-03 3.315200e-04 3.420878e-04 3.565774e-04 1.756538e+01 
550 78400 9.667659e-05 1.123567e-03 1.981854e-07 3.968180e+00 2.774321e+00 2.810429e+00 1.858292e-03 3.909441e+00 2.768609e+00 2.926323e+00 5.490776e-03 5.042304e-04 3.618412e-04 4.046874e-04 1.916720e+01 
550 90000 9.527463e-05 1.310290e-03 2.523884e-07 3.962115e+00 3.205289e+00 3.218938e+00 2.005911e-03 3.983109e+00 3.168480e+00 3.226285e+00 6.104457e-03 6.333274e-04 4.257488e-04 4.615886e-04 2.077530e+01 
600 400 1.070944e-04 5.528377e-06 1.181848e-07 4.928526e+00 1.543950e-02 1.564993e-02 1.649661e-05 4.929839e+00 1.533506e-02 1.566286e-02 2.855458e-05 2.342500e-05 1.585558e-05 1.649284e-05 9.920699e+00 
600 1600 1.072524e-04 1.846557e-05 1.301989e-07 5.059197e+00 6.142653e-02 6.228979e-02 4.278999e-05 4.966063e+00 6.143178e-02 6.235374e-02 1.106194e-04 3.301520e-05 2.776342e-05 2.802401e-05 1.027316e+01 
600 3600 1.049248e-04 3.799079e-05 1.301989e-07 5.013942e+00 1.454912e-01 1.408592e-01 9.155497e-05 4.792144e+00 1.387277e-01 1.410007e-01 2.455594e-04 5.122260e-05 4.446660e-05 4.433240e-05 1.037282e+01 
600 6400 1.051114e-04 6.765123e-05 1.242384e-07 4.777887e+00 2.475225e-01 2.508698e-01 1.521194e-04 4.925752e+00 2.465191e-01 2.504196e-01 4.407252e-04 5.604778e-05 5.170139e-05 5.064583e-05 1.069992e+01 
600 10000 1.045524e-04 9.887377e-05 1.201872e-07 4.909414e+00 3.853053e-01 3.908100e-01 2.386168e-04 4.867930e+00 3.901493e-01 3.925081e-01 6.817578e-04 7.052938e-05 6.547384e-05 6.560199e-05 1.133748e+01 
600 14400 1.061128e-04 1.469438e-04 1.301989e-07 4.855519e+00 6.557833e-01 6.227062e-01 3.221018e-04 4.816570e+00 5.978117e-01 6.173842e-01 9.831106e-04 8.829599e-05 8.564596e-05 8.587041e-05 1.216764e+01 
600 19600 1.045986e-04 1.977138e-04 1.179986e-07 4.683917e+00 7.554834e-01 7.647111e-01 4.317760e-04 4.676109e+00 7.595049e-01 7.653853e-01 1.332193e-03 1.222228e-04 1.073586e-04 1.089850e-04 1.240758e+01 
600 25600 1.039796e-04 2.601712e-04 1.482200e-07 4.675738e+00 9.924998e-01 1.000902e+00 5.724524e-04 4.681571e+00 9.856142e-01 1.000923e+00 1.748438e-03 2.278470e-04 2.139060e-04 2.218338e-04 1.334065e+01 
600 32400 1.058584e-04 3.406716e-04 1.159962e-07 4.731291e+00 1.294408e+00 1.271437e+00 7.322314e-04 4.812668e+00 1.300101e+00 1.271922e+00 2.222418e-03 1.744030e-04 1.661386e-04 1.669536e-04 1.468579e+01 
600 40000 1.037914e-04 4.586322e-04 2.001878e-07 4.841209e+00 1.549102e+00 1.569822e+00 8.668890e-04 4.970571e+00 1.540916e+00 1.556895e+00 2.708987e-03 2.091950e-04 1.964940e-04 1.988616e-04 1.603331e+01 
600 48400 1.059506e-04 5.892556e-04 2.182089e-07 4.853440e+00 2.051097e+00 1.889411e+00 1.087269e-03 4.836757e+00 2.054343e+00 1.892009e+00 3.281213e-03 2.480952e-04 2.357548e-04 2.529946e-04 1.758290e+01 
600 57600 1.065614e-04 7.890624e-04 2.202112e-07 4.804135e+00 2.219155e+00 2.250749e+00 1.248711e-03 4.806523e+00 2.255325e+00 2.245943e+00 3.937715e-03 4.028528e-04 2.755004e-04 2.766640e-04 1.858892e+01 
600 67600 1.071482e-04 8.790214e-04 2.363697e-07 4.814888e+00 2.622091e+00 2.661176e+00 1.461385e-03 4.813735e+00 2.638231e+00 2.643122e+00 4.580658e-03 4.763646e-04 3.637040e-04 3.637080e-04 2.020152e+01 
600 78400 1.039936e-04 1.213511e-03 2.321787e-07 4.913530e+00 3.061549e+00 3.352083e+00 1.783352e-03 4.926864e+00 3.017626e+00 3.348433e+00 5.311436e-03 4.622194e-04 3.588228e-04 3.749210e-04 2.262974e+01 
600 90000 1.041678e-04 1.270531e-03 2.563931e-07 5.089984e+00 3.476125e+00 3.508271e+00 1.942949e-03 4.965284e+00 3.470045e+00 3.508044e+00 6.268231e-03 6.425874e-04 4.476176e-04 4.745860e-04 2.402895e+01 
650 400 1.112586e-04 5.462207e-06 1.162291e-07 6.055673e+00 1.665577e-02 1.693616e-02 1.988760e-05 6.037588e+00 1.668775e-02 1.688159e-02 2.810997e-05 1.890822e-05 1.547504e-05 1.582759e-05 1.216067e+01 
650 1600 1.128088e-04 1.655482e-05 1.062173e-07 6.182665e+00 6.671603e-02 6.748541e-02 4.591881e-05 6.167405e+00 6.698992e-02 6.760326e-02 1.139946e-04 2.924777e-05 2.776938e-05 2.766340e-05 1.261926e+01 
650 3600 1.129870e-04 3.786259e-05 1.362059e-07 6.165361e+00 1.501680e-01 1.519462e-01 9.109620e-05 6.179037e+00 1.499202e-01 1.514945e-01 2.489044e-04 4.569441e-05 4.452043e-05 4.214300e-05 1.294858e+01 
650 6400 1.143670e-04 6.362922e-05 1.342036e-07 6.155895e+00 2.672862e-01 2.716441e-01 1.484040e-04 6.169416e+00 2.684119e-01 2.712024e-01 4.369056e-04 5.772421e-05 5.189362e-05 5.237036e-05 1.340482e+01 
650 10000 1.130692e-04 1.211694e-04 1.642387e-07 6.162291e+00 4.175084e-01 4.224096e-01 2.265348e-04 6.169898e+00 4.236264e-01 4.233697e-01 6.795628e-04 7.086401e-05 6.579859e-05 6.607883e-05 1.402049e+01 
650 14400 1.143630e-04 1.455898e-04 1.281966e-07 6.064856e+00 6.609317e-01 6.675276e-01 3.351934e-04 6.046754e+00 6.150952e-01 6.674151e-01 9.782336e-04 8.923961e-05 8.594240e-05 8.857041e-05 1.472447e+01 
650 19600 1.132514e-04 1.934472e-04 1.701992e-07 6.138783e+00 8.237340e-01 8.323470e-01 4.322086e-04 6.158325e+00 8.197131e-01 8.304844e-01 1.332481e-03 1.250270e-04 1.141408e-04 1.129610e-04 1.560586e+01 
650 25600 1.140026e-04 2.567822e-04 1.522247e-07 6.253420e+00 1.068837e+00 1.080333e+00 5.671926e-04 6.153951e+00 1.069525e+00 1.080491e+00 1.787168e-03 2.343746e-04 2.088666e-04 2.157788e-04 1.670999e+01 
650 32400 1.140426e-04 3.418234e-04 1.561828e-07 6.178441e+00 1.366882e+00 1.368785e+00 7.284018e-04 6.038869e+00 1.366608e+00 1.375084e+00 2.196142e-03 1.879392e-04 1.777058e-04 1.782286e-04 1.769865e+01 
650 40000 1.121338e-04 4.859550e-04 1.762062e-07 5.993422e+00 1.710077e+00 1.688997e+00 8.663342e-04 6.042546e+00 1.670755e+00 1.689513e+00 2.739933e-03 2.103348e-04 1.956928e-04 1.935936e-04 1.880017e+01 
650 48400 1.120896e-04 6.059866e-04 1.803972e-07 6.034732e+00 2.020363e+00 2.068291e+00 1.113925e-03 6.140805e+00 2.018698e+00 2.043949e+00 3.385728e-03 2.591076e-04 2.441994e-04 2.560352e-04 2.033287e+01 
650 57600 1.132734e-04 7.885518e-04 3.084075e-07 6.141049e+00 2.414903e+00 2.663499e+00 1.240903e-03 6.063522e+00 2.406076e+00 2.664352e+00 3.914833e-03 3.723852e-04 3.032156e-04 3.074298e-04 2.236049e+01 
650 67600 1.120656e-04 1.019013e-03 3.044028e-07 6.076540e+00 2.825436e+00 2.860049e+00 1.456047e-03 6.084147e+00 2.844610e+00 2.866190e+00 4.583393e-03 5.063376e-04 3.346728e-04 3.449922e-04 2.356538e+01 
650 78400 1.122520e-04 1.308293e-03 2.904329e-07 6.032770e+00 3.313325e+00 3.316621e+00 1.685502e-03 6.168027e+00 3.271184e+00 3.311996e+00 5.363678e-03 5.647048e-04 4.184580e-04 4.192172e-04 2.542385e+01 
650 90000 1.118854e-04 1.303108e-03 3.044028e-07 6.250408e+00 3.774505e+00 3.836920e+00 2.060401e-03 6.212530e+00 3.791881e+00 3.794268e+00 6.124027e-03 6.628838e-04 4.603506e-04 4.638678e-04 2.767175e+01 
700 400 1.213736e-04 5.299971e-06 1.261942e-07 7.121803e+00 1.797269e-02 1.818738e-02 1.940317e-05 7.199796e+00 1.800453e-02 1.809992e-02 3.164141e-05 1.804698e-05 1.649680e-05 1.587360e-05 1.439412e+01 
700 1600 1.233664e-04 1.723180e-05 1.383945e-07 7.255719e+00 7.209605e-02 7.300298e-02 4.613302e-05 7.258486e+00 7.207409e-02 7.268340e-02 1.139806e-04 3.217021e-05 2.968442e-05 2.905540e-05 1.480449e+01 
700 3600 1.224512e-04 3.641658e-05 1.260079e-07 7.261931e+00 1.622314e-01 1.638228e-01 8.972818e-05 7.239744e+00 1.618369e-01 1.641927e-01 2.494652e-04 4.651160e-05 4.315041e-05 4.660157e-05 1.515443e+01 
700 6400 1.214096e-04 6.574038e-05 1.042150e-07 7.229641e+00 2.886572e-01 2.929786e-01 1.482978e-04 7.225428e+00 2.887523e-01 2.922686e-01 4.398540e-04 5.321959e-05 5.038739e-05 4.844042e-05 1.561869e+01 
700 10000 1.211892e-04 1.007108e-04 1.339708e-07 7.204354e+00 4.499451e-01 4.555788e-01 2.253532e-04 7.203044e+00 4.501958e-01 4.589498e-01 6.915706e-04 6.890502e-05 6.661164e-05 6.669578e-05 1.622345e+01 
700 14400 1.204782e-04 1.474666e-04 1.342036e-07 7.049175e+00 6.556652e-01 6.552300e-01 3.241970e-04 7.288926e+00 6.485250e-01 6.559849e-01 9.839742e-04 8.847220e-05 8.563017e-05 8.650338e-05 1.695539e+01 
700 19600 1.237712e-04 1.995886e-04 1.181848e-07 7.292516e+00 8.866560e-01 8.940563e-01 4.450178e-04 7.306895e+00 8.904734e-01 8.947587e-01 1.358915e-03 1.192764e-04 1.176602e-04 1.132934e-04 1.816789e+01 
700 25600 1.225134e-04 2.591618e-04 1.201872e-07 7.314635e+00 1.156023e+00 1.172449e+00 5.918034e-04 7.298533e+00 1.207746e+00 1.163653e+00 1.743455e-03 2.376096e-04 2.210646e-04 2.189114e-04 1.931649e+01 
700 32400 1.223972e-04 3.495028e-04 1.601875e-07 7.326879e+00 1.457659e+00 1.475204e+00 7.295434e-04 7.345294e+00 1.500053e+00 1.473578e+00 2.220410e-03 1.790658e-04 1.766042e-04 1.771772e-04 2.058267e+01 
700 40000 1.220526e-04 4.626682e-04 1.462176e-07 7.358926e+00 1.978056e+00 1.997707e+00 9.149488e-04 7.372511e+00 1.970777e+00 1.990752e+00 2.708346e-03 2.093994e-04 1.962896e-04 1.972932e-04 2.267358e+01 
700 48400 1.205402e-04 6.193024e-04 2.363697e-07 7.360429e+00 2.181158e+00 2.201986e+00 1.048914e-03 7.345280e+00 2.177687e+00 2.200297e+00 3.273868e-03 2.728262e-04 2.616856e-04 2.621302e-04 2.347275e+01 
700 57600 1.204442e-04 7.612148e-04 1.541805e-07 7.355768e+00 2.591972e+00 2.620683e+00 1.247294e-03 7.352017e+00 2.603959e+00 2.631837e+00 3.908812e-03 4.245070e-04 2.875342e-04 2.872478e-04 2.516332e+01 
700 67600 1.224832e-04 1.000591e-03 2.944376e-07 7.381568e+00 3.345514e+00 3.371755e+00 1.557462e-03 7.361963e+00 3.334376e+00 3.372119e+00 4.629398e-03 4.545562e-04 3.661678e-04 3.641068e-04 2.817584e+01 
700 78400 1.202980e-04 1.102912e-03 2.384186e-07 7.344270e+00 3.546586e+00 3.571084e+00 1.687653e-03 7.360800e+00 3.529392e+00 3.563041e+00 5.315182e-03 5.055784e-04 4.201066e-04 4.191450e-04 2.892479e+01 
700 90000 1.204642e-04 1.329096e-03 3.003981e-07 7.349526e+00 4.057256e+00 4.098592e+00 1.993510e-03 7.363217e+00 4.071635e+00 4.086613e+00 6.095810e-03 6.265892e-04 4.231630e-04 4.267324e-04 3.103791e+01 
750 400 1.294598e-04 5.598413e-06 1.402106e-07 8.782084e+00 1.916101e-02 1.947260e-02 1.979559e-05 8.758342e+00 1.912956e-02 1.950828e-02 3.136480e-05 1.773043e-05 1.587761e-05 1.851576e-05 1.761796e+01 
750 1600 1.321656e-04 1.731981e-05 1.261942e-07 8.743685e+00 7.699443e-02 7.795698e-02 4.571821e-05 8.758965e+00 7.700050e-02 7.771337e-02 1.127086e-04 3.108461e-05 3.076801e-05 2.800380e-05 1.781274e+01 
750 3600 1.314086e-04 3.642840e-05 1.322012e-07 8.759955e+00 1.737430e-01 1.752985e-01 8.919542e-05 8.752935e+00 1.758288e-01 1.766500e-01 2.481652e-04 4.495941e-05 4.386161e-05 3.986182e-05 1.821508e+01 
750 6400 1.311662e-04 6.694016e-05 1.261942e-07 8.728372e+00 3.098899e-01 3.119425e-01 1.484240e-04 8.732752e+00 3.094814e-01 3.119191e-01 4.397280e-04 5.453960e-05 5.054357e-05 5.279896e-05 1.870534e+01 
750 10000 1.317972e-04 9.685876e-05 1.701992e-07 8.742905e+00 4.821502e-01 5.128594e-01 2.249224e-04 8.540607e+00 4.815976e-01 4.873818e-01 6.818382e-04 6.942181e-05 6.554401e-05 6.974237e-05 1.924889e+01 
750 14400 1.312164e-04 1.514206e-04 1.221895e-07 8.513664e+00 6.947792e-01 7.003958e-01 3.200910e-04 8.515521e+00 6.936169e-01 7.022234e-01 9.788944e-04 8.695424e-05 8.474276e-05 8.827201e-05 1.982209e+01 
750 19600 1.277792e-04 1.948714e-04 1.322012e-07 8.545091e+00 9.490683e-01 9.556460e-01 4.592812e-04 8.539153e+00 9.454662e-01 9.546616e-01 1.329082e-03 1.233166e-04 1.077532e-04 1.088088e-04 2.089159e+01 
750 25600 1.300986e-04 2.640970e-04 1.622364e-07 8.504769e+00 1.238791e+00 1.251591e+00 5.648434e-04 8.518545e+00 1.304859e+00 1.246029e+00 1.751936e-03 2.251348e-04 2.093934e-04 2.035046e-04 2.206799e+01 
750 32400 1.287768e-04 3.448862e-04 1.422130e-07 8.473645e+00 1.562378e+00 1.579418e+00 7.357894e-04 8.450747e+00 1.560145e+00 1.578340e+00 2.194974e-03 1.862106e-04 1.789096e-04 1.813274e-04 2.320868e+01 
750 40000 1.311084e-04 5.862560e-04 2.304092e-07 8.452871e+00 1.928621e+00 1.945808e+00 9.279154e-04 8.463095e+00 1.938618e+00 1.946768e+00 2.709742e-03 2.078572e-04 2.081316e-04 2.073504e-04 2.468080e+01 
750 48400 1.294960e-04 5.991912e-04 2.262183e-07 8.452744e+00 2.338473e+00 2.358868e+00 1.085937e-03 8.452291e+00 2.335880e+00 2.364563e+00 3.281863e-03 2.428414e-04 2.340204e-04 2.343428e-04 2.630867e+01 
750 57600 1.278354e-04 7.574780e-04 2.483837e-07 8.436293e+00 2.781606e+00 2.806687e+00 1.329550e-03 8.424343e+00 2.776615e+00 2.802901e+00 4.021226e-03 4.375126e-04 2.865268e-04 2.892830e-04 2.803574e+01 
750 67600 1.305332e-04 9.995238e-04 2.144370e-07 8.529659e+00 3.258720e+00 3.295425e+00 1.458219e-03 8.542712e+00 3.264538e+00 3.291383e+00 4.577302e-03 4.838118e-04 3.670392e-04 3.666166e-04 3.019087e+01 
750 78400 1.299724e-04 1.112134e-03 3.745779e-07 8.437635e+00 3.783057e+00 3.814922e+00 1.685186e-03 8.470798e+00 3.778424e+00 3.815201e+00 5.321771e-03 4.460154e-04 4.071510e-04 4.146222e-04 3.210960e+01 
750 90000 1.300064e-04 1.328672e-03 2.664048e-07 8.480791e+00 4.758819e+00 4.402446e+00 1.958725e-03 8.458204e+00 4.422849e+00 4.395346e+00 6.113249e-03 6.620224e-04 4.614962e-04 4.619410e-04 3.492962e+01 
800 400 1.401716e-04 5.538203e-06 1.482200e-07 9.806582e+00 2.059014e-02 2.076600e-02 1.947321e-05 9.809797e+00 2.058824e-02 2.087448e-02 3.099241e-05 1.979559e-05 1.528501e-05 1.549120e-05 1.969947e+01 
800 1600 1.402118e-04 1.732376e-05 1.422130e-07 9.782813e+00 8.228963e-02 8.291663e-02 4.819199e-05 9.847423e+00 8.228563e-02 8.302321e-02 1.146834e-04 2.932800e-05 2.798201e-05 2.822019e-05 1.996119e+01 
800 3600 1.375796e-04 4.040441e-05 1.301989e-07 9.799851e+00 1.874758e-01 1.903955e-01 9.109038e-05 9.800558e+00 1.850313e-01 1.867864e-01 2.451848e-04 4.711640e-05 4.335479e-05 4.534377e-05 2.035079e+01 
800 6400 1.395068e-04 6.735884e-05 1.281966e-07 9.777517e+00 3.299788e-01 3.330398e-01 1.541686e-04 9.778250e+00 3.289759e-01 3.327508e-01 4.392972e-04 5.612802e-05 5.127280e-05 5.084402e-05 2.088151e+01 
800 10000 1.388116e-04 9.731962e-05 1.322012e-07 9.782321e+00 5.144796e-01 5.194764e-01 2.256074e-04 9.776892e+00 5.144486e-01 5.200555e-01 6.804600e-04 7.071579e-05 6.543379e-05 6.597461e-05 2.162907e+01 
800 14400 1.385994e-04 1.447286e-04 1.322012e-07 9.761974e+00 7.408781e-01 7.504082e-01 3.191642e-04 9.764139e+00 7.427433e-01 7.542057e-01 9.788704e-04 8.546002e-05 8.678404e-05 8.405582e-05 2.251624e+01 
800 19600 1.384952e-04 1.951140e-04 1.461711e-07 9.747652e+00 1.007922e+00 1.017217e+00 4.510734e-04 9.760170e+00 1.008856e+00 1.018230e+00 1.331841e-03 1.239756e-04 1.079456e-04 1.069380e-04 2.356256e+01 
800 25600 1.387156e-04 2.609426e-04 1.261942e-07 9.731397e+00 1.318853e+00 1.329176e+00 5.665648e-04 9.754420e+00 1.319375e+00 1.329252e+00 1.826285e-03 2.236266e-04 2.008826e-04 2.018702e-04 2.478594e+01 
800 32400 1.372294e-04 3.596684e-04 1.742039e-07 9.768781e+00 1.667889e+00 1.684905e+00 7.072024e-04 9.764836e+00 1.670392e+00 1.682482e+00 2.196307e-03 1.801816e-04 1.708858e-04 1.706294e-04 2.624326e+01 
800 40000 1.392062e-04 4.448578e-04 2.284069e-07 1.010835e+01 2.067439e+00 2.080574e+00 8.667010e-04 9.928778e+00 2.064590e+00 2.099294e+00 2.710663e-03 2.621142e-04 1.947614e-04 1.946712e-04 2.835389e+01 
800 48400 1.387076e-04 6.444682e-04 2.363697e-07 9.897686e+00 2.498557e+00 2.520941e+00 1.050857e-03 9.859502e+00 2.489813e+00 2.512616e+00 3.279219e-03 2.555582e-04 2.401914e-04 2.390998e-04 2.978501e+01 
800 57600 1.379744e-04 8.925134e-04 1.884066e-07 9.706256e+00 2.975677e+00 2.997986e+00 1.272915e-03 9.729701e+00 2.962486e+00 3.003930e+00 3.903261e-03 3.751774e-04 2.744766e-04 2.765658e-04 3.138322e+01 
800 67600 1.392704e-04 1.059904e-03 3.763940e-07 9.870492e+00 3.481212e+00 3.509427e+00 1.549144e-03 9.865942e+00 3.513114e+00 3.538088e+00 4.582492e-03 4.988242e-04 3.648058e-04 3.612684e-04 3.378688e+01 
800 78400 1.385612e-04 1.133532e-03 2.724119e-07 9.821542e+00 4.054921e+00 4.087284e+00 1.745300e-03 9.662944e+00 4.040582e+00 4.072598e+00 5.481109e-03 5.290896e-04 3.768578e-04 3.728418e-04 3.574970e+01 
800 90000 1.384210e-04 1.318140e-03 3.025867e-07 9.964468e+00 4.683252e+00 4.698159e+00 2.068853e-03 9.900260e+00 4.639012e+00 4.681139e+00 6.120027e-03 5.897464e-04 4.700894e-04 4.714876e-04 3.857752e+01 
850 400 1.461408e-04 5.518179e-06 1.241919e-07 1.135255e+01 2.183069e-02 2.204261e-02 1.975158e-05 1.120716e+01 2.187990e-02 2.211631e-02 3.152099e-05 1.773061e-05 1.622820e-05 1.507062e-05 2.264786e+01 
850 1600 1.460262e-04 1.934697e-05 1.921784e-07 1.118786e+01 8.749430e-02 8.823075e-02 4.580263e-05 1.137298e+01 8.748545e-02 8.827274e-02 1.121138e-04 3.066780e-05 2.993876e-05 3.360840e-05 2.291278e+01 
850 3600 1.459924e-04 3.858982e-05 1.242384e-07 1.125362e+01 1.968096e-01 1.984724e-01 9.280480e-05 1.131983e+01 1.965233e-01 1.986144e-01 2.491248e-04 4.748902e-05 4.287600e-05 4.436043e-05 2.336456e+01 
850 6400 1.479194e-04 6.514164e-05 1.321547e-07 1.130490e+01 3.494816e-01 3.534558e-01 1.509318e-04 1.127094e+01 3.502665e-01 3.533701e-01 4.392674e-04 5.259882e-05 5.144901e-05 5.317163e-05 2.398341e+01 
850 10000 1.470260e-04 9.974740e-05 1.220033e-07 1.130951e+01 5.480933e-01 6.063716e-01 2.259262e-04 1.126274e+01 5.476926e-01 6.083821e-01 6.818846e-04 6.855861e-05 6.770520e-05 6.707641e-05 2.488419e+01 
850 14400 1.475828e-04 1.451692e-04 1.281966e-07 1.131374e+01 7.868778e-01 7.944744e-01 3.202374e-04 1.135692e+01 7.870182e-01 7.936570e-01 9.768224e-04 8.828221e-05 8.835616e-05 8.521359e-05 2.583459e+01 
850 19600 1.484102e-04 1.887666e-04 1.362059e-07 1.129699e+01 1.082758e+00 1.096033e+00 4.341738e-04 1.125642e+01 1.071317e+00 1.080865e+00 1.330958e-03 1.277912e-04 1.155870e-04 1.164644e-04 2.688689e+01 
850 25600 1.468718e-04 2.625128e-04 1.362059e-07 1.124415e+01 1.400926e+00 1.413435e+00 5.656726e-04 1.130178e+01 1.401128e+00 1.410324e+00 1.820153e-03 2.250188e-04 2.101326e-04 2.139782e-04 2.817525e+01 
850 32400 1.450532e-04 3.428612e-04 1.202337e-07 1.121690e+01 1.772197e+00 1.788771e+00 7.062530e-04 1.123341e+01 1.773397e+00 1.786545e+00 2.195159e-03 1.753484e-04 1.601916e-04 1.724040e-04 2.957516e+01 
850 40000 1.454618e-04 4.586764e-04 1.701992e-07 1.120511e+01 2.189547e+00 2.208397e+00 8.670576e-04 1.120885e+01 2.199751e+00 2.225624e+00 2.771973e-03 2.087866e-04 1.974516e-04 1.978904e-04 3.124217e+01 
850 48400 1.476530e-04 5.919700e-04 2.423767e-07 1.179307e+01 2.646851e+00 2.675253e+00 1.085452e-03 1.130831e+01 2.642913e+00 2.667523e+00 3.310459e-03 2.614594e-04 2.456558e-04 2.452812e-04 3.373985e+01 
850 57600 1.505132e-04 7.867070e-04 2.724119e-07 1.134244e+01 3.150264e+00 3.181911e+00 1.247537e-03 1.134533e+01 3.142100e+00 3.174548e+00 3.902098e-03 3.012688e-04 2.917488e-04 2.950036e-04 3.534362e+01 
850 67600 1.465212e-04 9.358104e-04 2.724119e-07 1.126156e+01 4.048274e+00 4.087168e+00 1.504471e-03 1.124668e+01 4.050130e+00 4.083332e+00 4.578762e-03 4.540094e-04 3.159790e-04 3.210906e-04 3.878545e+01 
850 78400 1.469780e-04 1.081565e-03 1.763925e-07 1.112257e+01 4.706253e+00 4.741149e+00 1.688677e-03 1.108955e+01 4.711523e+00 4.742448e+00 5.320865e-03 4.951184e-04 4.022940e-04 4.138914e-04 4.112309e+01 
850 90000 1.454816e-04 1.322235e-03 3.003981e-07 1.110897e+01 5.407360e+00 5.433138e+00 2.044979e-03 1.111282e+01 5.392714e+00 5.468822e+00 6.098064e-03 6.095822e-04 4.606572e-04 4.664600e-04 4.393502e+01 
900 400 1.562718e-04 5.814759e-06 1.301989e-07 1.280525e+01 2.310419e-02 2.330360e-02 1.960942e-05 1.274014e+01 2.306200e-02 2.331088e-02 3.306740e-05 1.657060e-05 1.392681e-05 1.400700e-05 2.563846e+01 
900 1600 1.551422e-04 1.670099e-05 1.261942e-07 1.279251e+01 9.246001e-02 9.335539e-02 4.592882e-05 1.274667e+01 9.256671e-02 9.351208e-02 1.119236e-04 3.235438e-05 2.861298e-05 2.829242e-05 2.591152e+01 
900 3600 1.554526e-04 3.605201e-05 1.322012e-07 1.288400e+01 2.077729e-01 2.102573e-01 9.153499e-05 1.271362e+01 2.077260e-01 2.103973e-01 2.484798e-04 4.598680e-05 4.435019e-05 4.473082e-05 2.643447e+01 
900 6400 1.550580e-04 6.627720e-05 1.482200e-07 1.274086e+01 3.696424e-01 3.744223e-01 1.478954e-04 1.274359e+01 3.722205e-01 3.771702e-01 4.451820e-04 5.520256e-05 5.201581e-05 5.049356e-05 2.697892e+01 
900 10000 1.554006e-04 1.012316e-04 1.862179e-07 1.275391e+01 5.788486e-01 6.395394e-01 2.269336e-04 1.278493e+01 5.870111e-01 6.394412e-01 6.803022e-04 6.803181e-05 6.515961e-05 6.698840e-05 2.798509e+01 
900 14400 1.537040e-04 1.461808e-04 1.302455e-07 1.274435e+01 8.327300e-01 8.408084e-01 3.210824e-04 1.279031e+01 8.338251e-01 8.437639e-01 9.819094e-04 8.761100e-05 9.916439e-05 8.971239e-05 2.888773e+01 
900 19600 1.537082e-04 1.937660e-04 1.281966e-07 1.271754e+01 1.135331e+00 1.146276e+00 4.337452e-04 1.276898e+01 1.138004e+00 1.144784e+00 1.332933e-03 1.207508e-04 1.127808e-04 1.171092e-04 3.005344e+01 
900 25600 1.548076e-04 2.597448e-04 1.362059e-07 1.274253e+01 1.492893e+00 1.509034e+00 5.627382e-04 1.281133e+01 1.501395e+00 1.497848e+00 1.754741e-03 2.090086e-04 2.022286e-04 2.243194e-04 3.155844e+01 
900 32400 1.555448e-04 3.484752e-04 1.816824e-06 1.276413e+01 1.876165e+00 1.905857e+00 7.660424e-04 1.278410e+01 1.873930e+00 1.890271e+00 2.193216e-03 1.775356e-04 1.590820e-04 1.632904e-04 3.309847e+01 
900 40000 1.536138e-04 4.653282e-04 2.304092e-07 1.280812e+01 2.312541e+00 2.343347e+00 8.951818e-04 1.279729e+01 2.319465e+00 2.333925e+00 2.775265e-03 2.165462e-04 2.047024e-04 2.054634e-04 3.491965e+01 
900 48400 1.550180e-04 6.242502e-04 2.923887e-07 1.278326e+01 2.806760e+00 2.833548e+00 1.080717e-03 1.279254e+01 2.799802e+00 2.826575e+00 3.276570e-03 2.477508e-04 2.404258e-04 2.457338e-04 3.684841e+01 
900 57600 1.534858e-04 8.172150e-04 2.404209e-07 1.316568e+01 3.337866e+00 3.394076e+00 1.247707e-03 1.296962e+01 3.335901e+00 3.391188e+00 3.910344e-03 4.365414e-04 2.773472e-04 2.775394e-04 3.960150e+01 
900 67600 1.539904e-04 1.004600e-03 2.142042e-07 1.301012e+01 3.917454e+00 3.956807e+00 1.462387e-03 1.298099e+01 3.913602e+00 3.943795e+00 4.654339e-03 4.321388e-04 3.656694e-04 3.625366e-04 4.173124e+01 
900 78400 1.565942e-04 1.143684e-03 2.644025e-07 1.290293e+01 4.547973e+00 4.592071e+00 1.688709e-03 1.342275e+01 4.535791e+00 4.571635e+00 5.368620e-03 5.184518e-04 4.173084e-04 4.212644e-04 4.458291e+01 
900 90000 1.554988e-04 1.289808e-03 2.843793e-07 1.313174e+01 5.238938e+00 5.265945e+00 2.046584e-03 1.313237e+01 5.223218e+00 5.268068e+00 6.096478e-03 5.946598e-04 4.479844e-04 4.624660e-04 4.727143e+01 
950 400 1.635448e-04 5.656388e-06 1.182314e-07 1.453292e+01 2.444285e-02 2.468024e-02 1.968942e-05 1.455327e+01 2.452222e-02 2.465860e-02 3.207596e-05 1.842137e-05 1.631039e-05 1.606601e-05 2.918480e+01 
950 1600 1.647204e-04 1.763040e-05 1.122244e-07 1.447970e+01 9.793641e-02 9.872910e-02 4.607500e-05 1.453574e+01 9.768261e-02 9.845152e-02 1.125884e-04 3.269296e-05 3.047162e-05 2.873298e-05 2.940870e+01 
950 3600 1.641438e-04 3.647860e-05 1.241919e-07 1.452364e+01 2.204359e-01 2.221140e-01 9.165318e-05 1.455619e+01 2.208777e-01 2.229154e-01 2.488684e-04 4.551401e-05 4.681819e-05 4.368122e-05 2.996688e+01 
950 6400 1.642538e-04 6.649960e-05 1.222361e-07 1.451064e+01 3.916283e-01 3.945133e-01 1.484340e-04 1.453533e+01 3.915905e-01 3.948479e-01 4.386246e-04 5.919859e-05 5.126460e-05 4.865280e-05 3.061957e+01 
950 10000 1.642158e-04 1.014118e-04 1.322012e-07 1.454317e+01 6.607224e-01 6.780217e-01 2.276550e-04 1.453755e+01 6.237311e-01 6.816814e-01 6.809772e-04 6.904341e-05 6.950819e-05 6.641941e-05 3.172631e+01 
950 14400 1.618222e-04 1.456840e-04 1.701992e-07 1.453246e+01 8.827057e-01 8.912903e-01 3.205898e-04 1.449009e+01 8.947863e-01 8.906921e-01 9.769704e-04 8.689021e-05 8.591861e-05 8.497317e-05 3.258393e+01 
950 19600 1.628678e-04 1.974336e-04 1.263805e-07 1.456404e+01 1.318012e+00 1.323973e+00 4.319164e-04 1.452628e+01 1.317240e+00 1.322361e+00 1.330003e-03 1.176420e-04 1.094818e-04 1.071342e-04 3.437441e+01 
950 25600 1.634104e-04 2.626392e-04 1.802109e-07 1.456598e+01 1.565255e+00 1.579962e+00 5.651098e-04 1.447504e+01 1.564318e+00 1.579692e+00 1.741136e-03 2.182686e-04 2.027294e-04 2.052392e-04 3.533366e+01 
950 32400 1.637112e-04 3.465586e-04 1.661945e-07 1.449948e+01 1.982814e+00 1.999458e+00 7.279712e-04 1.438073e+01 1.979516e+00 1.996092e+00 2.235439e-03 1.757230e-04 1.619986e-04 1.623510e-04 3.684212e+01 
950 40000 1.644082e-04 4.835738e-04 1.542270e-07 1.444038e+01 2.689324e+00 2.702401e+00 8.711478e-04 1.451810e+01 2.684441e+00 2.712205e+00 2.711849e-03 2.097800e-04 1.954886e-04 1.978080e-04 3.975174e+01 
950 48400 1.626934e-04 6.145516e-04 1.723878e-07 1.476512e+01 2.972450e+00 3.006727e+00 1.090203e-03 1.472132e+01 2.979900e+00 2.978667e+00 3.297301e-03 2.657716e-04 2.550276e-04 2.630214e-04 4.143019e+01 
950 57600 1.628738e-04 7.992902e-04 2.624001e-07 1.472267e+01 3.527817e+00 3.545119e+00 1.287034e-03 1.470628e+01 3.518654e+00 3.550938e+00 3.970157e-03 3.988528e-04 2.945548e-04 2.968902e-04 4.357874e+01 
950 67600 1.631982e-04 1.005961e-03 2.444256e-07 1.471941e+01 4.164599e+00 4.165260e+00 1.504091e-03 1.427677e+01 4.139935e+00 4.166269e+00 4.628493e-03 3.879126e-04 3.184786e-04 3.187830e-04 4.564063e+01 
950 78400 1.644122e-04 1.146420e-03 2.583954e-07 1.427145e+01 4.794921e+00 4.850950e+00 1.688152e-03 1.437732e+01 4.789390e+00 4.833028e+00 5.300557e-03 4.914596e-04 4.073856e-04 4.206496e-04 4.792672e+01 
950 90000 1.634886e-04 1.405628e-03 2.624001e-07 1.432237e+01 5.507549e+00 6.096200e+00 1.935515e-03 1.436605e+01 5.494046e+00 6.078356e+00 6.105339e-03 6.536502e-04 4.304262e-04 4.257210e-04 5.187574e+01 
1000 400 1.735296e-04 5.903002e-06 1.202337e-07 1.655245e+01 2.584484e-02 2.598345e-02 1.980579e-05 1.655901e+01 2.584114e-02 2.594965e-02 3.335802e-05 1.795883e-05 1.502237e-05 1.511262e-05 3.321539e+01 
1000 1600 1.723000e-04 1.806100e-05 1.261942e-07 1.653966e+01 1.032889e-01 1.039031e-01 4.608501e-05 1.653044e+01 1.032662e-01 1.039904e-01 1.141588e-04 2.945201e-05 2.924376e-05 2.743099e-05 3.348501e+01 
1000 3600 1.702708e-04 3.860784e-05 1.202337e-07 1.654469e+01 2.317813e-01 2.350796e-01 9.011882e-05 1.663056e+01 2.313293e-01 2.341823e-01 2.480392e-04 4.689619e-05 4.669982e-05 4.411200e-05 3.410835e+01 
1000 6400 1.726122e-04 6.615496e-05 1.281966e-07 1.680747e+01 4.118806e-01 4.155806e-01 1.497580e-04 1.678803e+01 4.115295e-01 4.158726e-01 4.388852e-04 5.568541e-05 7.611178e-05 5.125678e-05 3.525142e+01 
1000 10000 1.727826e-04 1.000098e-04 1.722015e-07 1.678812e+01 6.438633e-01 6.491217e-01 2.266454e-04 1.687437e+01 6.436744e-01 6.482841e-01 6.899986e-04 6.883498e-05 6.530178e-05 6.800382e-05 3.624888e+01 
1000 14400 1.714306e-04 1.433086e-04 1.042150e-07 1.675557e+01 9.275124e-01 9.348434e-01 3.228660e-04 1.678153e+01 9.324484e-01 9.429966e-01 9.796962e-04 9.025098e-05 8.706441e-05 8.429401e-05 3.727683e+01 
1000 19600 1.722098e-04 1.946952e-04 1.441687e-07 1.683207e+01 1.261821e+00 1.279483e+00 4.343002e-04 1.673608e+01 1.257174e+00 1.271819e+00 1.332637e-03 1.202380e-04 1.081560e-04 1.084504e-04 3.864097e+01 
1000 25600 1.718454e-04 2.723298e-04 1.402106e-07 1.675394e+01 1.646595e+00 1.659139e+00 5.633452e-04 1.664916e+01 1.647090e+00 1.678966e+00 1.752996e-03 2.142346e-04 2.092072e-04 2.107574e-04 4.003834e+01 
1000 32400 1.714646e-04 3.512478e-04 1.624227e-07 1.660066e+01 2.101888e+00 2.115397e+00 7.042062e-04 1.666363e+01 2.086413e+00 2.108208e+00 2.201336e-03 1.862968e-04 1.756568e-04 1.813414e-04 4.168022e+01 
1000 40000 1.717870e-04 4.578932e-04 1.601875e-07 1.654752e+01 2.572067e+00 2.613502e+00 8.660982e-04 1.663302e+01 2.572314e+00 2.596050e+00 2.712040e-03 2.066432e-04 1.946872e-04 2.021124e-04 4.353933e+01 
1000 48400 1.723298e-04 6.104956e-04 3.084075e-07 1.661835e+01 3.132733e+00 3.144113e+00 1.048559e-03 1.659945e+01 3.110551e+00 3.140022e+00 3.291703e-03 3.672394e-04 2.315384e-04 2.335776e-04 4.575123e+01 
1000 57600 1.720734e-04 8.205556e-04 2.664048e-07 1.666038e+01 4.076125e+00 3.741885e+00 1.241494e-03 1.660940e+01 4.076174e+00 3.732566e+00 3.912397e-03 4.109450e-04 2.715264e-04 2.755304e-04 4.890369e+01 
1000 67600 1.718752e-04 1.002080e-03 2.644025e-07 1.669287e+01 4.370650e+00 4.426648e+00 1.510292e-03 1.656790e+01 4.345114e+00 4.391952e+00 4.581265e-03 3.935308e-04 3.363334e-04 3.234902e-04 5.080350e+01 
1000 78400 1.703670e-04 1.231523e-03 3.104098e-07 1.667605e+01 5.044645e+00 5.082590e+00 1.689678e-03 1.665379e+01 5.078169e+00 5.119371e+00 5.306646e-03 5.453380e-04 3.711214e-04 3.605976e-04 5.366434e+01 
1000 90000 1.714426e-04 1.280038e-03 2.264045e-07 1.681358e+01 5.795234e+00 5.853341e+00 1.947242e-03 1.679266e+01 5.786240e+00 5.853410e+00 6.107185e-03 6.325608e-04 4.327438e-04 4.330764e-04 5.690551e+01 
