50 100 9.741611e-06 1.329998e-06 7.410999e-08 6.328930e-02 3.369374e-04 3.731916e-04 1.939801e-05 6.961753e-02 3.425718e-04 3.849471e-04 7.663504e-06 3.075791e-05 2.822620e-05 2.923370e-05 1.344769e-01 
50 400 9.679515e-06 4.196190e-06 5.499460e-08 6.039444e-02 9.061428e-04 9.894683e-04 2.401581e-05 6.049368e-02 8.933878e-04 9.825129e-04 2.791670e-05 3.027020e-05 2.886711e-05 2.778950e-05 1.248177e-01 
50 900 8.572801e-06 1.006909e-05 4.409812e-08 6.457228e-02 1.980503e-03 2.158442e-03 3.832630e-05 5.525160e-02 1.890768e-03 2.140224e-03 6.188450e-05 4.429419e-05 4.451650e-05 4.278889e-05 1.282494e-01 
50 1600 9.879796e-06 1.315260e-05 3.699679e-08 5.964104e-02 3.256335e-03 3.682390e-03 5.144491e-05 6.104092e-02 3.206300e-03 3.669569e-03 1.105382e-04 5.532869e-05 5.213390e-05 4.813790e-05 1.348425e-01 
50 2500 8.574920e-06 2.614900e-05 3.909227e-08 6.733886e-02 4.950972e-03 5.623075e-03 7.166110e-05 7.025394e-02 4.973103e-03 5.595333e-03 1.707050e-04 7.115831e-05 7.012780e-05 6.976621e-05 1.592316e-01 
50 3600 9.797607e-06 3.267990e-05 5.098991e-08 6.886402e-02 7.051929e-03 7.973885e-03 9.504710e-05 6.753542e-02 7.085110e-03 7.972195e-03 2.445323e-04 7.927041e-05 8.163999e-05 7.529850e-05 1.671077e-01 
50 4900 9.815698e-06 5.099820e-05 2.710149e-08 6.569627e-02 9.563701e-03 1.076364e-02 1.260523e-04 6.611254e-02 9.561441e-03 1.079891e-02 3.353540e-04 9.504999e-05 8.554682e-05 9.083769e-05 1.732971e-01 
50 6400 8.553802e-06 5.815891e-05 6.209593e-08 6.597505e-02 1.247679e-02 1.408070e-02 1.620180e-04 5.842478e-02 1.255783e-02 1.416740e-02 4.338612e-04 1.015888e-04 1.132903e-04 1.115677e-04 1.786777e-01 
50 8100 9.590294e-06 7.195349e-05 4.509930e-08 6.709006e-02 1.575820e-02 1.785462e-02 2.188980e-04 6.589021e-02 1.574152e-02 1.789447e-02 5.560087e-04 1.065713e-04 1.056749e-04 1.023730e-04 2.014076e-01 
50 10000 8.631893e-06 8.888580e-05 5.110633e-08 6.566677e-02 1.938213e-02 2.197687e-02 2.515167e-04 5.744199e-02 1.949688e-02 2.197605e-02 6.797846e-04 1.148126e-04 1.065913e-04 1.058712e-04 2.073040e-01 
50 12100 9.912811e-06 1.129407e-04 5.511101e-08 6.685648e-02 2.356129e-02 2.662608e-02 3.080082e-04 6.515346e-02 2.356674e-02 2.668503e-02 8.197958e-04 1.229457e-04 1.151901e-04 1.129939e-04 2.340582e-01 
50 14400 8.624909e-06 1.297018e-04 5.811453e-08 6.873130e-02 2.796580e-02 3.173426e-02 3.456205e-04 5.638890e-02 2.818010e-02 3.241581e-02 9.802951e-04 1.405441e-04 1.324179e-04 1.321575e-04 2.472928e-01 
50 16900 9.774603e-06 1.534724e-04 9.019859e-08 6.833916e-02 3.520490e-02 3.818572e-02 4.580766e-04 7.405475e-02 3.412116e-02 3.883124e-02 1.146664e-03 1.670657e-04 1.621343e-04 1.580172e-04 2.909997e-01 
50 19600 1.008408e-05 1.750757e-04 4.309695e-08 6.451322e-02 4.099813e-02 4.430946e-02 4.892191e-04 7.251365e-02 3.885514e-02 4.559525e-02 1.340433e-03 1.829063e-04 1.721052e-04 1.704277e-04 3.093340e-01 
50 22500 9.894697e-06 2.022703e-04 5.811453e-08 7.136177e-02 4.619033e-02 5.064874e-02 5.584476e-04 6.400817e-02 4.649558e-02 5.314151e-02 1.595041e-03 1.984476e-04 1.872939e-04 1.863405e-04 3.347904e-01 
50 25600 8.530682e-06 2.313057e-04 3.401656e-08 6.435624e-02 5.327700e-02 6.038730e-02 6.185484e-04 6.451051e-02 5.161522e-02 6.456494e-02 1.735002e-03 2.369402e-04 1.967210e-04 2.034590e-04 3.619505e-01 
50 28900 9.870785e-06 2.866584e-04 2.500601e-08 6.764956e-02 6.411645e-02 7.310897e-02 7.469754e-04 6.836291e-02 6.581119e-02 7.208720e-02 1.955695e-03 2.053399e-04 1.915012e-04 1.978647e-04 4.147383e-01 
50 32400 9.854697e-06 3.192080e-04 9.208452e-08 6.617201e-02 7.343699e-02 7.974870e-02 7.370496e-04 6.723473e-02 7.436324e-02 8.204620e-02 2.216932e-03 2.107080e-04 2.020380e-04 2.147319e-04 4.469189e-01 
50 36100 9.110593e-06 3.682554e-04 4.810281e-08 7.411581e-02 8.278970e-02 9.130842e-02 8.210461e-04 6.095624e-02 7.270788e-02 8.187222e-02 2.468116e-03 2.108611e-04 2.006819e-04 1.999698e-04 4.680367e-01 
50 40000 9.775697e-06 3.990524e-04 6.209593e-08 5.722698e-02 7.875167e-02 8.937786e-02 8.975103e-04 5.669693e-02 7.922184e-02 9.020900e-02 2.802463e-03 1.910014e-04 1.848002e-04 1.839639e-04 4.561594e-01 
50 44100 8.639903e-06 4.697941e-04 4.700851e-08 6.645010e-02 8.663638e-02 9.900133e-02 9.938113e-04 5.780195e-02 8.669090e-02 9.905956e-02 2.986509e-03 2.082983e-04 2.179207e-04 2.145707e-04 5.007541e-01 
50 48400 1.044560e-05 4.953242e-04 3.799796e-08 6.642828e-02 9.632086e-02 1.097819e-01 1.078962e-03 5.600163e-02 9.524458e-02 1.087010e-01 3.274761e-03 2.230824e-04 2.142943e-04 2.205726e-04 5.380027e-01 
50 52900 9.637396e-06 5.710384e-04 8.211937e-08 6.646480e-02 1.054432e-01 1.184597e-01 1.184090e-03 5.546729e-02 1.036920e-01 1.176242e-01 3.622169e-03 2.279356e-04 2.134850e-04 2.124935e-04 5.732054e-01 
50 57600 9.972882e-06 6.760663e-04 6.209593e-08 5.553956e-02 1.138039e-01 1.296936e-01 1.242995e-03 5.490041e-02 1.130802e-01 1.297877e-01 3.895808e-03 2.505464e-04 2.421468e-04 2.341690e-04 6.033643e-01 
50 62500 8.553709e-06 7.374120e-04 5.711336e-08 6.730135e-02 1.236675e-01 1.407420e-01 1.437196e-03 5.626127e-02 1.240444e-01 1.407045e-01 4.275548e-03 2.628017e-04 2.747376e-04 2.728067e-04 6.599981e-01 
50 67600 8.591800e-06 8.963875e-04 6.111804e-08 6.602390e-02 1.337340e-01 1.520675e-01 1.513929e-03 5.687677e-02 1.338566e-01 1.522722e-01 4.668850e-03 2.808076e-04 2.981004e-04 2.981926e-04 7.028033e-01 
50 72900 8.518691e-06 9.924551e-04 7.208437e-08 6.237535e-02 1.440399e-01 1.635036e-01 1.868678e-03 5.467195e-02 1.444966e-01 1.642037e-01 5.088835e-03 3.490086e-04 3.267012e-04 3.239050e-04 7.422596e-01 
50 78400 9.584310e-06 1.046376e-03 5.809125e-08 5.541326e-02 1.549017e-01 1.789877e-01 1.967792e-03 5.528575e-02 1.549749e-01 1.783498e-01 5.315075e-03 3.576215e-04 3.585869e-04 3.712578e-04 7.873499e-01 
50 84100 9.899796e-06 1.154399e-03 8.309726e-08 6.579427e-02 1.680563e-01 1.912398e-01 1.926814e-03 5.589294e-02 1.673125e-01 1.920135e-01 5.812069e-03 3.773199e-04 3.896774e-04 4.002782e-04 8.503899e-01 
50 90000 9.827688e-06 1.242407e-03 1.210952e-07 6.708583e-02 1.805631e-01 2.060894e-01 2.121911e-03 5.711416e-02 1.806460e-01 2.036903e-01 6.160151e-03 3.982271e-04 3.790875e-04 3.853749e-04 9.058969e-01 
100 100 1.824030e-05 1.540291e-06 6.509945e-08 2.020826e-01 6.099735e-04 6.040006e-04 1.699941e-05 1.996289e-01 6.117652e-04 6.322057e-04 7.263781e-06 2.855160e-05 2.797281e-05 2.834429e-05 4.043039e-01 
100 400 1.688730e-05 4.197308e-06 5.408656e-08 2.006233e-01 1.869521e-03 1.999303e-03 2.740591e-05 2.044939e-01 1.849494e-03 1.980518e-03 2.880199e-05 3.424820e-05 3.292819e-05 3.429530e-05 4.129993e-01 
100 900 1.693431e-05 1.013319e-05 4.509930e-08 2.082940e-01 3.946574e-03 4.164121e-03 3.770129e-05 2.047092e-01 3.984620e-03 4.150219e-03 6.273370e-05 4.050352e-05 3.885701e-05 4.083400e-05 4.295041e-01 
100 1600 1.860082e-05 1.391280e-05 5.599577e-08 2.046334e-01 6.860616e-03 7.210326e-03 5.338471e-05 2.041697e-01 6.851098e-03 7.206941e-03 1.095678e-04 5.252350e-05 5.477490e-05 4.843939e-05 4.372909e-01 
100 2500 1.833141e-05 2.664181e-05 3.799796e-08 2.206078e-01 1.054754e-02 1.117527e-02 7.931851e-05 2.687158e-01 1.064215e-02 1.126435e-02 1.698348e-04 8.840810e-05 8.530649e-05 8.975412e-05 5.335190e-01 
100 3600 1.850971e-05 3.250760e-05 5.110633e-08 2.208936e-01 1.506905e-02 1.601403e-02 1.023710e-04 2.448365e-01 1.512184e-02 1.602118e-02 2.454818e-04 1.284570e-04 9.995839e-05 8.991440e-05 5.286792e-01 
100 4900 1.699741e-05 4.534579e-05 5.098991e-08 2.638993e-01 2.106067e-02 2.221045e-02 1.433923e-04 2.664444e-01 2.086961e-02 2.227852e-02 3.363566e-04 1.452792e-04 1.248625e-04 1.323958e-04 6.177164e-01 
100 6400 1.837451e-05 5.845029e-05 5.408656e-08 2.658182e-01 2.912303e-02 3.070455e-02 1.840681e-04 2.390094e-01 2.709456e-02 2.905625e-02 4.353516e-04 1.192802e-04 1.163408e-04 1.178030e-04 6.218940e-01 
100 8100 1.956921e-05 7.415379e-05 8.319039e-08 2.040649e-01 3.383822e-02 3.580478e-02 1.983775e-04 1.987045e-01 3.346032e-02 3.580982e-02 5.514030e-04 1.066534e-04 9.974011e-05 9.519830e-05 5.428449e-01 
100 10000 2.448061e-05 8.938161e-05 1.071021e-07 1.997636e-01 4.144498e-02 4.405666e-02 2.423552e-04 1.960610e-01 4.117494e-02 4.459501e-02 6.868945e-04 1.066894e-04 1.013955e-04 1.000185e-04 5.684597e-01 
100 12100 1.816920e-05 1.128126e-04 1.081033e-07 1.946206e-01 5.039121e-02 5.394205e-02 2.763229e-04 1.938403e-01 5.014205e-02 5.334140e-02 8.228807e-04 9.661240e-05 9.440910e-05 8.943758e-05 5.978001e-01 
100 14400 1.736099e-05 1.296587e-04 7.408671e-08 1.952168e-01 5.984823e-02 6.404150e-02 3.416816e-04 1.957438e-01 5.993915e-02 6.377243e-02 9.804372e-04 1.150870e-04 1.265962e-04 9.560790e-05 6.403810e-01 
100 16900 1.732390e-05 1.562405e-04 1.052162e-07 1.970891e-01 7.147644e-02 7.636067e-02 3.780579e-04 1.970586e-01 7.071239e-02 7.611073e-02 1.150551e-03 1.120284e-04 1.115927e-04 1.113133e-04 6.908572e-01 
100 19600 1.972150e-05 1.729465e-04 1.132023e-07 1.992129e-01 8.231223e-02 8.760810e-02 4.390441e-04 1.996822e-01 8.363828e-02 8.862543e-02 1.330480e-03 1.259612e-04 1.219282e-04 1.117269e-04 7.434166e-01 
100 22500 1.941200e-05 2.019297e-04 6.309710e-08 1.958442e-01 9.497347e-02 1.005723e-01 5.112720e-04 2.016937e-01 9.537416e-02 1.005915e-01 1.537780e-03 1.579961e-04 1.509626e-04 1.591098e-04 7.918003e-01 
100 25600 1.808601e-05 2.297623e-04 9.709038e-08 1.955881e-01 1.073653e-01 1.140866e-01 5.691825e-04 1.964495e-01 1.066789e-01 1.143856e-01 1.742163e-03 1.722314e-04 1.686971e-04 1.759029e-04 8.376420e-01 
100 28900 1.837648e-05 2.602197e-04 1.432840e-07 1.946720e-01 1.210375e-01 1.293302e-01 7.565929e-04 1.957351e-01 1.219972e-01 1.300674e-01 1.960189e-03 1.506620e-04 1.425088e-04 1.389526e-04 8.962816e-01 
100 32400 1.966839e-05 2.973722e-04 9.720679e-08 1.943652e-01 1.358474e-01 1.446288e-01 7.139393e-04 1.985844e-01 1.378719e-01 1.459610e-01 2.245233e-03 1.556224e-04 1.512189e-04 1.481583e-04 9.610022e-01 
100 36100 1.748910e-05 3.422802e-04 1.032138e-07 1.950798e-01 1.526342e-01 1.614734e-01 7.879809e-04 1.952914e-01 1.521757e-01 1.619794e-01 2.449521e-03 1.668641e-04 1.596865e-04 1.587651e-04 1.022734e+00 
100 40000 1.951209e-05 3.911195e-04 1.021894e-07 1.963133e-01 1.686056e-01 1.824366e-01 8.688955e-04 1.979317e-01 1.700336e-01 1.823185e-01 2.739650e-03 1.874702e-04 1.730286e-04 1.732599e-04 1.102209e+00 
100 44100 1.959431e-05 4.468858e-04 1.262175e-07 1.978696e-01 1.847657e-01 1.968401e-01 9.608889e-04 1.970586e-01 1.888709e-01 1.972168e-01 2.991995e-03 1.999570e-04 1.883456e-04 1.852630e-04 1.167631e+00 
100 48400 1.949710e-05 5.246595e-04 1.702923e-07 1.987050e-01 2.057503e-01 2.143163e-01 1.059831e-03 2.266204e-01 2.304683e-01 2.158789e-01 3.355875e-03 2.212458e-04 2.027852e-04 2.078938e-04 1.297350e+00 
100 52900 1.950818e-05 5.992090e-04 1.501990e-07 2.396847e-01 2.317466e-01 2.377536e-01 1.185671e-03 2.489652e-01 2.382554e-01 2.386209e-01 3.723661e-03 2.356614e-04 2.421180e-04 2.499898e-04 1.441303e+00 
100 57600 1.916960e-05 6.749081e-04 1.273118e-07 2.391503e-01 2.512751e-01 2.586849e-01 1.251947e-03 2.497507e-01 2.649984e-01 2.609882e-01 3.914906e-03 2.575309e-04 2.699755e-04 2.697732e-04 1.531552e+00 
100 62500 1.954220e-05 8.024052e-04 1.712935e-07 2.463581e-01 2.722771e-01 2.825024e-01 1.520842e-03 2.475494e-01 2.826074e-01 2.819926e-01 4.330965e-03 2.894907e-04 2.859813e-04 2.909448e-04 1.620845e+00 
100 67600 1.965831e-05 8.600493e-04 9.320211e-08 2.374049e-01 2.886895e-01 3.060029e-01 1.496071e-03 1.992921e-01 2.871538e-01 3.069371e-01 4.640623e-03 2.741196e-04 2.631443e-04 2.738092e-04 1.633324e+00 
100 72900 1.994779e-05 9.491875e-04 1.813052e-07 2.040979e-01 3.079235e-01 3.256667e-01 1.559916e-03 2.020019e-01 3.039899e-01 3.240703e-01 4.998273e-03 3.604046e-04 3.498418e-04 3.534723e-04 1.676362e+00 
100 78400 1.938590e-05 1.048900e-03 1.071021e-07 1.989407e-01 3.286292e-01 3.531000e-01 1.860623e-03 2.000550e-01 3.388193e-01 3.562681e-01 5.324015e-03 3.506450e-04 3.311940e-04 3.580872e-04 1.785124e+00 
100 84100 1.991070e-05 1.109811e-03 1.422130e-07 2.008588e-01 3.573709e-01 3.777702e-01 1.920459e-03 2.048713e-01 3.619744e-01 3.794259e-01 5.685220e-03 3.706309e-04 3.493111e-04 4.151555e-04 1.892164e+00 
100 90000 2.148009e-05 1.225578e-03 1.482898e-07 2.014751e-01 4.248092e-01 4.508761e-01 2.127392e-03 2.117024e-01 4.178526e-01 4.431601e-01 6.295017e-03 4.221925e-04 4.054083e-04 4.039161e-04 2.160803e+00 
150 100 2.893331e-05 1.729582e-06 8.409843e-08 5.657105e-01 8.835875e-04 9.097246e-04 2.229130e-05 6.364013e-01 1.096205e-03 1.124495e-03 7.174700e-06 3.931781e-05 3.531389e-05 3.531990e-05 1.206308e+00 
150 400 2.803290e-05 4.535797e-06 1.040986e-07 6.888639e-01 3.240848e-03 3.298408e-03 3.072300e-05 6.816796e-01 3.254053e-03 3.323997e-03 2.880110e-05 4.039241e-05 3.894421e-05 3.794371e-05 1.383880e+00 
150 900 2.572350e-05 1.024830e-05 9.909272e-08 6.810257e-01 6.322325e-03 6.631757e-03 4.201680e-05 6.810938e-01 6.420334e-03 6.602707e-03 6.141679e-05 4.758609e-05 4.618298e-05 4.822810e-05 1.388389e+00 
150 1600 2.635040e-05 1.426730e-05 9.520445e-08 6.797437e-01 1.083882e-02 1.118836e-02 5.662960e-05 6.673389e-01 1.062970e-02 1.080874e-02 1.096339e-04 6.638521e-05 6.166920e-05 6.160508e-05 1.390958e+00 
150 2500 2.661371e-05 2.618809e-05 1.050998e-07 6.685729e-01 1.615112e-02 1.668079e-02 7.667160e-05 6.730162e-01 1.613368e-02 1.682618e-02 1.698459e-04 9.077671e-05 8.741161e-05 8.509029e-05 1.407960e+00 
150 3600 2.929280e-05 3.191368e-05 8.710194e-08 6.768087e-01 2.305707e-02 2.387007e-02 1.023400e-04 6.796371e-01 2.304412e-02 2.388900e-02 2.461651e-04 1.148927e-04 9.131150e-05 8.513920e-05 1.451020e+00 
150 4900 2.571540e-05 4.449759e-05 1.030974e-07 6.786461e-01 3.269606e-02 3.287720e-02 1.289427e-04 6.770617e-01 3.188243e-02 3.364082e-02 3.352542e-04 1.154356e-04 1.058062e-04 1.062499e-04 1.487683e+00 
150 6400 2.819109e-05 5.884101e-05 1.201872e-07 6.767037e-01 4.356756e-02 4.301890e-02 1.681975e-04 6.797505e-01 4.159258e-02 4.351512e-02 4.356933e-04 1.106264e-04 1.100806e-04 1.120776e-04 1.529185e+00 
150 8100 2.562930e-05 7.286798e-05 8.409843e-08 6.673755e-01 5.622459e-02 5.583695e-02 2.035663e-04 6.671724e-01 5.457566e-02 5.575380e-02 5.516406e-04 1.143699e-04 1.131341e-04 1.102168e-04 1.558148e+00 
150 10000 2.871891e-05 8.820391e-05 8.509960e-08 6.702819e-01 7.068948e-02 6.861159e-02 2.481329e-04 6.824278e-01 7.007614e-02 6.847174e-02 6.828677e-04 1.435206e-04 9.489381e-05 9.427399e-05 1.631955e+00 
150 12100 2.779951e-05 1.127315e-04 1.091976e-07 6.619564e-01 8.445319e-02 8.230005e-02 2.990279e-04 6.799436e-01 8.624836e-02 8.314090e-02 8.309041e-04 1.045433e-04 9.961992e-05 9.887069e-05 1.679628e+00 
150 14400 2.571142e-05 1.283379e-04 1.000939e-07 6.394314e-01 9.706819e-02 9.688633e-02 3.515929e-04 6.745191e-01 9.726338e-02 9.722035e-02 1.000570e-03 1.098163e-04 1.005924e-04 1.002049e-04 1.704219e+00 
150 16900 2.809300e-05 1.555556e-04 1.061009e-07 6.503632e-01 1.108834e-01 1.126531e-01 4.177368e-04 6.341695e-01 1.190121e-01 1.135910e-01 1.184235e-03 1.173706e-04 1.107997e-04 1.089429e-04 1.742811e+00 
150 19600 2.578651e-05 1.738680e-04 1.413049e-07 6.422399e-01 1.292674e-01 1.308672e-01 4.424243e-04 6.240102e-01 1.305436e-01 1.315542e-01 1.344018e-03 1.219743e-04 1.127535e-04 1.114215e-04 1.790830e+00 
150 22500 2.795870e-05 2.016284e-04 9.520445e-08 6.143858e-01 1.437560e-01 1.505186e-01 5.066893e-04 6.191080e-01 1.475259e-01 1.500330e-01 1.534967e-03 1.583807e-04 1.532010e-04 1.546912e-04 1.828087e+00 
150 25600 2.908150e-05 2.314310e-04 6.610062e-08 6.257510e-01 1.634598e-01 1.703293e-01 5.706480e-04 6.234479e-01 1.662115e-01 1.730124e-01 1.745141e-03 1.792569e-04 1.729475e-04 1.794542e-04 1.925336e+00 
150 28900 2.574839e-05 2.657502e-04 1.130858e-07 6.335268e-01 1.872781e-01 1.957998e-01 6.463241e-04 6.322167e-01 2.010433e-01 1.952651e-01 1.968173e-03 1.529296e-04 1.485710e-04 1.481044e-04 2.048495e+00 
150 32400 2.681201e-05 3.111981e-04 6.509945e-08 6.095936e-01 2.104609e-01 2.158436e-01 7.341234e-04 6.102955e-01 2.114703e-01 2.165198e-01 2.218998e-03 1.699310e-04 1.551289e-04 1.563987e-04 2.077971e+00 
150 36100 2.992370e-05 3.307934e-04 7.010531e-08 6.142309e-01 2.273407e-01 2.398443e-01 7.885687e-04 6.087267e-01 2.317039e-01 2.416174e-01 2.444532e-03 1.912538e-04 1.849184e-04 1.810386e-04 2.167623e+00 
150 40000 2.525069e-05 3.833711e-04 4.710164e-08 5.969639e-01 2.783805e-01 2.747165e-01 8.697350e-04 6.628790e-01 3.307583e-01 3.001019e-01 2.707752e-03 1.888513e-04 1.957716e-04 1.959890e-04 2.448378e+00 
150 44100 2.645161e-05 4.791643e-04 7.010531e-08 6.938632e-01 3.527711e-01 3.229783e-01 1.083518e-03 6.841077e-01 3.512159e-01 3.126250e-01 3.038107e-03 2.209584e-04 2.032999e-04 2.046499e-04 2.722826e+00 
150 48400 2.528280e-05 4.914938e-04 7.308554e-08 6.777793e-01 3.790236e-01 3.355115e-01 1.117406e-03 6.604956e-01 3.727205e-01 3.346196e-01 3.439326e-03 2.165087e-04 2.191576e-04 2.173570e-04 2.765888e+00 
150 52900 2.671690e-05 5.952919e-04 7.210765e-08 6.431751e-01 3.734858e-01 3.577771e-01 1.188916e-03 6.614954e-01 3.942971e-01 3.649124e-01 3.641637e-03 2.306909e-04 2.211566e-04 2.414328e-04 2.801301e+00 
150 57600 2.744801e-05 7.001556e-04 1.000939e-07 6.148885e-01 3.671529e-01 4.291901e-01 1.388026e-03 6.386941e-01 3.651098e-01 4.311031e-01 3.961474e-03 2.426577e-04 2.311375e-04 2.260049e-04 2.852925e+00 
150 62500 2.637340e-05 7.515664e-04 5.909242e-08 6.276998e-01 4.510126e-01 4.676873e-01 1.444064e-03 6.267113e-01 4.497221e-01 4.664824e-01 4.278331e-03 2.744893e-04 2.637422e-04 2.633166e-04 3.096629e+00 
150 67600 2.646460e-05 8.662959e-04 6.610062e-08 6.324857e-01 4.288995e-01 4.527995e-01 1.687592e-03 6.278599e-01 4.331640e-01 4.526811e-01 4.615961e-03 2.818102e-04 2.644282e-04 3.174655e-04 3.035961e+00 
150 72900 2.652761e-05 9.604426e-04 9.520445e-08 6.294983e-01 5.335188e-01 5.124538e-01 1.726947e-03 7.413038e-01 5.468465e-01 4.963258e-01 4.982228e-03 3.641093e-04 3.514262e-04 3.597918e-04 3.468730e+00 
150 78400 2.703040e-05 1.076725e-03 6.309710e-08 7.284889e-01 5.743356e-01 5.287670e-01 1.855702e-03 7.196762e-01 5.938053e-01 5.323859e-01 5.408259e-03 3.488744e-04 3.386482e-04 3.341845e-04 3.686862e+00 
150 84100 2.651659e-05 1.212389e-03 4.610047e-08 6.288280e-01 5.372821e-01 5.630216e-01 1.921497e-03 6.345913e-01 5.394272e-01 5.648308e-01 5.760429e-03 3.689935e-04 3.913599e-04 3.910254e-04 3.478065e+00 
150 90000 2.651971e-05 1.202780e-03 8.619390e-08 6.275288e-01 5.745154e-01 6.089237e-01 1.984333e-03 6.331839e-01 5.775579e-01 6.089205e-01 6.297417e-03 4.301810e-04 4.206128e-04 4.155943e-04 3.641419e+00 
200 100 3.480802e-05 1.578405e-06 5.210750e-08 8.760582e-01 1.130103e-03 1.124748e-03 2.032339e-05 8.884880e-01 1.473121e-03 1.433057e-03 7.323897e-06 3.686710e-05 3.530672e-05 3.439139e-05 1.769883e+00 
200 400 3.479500e-05 4.384480e-06 4.309695e-08 9.545096e-01 4.117925e-03 4.194192e-03 3.044961e-05 9.133997e-01 4.069565e-03 4.169853e-03 2.785372e-05 3.811992e-05 3.574050e-05 3.512250e-05 1.884674e+00 
200 900 3.355520e-05 1.022120e-05 5.001202e-08 9.376744e-01 8.577278e-03 8.851125e-03 4.118760e-05 9.290099e-01 8.167252e-03 8.459969e-03 6.263158e-05 4.411789e-05 4.795361e-05 4.491110e-05 1.901030e+00 
200 1600 3.363530e-05 1.487220e-05 5.301554e-08 9.351998e-01 1.440485e-02 1.481879e-02 5.833721e-05 1.091794e+00 1.451742e-02 1.455351e-02 1.095147e-04 8.885979e-05 7.977521e-05 6.891000e-05 2.085749e+00 
200 2500 3.544700e-05 2.682509e-05 5.410984e-08 1.085914e+00 2.183270e-02 2.232308e-02 7.834008e-05 1.085034e+00 2.240481e-02 2.260962e-02 1.704267e-04 9.306201e-05 8.484982e-05 8.853241e-05 2.260702e+00 
200 3600 3.417712e-05 3.228320e-05 5.210750e-08 1.090058e+00 3.238682e-02 3.268428e-02 1.080145e-04 1.089233e+00 3.160866e-02 3.363522e-02 2.452015e-04 1.276198e-04 9.047419e-05 8.483881e-05 2.310334e+00 
200 4900 3.496930e-05 4.611691e-05 4.209578e-08 1.096602e+00 4.554816e-02 4.559921e-02 1.371330e-04 1.090648e+00 4.396040e-02 4.778162e-02 3.374794e-04 1.356578e-04 1.130660e-04 1.076149e-04 2.371059e+00 
200 6400 3.350910e-05 5.889710e-05 4.810281e-08 1.090013e+00 6.352834e-02 6.497351e-02 1.835324e-04 1.095926e+00 6.314322e-02 6.508759e-02 4.332036e-04 1.390959e-04 1.715875e-04 1.195297e-04 2.443819e+00 
200 8100 3.360829e-05 7.211270e-05 5.101319e-08 1.091469e+00 8.135250e-02 8.127692e-02 2.021091e-04 1.099844e+00 8.117056e-02 8.231785e-02 5.476426e-04 1.171261e-04 1.068027e-04 1.068607e-04 2.518623e+00 
200 10000 3.501428e-05 8.808270e-05 7.308554e-08 1.100343e+00 1.054882e-01 1.001917e-01 2.604604e-04 1.074949e+00 1.041328e-01 9.958691e-02 6.785823e-04 1.135537e-04 1.095768e-04 1.097120e-04 2.586094e+00 
200 12100 3.360221e-05 1.143099e-04 5.608890e-08 1.091710e+00 1.322672e-01 1.168049e-01 2.907396e-04 1.084517e+00 1.304762e-01 1.195079e-01 8.211614e-04 1.184200e-04 1.084601e-04 1.086193e-04 2.676885e+00 
200 14400 3.361420e-05 1.305411e-04 6.309710e-08 1.037449e+00 1.407200e-01 1.329583e-01 3.322336e-04 1.043369e+00 1.578017e-01 1.465208e-01 9.794489e-04 1.282427e-04 1.189128e-04 1.191060e-04 2.660670e+00 
200 16900 3.480201e-05 1.559661e-04 3.899913e-08 1.044742e+00 1.686948e-01 1.597021e-01 3.908291e-04 9.355688e-01 1.710110e-01 1.609335e-01 1.154379e-03 1.253563e-04 1.193104e-04 1.173754e-04 2.642759e+00 
200 19600 3.507340e-05 1.770136e-04 5.110633e-08 9.322096e-01 2.128350e-01 1.926911e-01 4.461298e-04 9.173972e-01 2.020501e-01 1.806443e-01 1.339535e-03 1.268606e-04 1.172753e-04 1.179653e-04 2.640195e+00 
200 22500 3.354519e-05 2.010304e-04 4.200265e-08 9.266190e-01 2.473035e-01 2.270993e-01 5.784076e-04 9.551917e-01 2.462412e-01 2.158291e-01 1.526217e-03 1.620502e-04 1.584188e-04 1.571278e-04 2.821109e+00 
200 25600 3.483410e-05 2.364434e-04 4.910398e-08 9.114995e-01 2.214596e-01 2.296899e-01 6.050472e-04 9.036228e-01 2.213394e-01 2.295368e-01 1.787309e-03 1.971306e-04 1.764217e-04 1.599631e-04 2.720355e+00 
200 28900 3.496821e-05 2.664802e-04 6.509945e-08 8.962968e-01 2.481134e-01 2.563552e-01 6.487896e-04 9.017032e-01 2.492586e-01 2.576247e-01 1.967018e-03 1.552760e-04 1.442386e-04 1.514884e-04 2.812732e+00 
200 32400 3.477400e-05 3.035646e-04 5.699694e-08 9.056327e-01 2.825649e-01 2.919875e-01 7.102294e-04 8.676914e-01 2.812898e-01 2.920397e-01 2.189887e-03 1.631749e-04 1.501144e-04 1.516005e-04 2.924919e+00 
200 36100 3.551000e-05 3.539209e-04 5.010515e-08 8.561118e-01 3.152822e-01 3.253387e-01 7.857275e-04 9.691789e-01 3.913433e-01 3.478715e-01 2.469568e-03 1.901410e-04 1.797375e-04 1.789783e-04 3.209330e+00 
200 40000 3.487810e-05 3.813235e-04 6.910414e-08 1.033382e+00 4.001511e-01 3.734108e-01 9.033692e-04 1.077110e+00 4.275232e-01 3.739370e-01 2.764804e-03 1.907509e-04 1.769263e-04 1.771185e-04 3.690155e+00 
200 44100 3.541191e-05 4.475344e-04 5.911570e-08 1.063294e+00 4.988246e-01 4.493956e-01 9.549704e-04 1.053371e+00 5.133153e-01 4.524755e-01 3.017828e-03 2.188822e-04 2.063044e-04 2.100710e-04 4.035778e+00 
200 48400 3.510038e-05 4.998271e-04 8.619390e-08 9.896889e-01 4.950189e-01 4.322983e-01 1.050726e-03 9.560665e-01 4.932521e-01 4.328935e-01 3.365342e-03 2.225106e-04 2.121261e-04 2.061922e-04 3.804822e+00 
200 52900 3.589671e-05 5.850534e-04 8.312054e-08 9.828300e-01 5.022641e-01 4.798414e-01 1.252194e-03 1.015184e+00 5.549699e-01 4.864831e-01 3.587540e-03 2.382721e-04 2.251194e-04 2.286788e-04 4.027736e+00 
200 57600 3.560621e-05 6.876868e-04 6.209593e-08 1.003743e+00 5.889115e-01 5.279912e-01 1.368478e-03 9.283296e-01 5.793743e-01 5.227333e-01 3.934696e-03 2.749499e-04 2.669620e-04 2.730461e-04 4.157938e+00 
200 62500 3.493519e-05 7.577195e-04 7.210765e-08 9.336110e-01 5.929687e-01 5.658624e-01 1.492311e-03 9.555209e-01 6.408550e-01 5.667729e-01 4.226587e-03 3.023038e-04 2.986384e-04 3.011822e-04 4.263017e+00 
200 67600 3.468581e-05 8.630899e-04 7.711351e-08 8.652046e-01 6.047408e-01 6.113795e-01 1.503403e-03 8.156812e-01 6.812087e-01 6.155289e-01 4.797472e-03 3.128165e-04 3.044280e-04 3.020644e-04 4.201880e+00 
200 72900 3.566931e-05 9.764894e-04 9.010546e-08 1.068001e+00 7.699010e-01 6.557274e-01 1.976873e-03 8.145376e-01 6.371731e-01 6.498816e-01 5.084504e-03 3.425599e-04 3.175156e-04 3.464357e-04 4.604316e+00 
200 78400 3.614700e-05 1.015189e-03 8.810312e-08 8.515070e-01 6.801855e-01 7.061615e-01 1.745073e-03 8.557210e-01 6.786247e-01 7.068984e-01 5.313069e-03 3.617707e-04 3.493721e-04 3.591027e-04 4.488289e+00 
200 84100 3.492930e-05 1.160446e-03 7.611234e-08 8.298883e-01 7.328882e-01 7.591075e-01 1.998037e-03 8.593913e-01 7.330523e-01 7.572837e-01 5.759077e-03 3.675033e-04 3.591368e-04 4.090443e-04 4.681714e+00 
200 90000 3.490008e-05 1.244391e-03 9.010546e-08 8.174855e-01 7.747248e-01 8.014215e-01 2.046525e-03 8.101691e-01 7.788670e-01 8.058868e-01 6.216637e-03 4.378034e-04 4.150984e-04 4.358194e-04 4.799403e+00 
250 100 4.347002e-05 1.588394e-06 5.110633e-08 1.124089e+00 1.386153e-03 1.370761e-03 2.107150e-05 1.124580e+00 1.378580e-03 1.364016e-03 7.359986e-06 3.487810e-05 3.450359e-05 3.499519e-05 2.254352e+00 
250 400 4.356510e-05 4.177215e-06 4.910398e-08 1.130754e+00 4.750257e-03 4.796684e-03 2.799290e-05 1.128318e+00 4.720415e-03 4.808891e-03 2.877200e-05 3.477701e-05 3.339991e-05 3.489619e-05 2.278361e+00 
250 900 4.192770e-05 1.014220e-05 4.910398e-08 1.120567e+00 9.940837e-03 1.014449e-02 3.747900e-05 1.128664e+00 9.936204e-03 1.016618e-02 6.109739e-05 3.820509e-05 3.880998e-05 3.961420e-05 2.289692e+00 
250 1600 4.180751e-05 1.441450e-05 4.600734e-08 1.114426e+00 1.739713e-02 1.777161e-02 5.783841e-05 1.130843e+00 1.724026e-02 1.770154e-02 1.089900e-04 5.581649e-05 5.244140e-05 5.339680e-05 2.315772e+00 
250 2500 4.301430e-05 2.689019e-05 4.810281e-08 1.560242e+00 2.835210e-02 2.854065e-02 7.883180e-05 1.609768e+00 2.765560e-02 2.925320e-02 1.703366e-04 9.646420e-05 8.971309e-05 8.783129e-05 3.284411e+00 
250 3600 4.237939e-05 3.184460e-05 4.810281e-08 1.616824e+00 4.054731e-02 4.173473e-02 1.085823e-04 1.605386e+00 4.063135e-02 4.348167e-02 2.467228e-04 1.267154e-04 8.796949e-05 8.938760e-05 3.389344e+00 
250 4900 4.246749e-05 4.461769e-05 5.310867e-08 1.609085e+00 5.540163e-02 6.095369e-02 1.434344e-04 1.614744e+00 5.535815e-02 6.136144e-02 3.337218e-04 1.220484e-04 1.138602e-04 1.034576e-04 3.457816e+00 
250 6400 4.307341e-05 5.867882e-05 6.509945e-08 1.592137e+00 8.028694e-02 7.896938e-02 1.613402e-04 1.396773e+00 8.428907e-02 7.975568e-02 4.376641e-04 1.071001e-04 1.059564e-04 1.059113e-04 3.313238e+00 
250 8100 4.385959e-05 7.234311e-05 3.899913e-08 1.457470e+00 1.088032e-01 1.026835e-01 2.271455e-04 1.546361e+00 1.117135e-01 1.039721e-01 5.551297e-04 1.132683e-04 1.044812e-04 1.062078e-04 3.432235e+00 
250 10000 4.303930e-05 8.956091e-05 7.920898e-08 1.555298e+00 1.255095e-01 1.241532e-01 2.534829e-04 1.577946e+00 1.402747e-01 1.324124e-01 6.808998e-04 1.206223e-04 1.100244e-04 1.092193e-04 3.657009e+00 
250 12100 4.171939e-05 1.119914e-04 7.408671e-08 1.530099e+00 1.540371e-01 1.498968e-01 3.208846e-04 1.556109e+00 1.607655e-01 1.422880e-01 8.290661e-04 1.124932e-04 1.017581e-04 1.018783e-04 3.694824e+00 
250 14400 4.409789e-05 1.299523e-04 5.310867e-08 1.597270e+00 1.797936e-01 1.735354e-01 3.439731e-04 1.593159e+00 2.031153e-01 1.850994e-01 9.789664e-04 1.285120e-04 1.187844e-04 1.160404e-04 3.933843e+00 
250 16900 4.334978e-05 1.559129e-04 8.509960e-08 1.506316e+00 2.370009e-01 2.127648e-01 3.877682e-04 1.522347e+00 2.455743e-01 2.154469e-01 1.161086e-03 1.240845e-04 1.266804e-04 1.200144e-04 3.941581e+00 
250 19600 4.383449e-05 1.730847e-04 6.509945e-08 1.469228e+00 2.880674e-01 2.321404e-01 4.543932e-04 1.537882e+00 2.211860e-01 2.176090e-01 1.332986e-03 1.284309e-04 1.169588e-04 1.173554e-04 3.968491e+00 
250 22500 4.312950e-05 2.018196e-04 5.199108e-08 1.495281e+00 2.479186e-01 2.525220e-01 5.035657e-04 1.556096e+00 2.935209e-01 2.618922e-01 1.606470e-03 1.681914e-04 1.658619e-04 1.594293e-04 4.110094e+00 
250 25600 4.309141e-05 2.297945e-04 5.208421e-08 1.656006e+00 3.513296e-01 3.156973e-01 5.873068e-04 1.565183e+00 2.796285e-01 2.873691e-01 1.741910e-03 1.928663e-04 1.773931e-04 1.841903e-04 4.458380e+00 
250 28900 4.310540e-05 2.593556e-04 4.908070e-08 1.335942e+00 3.401074e-01 3.256562e-01 6.822026e-04 1.500430e+00 3.818968e-01 3.408632e-01 1.962290e-03 1.623106e-04 1.530628e-04 1.536697e-04 4.228323e+00 
250 32400 4.308040e-05 2.977099e-04 5.709007e-08 1.327981e+00 3.945376e-01 3.697853e-01 7.424526e-04 1.439504e+00 4.245007e-01 3.722514e-01 2.238208e-03 1.662182e-04 1.575903e-04 1.592037e-04 4.332377e+00 
250 36100 4.322750e-05 3.416933e-04 5.508773e-08 1.482705e+00 5.215462e-01 4.604042e-01 7.881709e-04 1.466511e+00 4.429407e-01 4.502313e-01 2.496581e-03 1.745729e-04 1.598829e-04 1.625920e-04 4.828516e+00 
250 40000 4.367230e-05 3.778537e-04 5.608890e-08 1.216947e+00 4.718122e-01 4.506121e-01 9.377415e-04 1.379038e+00 4.773951e-01 4.466125e-01 2.770075e-03 1.868813e-04 1.715494e-04 1.798408e-04 4.447096e+00 
250 44100 4.318149e-05 4.406456e-04 5.299225e-08 1.271082e+00 4.760296e-01 4.954398e-01 1.037961e-03 1.286376e+00 4.792278e-01 4.972138e-01 3.018170e-03 2.025107e-04 1.927911e-04 2.050584e-04 4.510522e+00 
250 48400 4.313551e-05 5.097038e-04 5.508773e-08 1.309625e+00 5.289382e-01 5.379509e-01 1.044708e-03 1.313096e+00 5.309068e-01 5.398238e-01 3.338793e-03 2.298806e-04 2.164965e-04 2.178265e-04 4.765954e+00 
250 52900 4.303830e-05 5.713109e-04 8.109491e-08 1.304181e+00 5.715441e-01 5.916093e-01 1.261202e-03 1.302783e+00 5.729021e-01 5.904492e-01 3.618402e-03 2.262752e-04 2.155932e-04 2.140599e-04 4.939628e+00 
250 57600 4.307339e-05 6.645071e-04 4.509930e-08 1.315995e+00 6.308646e-01 6.524749e-01 1.337068e-03 1.321003e+00 6.317443e-01 6.480988e-01 3.977227e-03 2.404454e-04 2.591162e-04 2.655619e-04 5.206981e+00 
250 62500 4.285700e-05 7.793038e-04 4.700851e-08 1.318146e+00 6.762974e-01 6.973995e-01 1.480880e-03 1.333270e+00 6.733408e-01 7.014792e-01 4.314851e-03 2.592464e-04 2.454269e-04 2.460858e-04 5.407314e+00 
250 67600 4.306640e-05 8.815095e-04 6.209593e-08 1.307643e+00 7.391522e-01 7.508374e-01 1.688003e-03 1.467945e+00 7.938585e-01 7.582869e-01 4.644916e-03 3.165671e-04 3.044470e-04 3.112482e-04 5.825928e+00 
250 72900 4.308440e-05 9.950772e-04 1.012115e-07 1.573089e+00 8.403561e-01 9.117409e-01 1.570195e-03 1.372966e+00 7.945811e-01 9.127664e-01 4.956963e-03 3.443266e-04 3.302276e-04 3.569835e-04 6.414112e+00 
250 78400 4.389060e-05 1.051043e-03 7.119961e-08 1.350128e+00 9.567432e-01 8.706230e-01 1.738941e-03 1.353670e+00 1.021026e+00 8.727991e-01 5.378783e-03 3.515404e-04 3.883144e-04 3.912758e-04 6.434349e+00 
250 84100 4.310550e-05 1.166883e-03 8.610077e-08 1.360570e+00 9.851085e-01 9.393677e-01 1.813281e-03 1.284685e+00 9.173244e-01 9.402672e-01 5.762798e-03 3.700781e-04 3.548283e-04 3.577957e-04 6.437206e+00 
250 90000 4.369230e-05 1.258930e-03 7.210765e-08 1.298619e+00 9.716291e-01 9.977336e-01 2.118611e-03 1.309341e+00 9.743652e-01 1.000169e+00 6.554246e-03 3.969484e-04 3.747081e-04 3.691868e-04 6.562990e+00 
300 100 5.154312e-05 1.590396e-06 5.709007e-08 1.829423e+00 1.710002e-03 1.677163e-03 2.112351e-05 1.819440e+00 1.701179e-03 1.666578e-03 7.362012e-06 3.742692e-05 3.340200e-05 3.531079e-05 3.655812e+00 
300 400 5.236231e-05 4.344503e-06 5.410984e-08 1.810730e+00 5.685095e-03 5.737783e-03 2.933980e-05 1.817789e+00 5.671383e-03 5.732325e-03 2.796082e-05 3.279999e-05 3.187461e-05 3.203491e-05 3.651562e+00 
300 900 5.101932e-05 1.030338e-05 4.898757e-08 1.814904e+00 1.199424e-02 1.218378e-02 3.840739e-05 1.933478e+00 1.204173e-02 1.225285e-02 6.118540e-05 4.738988e-05 4.267381e-05 4.492509e-05 3.797157e+00 
300 1600 5.166021e-05 1.524070e-05 5.410984e-08 2.061174e+00 2.169305e-02 2.190737e-02 5.677789e-05 2.041245e+00 2.242928e-02 2.244407e-02 1.100674e-04 8.269260e-05 8.238510e-05 7.224900e-05 4.191371e+00 
300 2500 5.036329e-05 2.713860e-05 5.511101e-08 2.123006e+00 3.416602e-02 3.467305e-02 7.875471e-05 2.118853e+00 3.469569e-02 3.544762e-02 1.705690e-04 8.380630e-05 7.892498e-05 8.279970e-05 4.381421e+00 
300 3600 5.157909e-05 3.243550e-05 5.308539e-08 2.134065e+00 4.911837e-02 4.911942e-02 1.088316e-04 2.110593e+00 5.052521e-02 5.120279e-02 2.448520e-04 1.042368e-04 8.878270e-05 7.717239e-05 4.445340e+00 
300 4900 5.153699e-05 4.604789e-05 5.208421e-08 2.043757e+00 7.244129e-02 7.037188e-02 1.559001e-04 1.917161e+00 7.167522e-02 7.110579e-02 3.366081e-04 1.262807e-04 8.093889e-05 8.076970e-05 4.247398e+00 
300 6400 5.232119e-05 5.800370e-05 5.599577e-08 1.896140e+00 9.573431e-02 9.217681e-02 1.567653e-04 1.916414e+00 1.010108e-01 9.601286e-02 4.357132e-04 9.801849e-05 9.435110e-05 9.229290e-05 4.198484e+00 
300 8100 5.161110e-05 7.266661e-05 5.210750e-08 1.943193e+00 1.108590e-01 1.106561e-01 1.942894e-04 1.898658e+00 1.073276e-01 1.085816e-01 5.498668e-04 9.023289e-05 8.868352e-05 8.873160e-05 4.280421e+00 
300 10000 5.214291e-05 9.044020e-05 6.011687e-08 1.897786e+00 1.303747e-01 1.330608e-01 2.415561e-04 1.909822e+00 1.306238e-01 1.334779e-01 6.783258e-04 9.682269e-05 8.991142e-05 8.879770e-05 4.336489e+00 
300 12100 5.020101e-05 1.140715e-04 7.010531e-08 1.899738e+00 1.575793e-01 1.636383e-01 3.217448e-04 1.904762e+00 1.582522e-01 1.619892e-01 8.314858e-04 1.061566e-04 9.621780e-05 9.756379e-05 4.447586e+00 
300 14400 5.204680e-05 1.297850e-04 5.008187e-08 1.897342e+00 1.891350e-01 1.925495e-01 3.348836e-04 1.882566e+00 1.895414e-01 1.936592e-01 9.779237e-04 1.103009e-04 1.033035e-04 1.005743e-04 4.546611e+00 
300 16900 5.152309e-05 1.556286e-04 4.409812e-08 1.872038e+00 2.202222e-01 2.251704e-01 3.861751e-04 1.878824e+00 2.212252e-01 2.255305e-01 1.148521e-03 1.184330e-04 1.104791e-04 1.088737e-04 4.645098e+00 
300 19600 5.209390e-05 1.730747e-04 5.308539e-08 1.886026e+00 2.636310e-01 2.643859e-01 4.426876e-04 1.934684e+00 3.256561e-01 2.900970e-01 1.342847e-03 1.370478e-04 1.323649e-04 1.311230e-04 4.966899e+00 
300 22500 5.192258e-05 2.012047e-04 5.899929e-08 1.936485e+00 3.460927e-01 3.158862e-01 5.156436e-04 1.883893e+00 3.466291e-01 3.211934e-01 1.533025e-03 1.621003e-04 1.585150e-04 1.655734e-04 5.152976e+00 
300 25600 5.090302e-05 2.324815e-04 6.509945e-08 2.063456e+00 3.799543e-01 3.498165e-01 5.777084e-04 2.196726e+00 3.945745e-01 3.518264e-01 1.741580e-03 1.992197e-04 1.954792e-04 2.067270e-04 5.739569e+00 
300 28900 5.229819e-05 2.598513e-04 6.719492e-08 2.135655e+00 5.121960e-01 4.455684e-01 6.440166e-04 2.071416e+00 5.146573e-01 4.542156e-01 1.960024e-03 1.620812e-04 1.551419e-04 1.513602e-04 6.137107e+00 
300 32400 5.152500e-05 2.938372e-04 5.008187e-08 1.854199e+00 4.737117e-01 4.273998e-01 7.345638e-04 1.837163e+00 4.733395e-01 4.303206e-01 2.197809e-03 1.627553e-04 1.498610e-04 1.494594e-04 5.499882e+00 
300 36100 5.161811e-05 3.515834e-04 7.811468e-08 1.825946e+00 4.720060e-01 4.848481e-01 7.863132e-04 1.903584e+00 4.709042e-01 4.868753e-01 2.444237e-03 1.740902e-04 1.624759e-04 1.626491e-04 5.648308e+00 
300 40000 5.189162e-05 3.793940e-04 4.908070e-08 1.978139e+00 5.269320e-01 5.400401e-01 8.734084e-04 1.974237e+00 5.272488e-01 5.397545e-01 2.709062e-03 1.936815e-04 1.766300e-04 1.855693e-04 6.090936e+00 
300 44100 5.231421e-05 4.443091e-04 6.710179e-08 1.931274e+00 5.748741e-01 5.964917e-01 9.903811e-04 1.911573e+00 5.749229e-01 5.960225e-01 3.076281e-03 1.979919e-04 1.892529e-04 1.874502e-04 6.190308e+00 
300 48400 5.244541e-05 4.989708e-04 6.111804e-08 2.003399e+00 7.328354e-01 6.495820e-01 1.151345e-03 2.006671e+00 6.777591e-01 6.470205e-01 3.281048e-03 2.252166e-04 2.244695e-04 2.344754e-04 6.722949e+00 
300 52900 5.227020e-05 5.908240e-04 6.919727e-08 1.895723e+00 6.907675e-01 7.126840e-01 1.231920e-03 1.908330e+00 6.901443e-01 7.121001e-01 3.589628e-03 2.287509e-04 2.151936e-04 2.460237e-04 6.615918e+00 
300 57600 5.201881e-05 6.806082e-04 6.209593e-08 1.919143e+00 7.480675e-01 7.657308e-01 1.242387e-03 1.930180e+00 7.519856e-01 7.684060e-01 3.912774e-03 2.613586e-04 2.562800e-04 2.607887e-04 6.890193e+00 
300 62500 5.146591e-05 7.873958e-04 7.208437e-08 1.892789e+00 9.099144e-01 9.291049e-01 1.345326e-03 1.920409e+00 9.140924e-01 9.339710e-01 4.337673e-03 2.648018e-04 2.659004e-04 2.690170e-04 7.507617e+00 
300 67600 5.215290e-05 8.640964e-04 6.409828e-08 1.814864e+00 8.807746e-01 8.988723e-01 1.498601e-03 2.076815e+00 9.715846e-01 9.114905e-01 4.580588e-03 3.091531e-04 3.030990e-04 3.057309e-04 7.562328e+00 
300 72900 5.122761e-05 9.581100e-04 9.720679e-08 2.187365e+00 1.071352e+00 9.801952e-01 1.570269e-03 1.710332e+00 9.606754e-01 9.751942e-01 4.930237e-03 3.612529e-04 3.543225e-04 3.708452e-04 7.893729e+00 
300 78400 5.256250e-05 1.110496e-03 1.071952e-07 1.703122e+00 1.036118e+00 1.053829e+00 1.738040e-03 1.715458e+00 1.036552e+00 1.057157e+00 5.304439e-03 3.874921e-04 3.356356e-04 3.348115e-04 7.611514e+00 
300 84100 5.241439e-05 1.156231e-03 6.011687e-08 1.750498e+00 1.092217e+00 1.131176e+00 1.805164e-03 1.768451e+00 1.095214e+00 1.131253e+00 5.827066e-03 3.760360e-04 3.571408e-04 3.566280e-04 7.978756e+00 
300 90000 5.221001e-05 1.249302e-03 9.520445e-08 1.784567e+00 1.171595e+00 1.195978e+00 1.951946e-03 2.050049e+00 1.229282e+00 1.198934e+00 6.256703e-03 4.173417e-04 3.918427e-04 3.920920e-04 8.641155e+00 
350 100 6.059960e-05 1.508207e-06 6.810296e-08 2.623401e+00 2.135186e-03 2.114176e-03 2.013410e-05 2.512724e+00 2.172040e-03 2.115982e-03 7.092580e-06 3.562130e-05 3.345201e-05 3.496720e-05 5.144864e+00 
350 400 6.036821e-05 4.316494e-06 4.898757e-08 2.421531e+00 6.639580e-03 6.700322e-03 2.933689e-05 2.429965e+00 6.671393e-03 6.707173e-03 2.768838e-05 3.844739e-05 3.560020e-05 3.525270e-05 4.878453e+00 
350 900 5.922059e-05 1.048271e-05 5.208421e-08 2.509870e+00 1.488445e-02 1.496303e-02 4.202379e-05 2.813130e+00 1.513885e-02 1.507570e-02 6.106030e-05 5.146691e-05 4.622410e-05 4.826211e-05 5.383388e+00 
350 1600 5.980241e-05 1.526580e-05 4.898757e-08 2.872440e+00 2.610655e-02 2.625935e-02 5.903819e-05 2.837957e+00 2.684493e-02 2.657254e-02 1.095818e-04 8.588040e-05 8.291991e-05 7.864861e-05 5.816679e+00 
350 2500 5.975731e-05 2.694430e-05 5.110633e-08 2.861427e+00 4.006507e-02 4.057440e-02 8.115829e-05 2.884503e+00 4.178271e-02 4.244999e-02 1.704727e-04 8.804160e-05 8.315428e-05 7.819191e-05 5.911398e+00 
350 3600 5.977540e-05 3.287410e-05 5.299225e-08 2.874940e+00 6.248341e-02 6.088280e-02 1.023270e-04 2.858652e+00 6.094745e-02 5.945411e-02 2.462090e-04 1.023329e-04 8.446230e-05 8.308010e-05 5.978079e+00 
350 4900 6.077380e-05 4.439941e-05 5.611219e-08 2.786025e+00 8.643973e-02 8.294437e-02 1.255376e-04 2.812050e+00 8.995115e-02 8.310086e-02 3.348935e-04 9.308921e-05 8.559292e-05 9.057040e-05 5.941353e+00 
350 6400 5.960010e-05 5.866771e-05 4.810281e-08 2.744676e+00 1.214154e-01 1.147787e-01 1.604798e-04 2.703002e+00 1.181728e-01 1.054423e-01 4.342370e-04 8.820791e-05 8.401861e-05 8.367999e-05 5.908464e+00 
350 8100 6.035920e-05 7.090799e-05 5.709007e-08 2.436583e+00 1.246233e-01 1.270845e-01 1.950825e-04 2.866310e+00 1.559646e-01 1.404417e-01 5.509785e-04 9.907412e-05 9.729941e-05 9.747869e-05 5.852187e+00 
350 10000 6.045029e-05 8.985531e-05 4.109461e-08 2.863816e+00 1.799241e-01 1.692028e-01 2.509190e-04 2.825094e+00 2.034081e-01 1.840254e-01 6.869528e-04 1.126684e-04 1.052272e-04 1.034626e-04 6.426890e+00 
350 12100 6.046628e-05 1.125833e-04 5.611219e-08 2.826805e+00 2.488243e-01 2.217078e-01 2.865844e-04 2.910043e+00 2.453571e-01 2.190691e-01 8.202359e-04 1.178271e-04 1.068156e-04 1.061286e-04 6.673425e+00 
350 14400 6.042330e-05 1.302797e-04 7.210765e-08 2.649443e+00 2.360287e-01 2.259359e-01 3.305150e-04 2.930935e+00 2.779568e-01 2.425073e-01 9.805936e-04 1.147324e-04 1.091241e-04 1.084110e-04 6.564650e+00 
350 16900 5.966218e-05 1.547904e-04 4.109461e-08 2.809701e+00 2.879581e-01 2.714942e-01 3.944656e-04 2.468068e+00 2.941079e-01 2.662969e-01 1.166734e-03 1.206843e-04 1.114986e-04 1.105963e-04 6.399772e+00 
350 19600 5.966509e-05 1.748002e-04 5.909242e-08 2.290454e+00 3.025450e-01 3.079952e-01 4.452364e-04 2.405445e+00 3.656859e-01 3.103086e-01 1.344474e-03 1.357829e-04 1.176528e-04 1.168306e-04 5.984855e+00 
350 22500 6.163321e-05 2.024866e-04 9.210780e-08 2.487316e+00 3.486991e-01 3.493792e-01 5.028966e-04 2.417218e+00 3.443584e-01 3.505004e-01 1.526514e-03 1.653842e-04 1.550287e-04 1.523066e-04 6.300257e+00 
350 25600 6.518241e-05 2.332126e-04 6.710179e-08 2.416103e+00 4.497486e-01 4.436573e-01 5.721501e-04 2.521808e+00 4.403089e-01 4.492016e-01 1.744627e-03 1.770376e-04 1.792118e-04 1.818347e-04 6.724009e+00 
350 28900 6.177230e-05 2.654036e-04 9.711366e-08 2.588781e+00 4.570120e-01 4.471758e-01 6.607805e-04 2.711701e+00 4.636103e-01 4.490732e-01 1.978701e-03 1.603547e-04 1.473863e-04 1.517749e-04 7.120805e+00 
350 32400 6.130468e-05 2.976259e-04 1.071021e-07 2.775210e+00 5.233241e-01 5.076439e-01 7.390005e-04 2.773680e+00 5.091931e-01 5.082616e-01 2.196432e-03 1.680331e-04 1.812600e-04 1.839790e-04 7.601161e+00 
350 36100 6.184040e-05 3.486000e-04 1.341803e-07 2.772619e+00 5.601384e-01 5.597761e-01 7.852756e-04 2.447724e+00 5.521317e-01 5.634768e-01 2.448099e-03 1.740281e-04 1.632079e-04 1.616656e-04 7.460033e+00 
350 40000 6.195959e-05 3.962321e-04 1.231907e-07 2.440978e+00 6.184156e-01 6.336681e-01 9.024508e-04 2.464364e+00 6.428956e-01 6.283022e-01 2.717283e-03 1.899629e-04 1.773020e-04 1.774993e-04 7.433272e+00 
350 44100 6.093609e-05 4.500667e-04 1.212116e-07 2.691826e+00 6.915386e-01 6.886213e-01 9.554290e-04 2.738395e+00 6.917449e-01 6.861274e-01 3.022200e-03 2.046339e-04 1.942873e-04 1.980720e-04 8.193367e+00 
350 48400 6.078081e-05 5.250548e-04 1.250999e-07 2.699506e+00 7.665449e-01 7.490231e-01 1.064818e-03 2.546002e+00 7.640297e-01 7.528809e-01 3.277986e-03 2.236413e-04 2.119547e-04 2.156313e-04 8.283591e+00 
350 52900 6.081990e-05 5.930343e-04 1.651933e-07 2.531750e+00 9.275946e-01 9.226200e-01 1.146948e-03 2.545192e+00 9.269336e-01 9.247389e-01 3.586966e-03 2.305727e-04 2.566285e-04 2.501659e-04 8.784985e+00 
350 57600 6.220799e-05 6.844069e-04 1.833076e-07 2.746670e+00 8.925443e-01 8.918736e-01 1.243925e-03 2.737016e+00 8.973775e-01 8.944027e-01 3.910106e-03 2.435520e-04 2.498575e-04 2.509361e-04 9.066559e+00 
350 62500 6.231009e-05 7.763565e-04 1.072185e-07 2.537585e+00 9.631569e-01 9.712719e-01 1.442088e-03 2.562181e+00 9.613476e-01 9.694894e-01 4.230451e-03 2.618214e-04 2.565385e-04 2.745363e-04 8.972366e+00 
350 67600 6.135171e-05 9.095615e-04 1.402106e-07 2.542141e+00 1.043197e+00 1.060648e+00 1.498742e-03 2.634884e+00 1.068733e+00 1.061707e+00 4.573744e-03 2.839013e-04 2.716651e-04 2.725104e-04 9.419205e+00 
350 72900 6.134971e-05 1.038790e-03 1.602108e-07 2.548319e+00 1.108943e+00 1.138337e+00 1.586567e-03 2.722998e+00 1.129463e+00 1.138640e+00 4.926499e-03 3.451048e-04 3.281284e-04 3.243187e-04 9.795340e+00 
350 78400 6.126061e-05 1.100211e-03 1.873123e-07 2.775040e+00 1.196800e+00 1.213492e+00 1.691507e-03 2.787437e+00 1.217073e+00 1.219233e+00 5.375634e-03 3.770955e-04 3.684536e-04 3.667520e-04 1.041845e+01 
350 84100 6.235831e-05 1.128004e-03 1.481967e-07 2.404028e+00 1.281336e+00 1.299632e+00 1.806089e-03 2.417865e+00 1.291733e+00 1.302300e+00 5.689891e-03 3.707330e-04 3.547180e-04 3.526900e-04 1.000669e+01 
350 90000 6.092910e-05 1.230798e-03 1.071952e-07 2.463765e+00 1.397323e+00 1.390730e+00 1.926499e-03 2.734741e+00 1.403931e+00 1.395870e+00 6.130275e-03 4.318494e-04 4.020389e-04 4.339897e-04 1.079700e+01 
400 100 7.146480e-05 1.685508e-06 1.291977e-07 3.321697e+00 3.031993e-03 3.022588e-03 2.417809e-05 3.204891e+00 3.013671e-03 3.084391e-03 7.306901e-06 4.715950e-05 4.117650e-05 4.102129e-05 6.538986e+00 
400 400 6.830308e-05 4.362594e-06 9.608921e-08 3.276563e+00 8.618656e-03 8.442277e-03 3.092929e-05 3.318216e+00 8.777506e-03 8.860173e-03 2.765141e-05 4.923362e-05 4.298030e-05 4.375339e-05 6.629760e+00 
400 900 7.076079e-05 1.074211e-05 9.820797e-08 3.284851e+00 1.730579e-02 1.680964e-02 4.134981e-05 3.297567e+00 1.700280e-02 1.716489e-02 6.114938e-05 5.540070e-05 5.264969e-05 5.449350e-05 6.651067e+00 
400 1600 7.174921e-05 1.536491e-05 8.509960e-08 3.299308e+00 3.065119e-02 2.895447e-02 5.557612e-05 3.244756e+00 2.934436e-02 2.946547e-02 1.102358e-04 6.667371e-05 6.474678e-05 6.267070e-05 6.662944e+00 
400 2500 7.068070e-05 2.631941e-05 1.091044e-07 3.234302e+00 4.773383e-02 4.501166e-02 7.589450e-05 3.221663e+00 4.525451e-02 4.532877e-02 1.709467e-04 7.463170e-05 7.710732e-05 7.551690e-05 6.639878e+00 
400 3600 6.865570e-05 3.207400e-05 1.230976e-07 3.237594e+00 6.831347e-02 6.491062e-02 1.019105e-04 3.175931e+00 6.711251e-02 6.486998e-02 2.469724e-04 8.998860e-05 7.524961e-05 7.296610e-05 6.679435e+00 
400 4900 7.081591e-05 4.661970e-05 1.000939e-07 3.166510e+00 9.539066e-02 8.833170e-02 1.344941e-04 3.156322e+00 9.455051e-02 8.878347e-02 3.331930e-04 8.419889e-05 7.860649e-05 7.884789e-05 6.690731e+00 
400 6400 7.027201e-05 5.924050e-05 1.151115e-07 3.169538e+00 1.194690e-01 1.146536e-01 1.547503e-04 3.195141e+00 1.247443e-01 1.143768e-01 4.340858e-04 8.718630e-05 8.852938e-05 8.666450e-05 6.838919e+00 
400 8100 6.948090e-05 7.360198e-05 1.742970e-07 3.039799e+00 1.487921e-01 1.449198e-01 1.916184e-04 3.041708e+00 1.548787e-01 1.442060e-01 5.517437e-04 8.805960e-05 8.573520e-05 8.433901e-05 6.675459e+00 
400 10000 6.907729e-05 8.873260e-05 1.020962e-07 3.045825e+00 1.958035e-01 1.799102e-01 2.413918e-04 2.904372e+00 1.929941e-01 1.805168e-01 6.976227e-04 9.409559e-05 8.767510e-05 8.436611e-05 6.700799e+00 
400 12100 7.052640e-05 1.127976e-04 1.131790e-07 2.911297e+00 2.149056e-01 2.143351e-01 2.887466e-04 2.883142e+00 2.144265e-01 2.153572e-01 8.218214e-04 1.035258e-04 9.341359e-05 9.132251e-05 6.655060e+00 
400 14400 7.081691e-05 1.294926e-04 1.241919e-07 2.884364e+00 2.496762e-01 2.550011e-01 3.295367e-04 2.885476e+00 2.542480e-01 2.562242e-01 9.795635e-04 1.069910e-04 9.868050e-05 9.623989e-05 6.786817e+00 
400 16900 7.073369e-05 1.563027e-04 1.231907e-07 2.906456e+00 2.989152e-01 3.042305e-01 3.809615e-04 3.040576e+00 3.016208e-01 3.059772e-01 1.147488e-03 1.176118e-04 1.071652e-04 1.061087e-04 7.159884e+00 
400 19600 6.975331e-05 1.741754e-04 9.918585e-08 3.269834e+00 3.555701e-01 3.479205e-01 4.436773e-04 3.293611e+00 3.620798e-01 3.486897e-01 1.326951e-03 1.320163e-04 1.212292e-04 1.215367e-04 7.980114e+00 
400 22500 7.044340e-05 2.014252e-04 1.291046e-07 3.268797e+00 4.667511e-01 4.521864e-01 5.099584e-04 3.333883e+00 4.659092e-01 4.511284e-01 1.538783e-03 1.672150e-04 1.577168e-04 1.580312e-04 8.441480e+00 
400 25600 7.005469e-05 2.287780e-04 6.509945e-08 3.346325e+00 4.623589e-01 4.533390e-01 5.720042e-04 3.365610e+00 4.662743e-01 4.541904e-01 1.781881e-03 1.819840e-04 1.772830e-04 1.742105e-04 8.551309e+00 
400 28900 7.045539e-05 2.658474e-04 1.040986e-07 3.375898e+00 5.301840e-01 5.176941e-01 6.415570e-04 3.353099e+00 5.239523e-01 5.170449e-01 1.963424e-03 1.572090e-04 1.482415e-04 1.471119e-04 8.821286e+00 
400 32400 7.016091e-05 2.977000e-04 1.142034e-07 3.320228e+00 5.792253e-01 5.773413e-01 7.433052e-04 3.307933e+00 5.874989e-01 5.773244e-01 2.244349e-03 1.634714e-04 1.542326e-04 1.524529e-04 8.953397e+00 
400 36100 7.063160e-05 3.499592e-04 7.518101e-08 3.294595e+00 6.639850e-01 6.465804e-01 7.905208e-04 3.318961e+00 6.648168e-01 6.434208e-01 2.447758e-03 1.738579e-04 1.650077e-04 1.672671e-04 9.236546e+00 
400 40000 6.951189e-05 3.842954e-04 1.010951e-07 3.357185e+00 7.300444e-01 7.168031e-01 9.287985e-04 3.293692e+00 7.050619e-01 7.153232e-01 2.713587e-03 1.843536e-04 1.999570e-04 2.008643e-04 9.522813e+00 
400 44100 6.995259e-05 4.647487e-04 9.508803e-08 3.173241e+00 7.666870e-01 7.805490e-01 9.841032e-04 3.198878e+00 7.725007e-01 7.844494e-01 3.089288e-03 2.026169e-04 2.013560e-04 2.027872e-04 9.481543e+00 
400 48400 6.945981e-05 5.065864e-04 1.141801e-07 3.187060e+00 9.529032e-01 8.559738e-01 1.080109e-03 3.183679e+00 9.547336e-01 8.586664e-01 3.277560e-03 2.209523e-04 2.106979e-04 2.114521e-04 9.998614e+00 
400 52900 7.082480e-05 5.653390e-04 1.211185e-07 3.131773e+00 9.296087e-01 9.433330e-01 1.146608e-03 3.138934e+00 9.320340e-01 9.473102e-01 3.683381e-03 2.329322e-04 2.222742e-04 2.202232e-04 1.002916e+01 
400 57600 7.061050e-05 7.012942e-04 1.050998e-07 3.151352e+00 1.002991e+00 1.033639e+00 1.247809e-03 3.300122e+00 1.025929e+00 1.032704e+00 3.905647e-03 2.819244e-04 2.706375e-04 2.800707e-04 1.055352e+01 
400 62500 6.977729e-05 7.987088e-04 1.081033e-07 3.290228e+00 1.100910e+00 1.105309e+00 1.346094e-03 3.081151e+00 1.091020e+00 1.109386e+00 4.237026e-03 2.688689e-04 2.598073e-04 2.581609e-04 1.078527e+01 
400 67600 7.026501e-05 9.089707e-04 1.621898e-07 3.344524e+00 1.182743e+00 1.195911e+00 1.510364e-03 3.407021e+00 1.190248e+00 1.206327e+00 4.699098e-03 3.142026e-04 3.038401e-04 3.075547e-04 1.153492e+01 
400 72900 6.900509e-05 1.008270e-03 7.508788e-08 3.149889e+00 1.432711e+00 1.294118e+00 1.570659e-03 3.152791e+00 1.530504e+00 1.292831e+00 4.933462e-03 3.409116e-04 3.265292e-04 3.185332e-04 1.186143e+01 
400 78400 7.261350e-05 1.023734e-03 1.132023e-07 3.148687e+00 1.379890e+00 1.388967e+00 1.684386e-03 3.067431e+00 1.382151e+00 1.391753e+00 5.325103e-03 3.514374e-04 3.548625e-04 3.562786e-04 1.176806e+01 
400 84100 6.925350e-05 1.131886e-03 9.420328e-08 3.063575e+00 1.487690e+00 1.490467e+00 1.820335e-03 3.131388e+00 1.587831e+00 1.492368e+00 5.686976e-03 3.707252e-04 3.512512e-04 3.950586e-04 1.226316e+01 
400 90000 6.880590e-05 1.252094e-03 6.810296e-08 3.189662e+00 1.617371e+00 1.605118e+00 1.953398e-03 3.494367e+00 1.682996e+00 1.608718e+00 6.101301e-03 4.005309e-04 3.910317e-04 3.936846e-04 1.320881e+01 
450 100 7.719740e-05 1.636404e-06 4.710164e-08 4.178955e+00 3.286673e-03 3.168670e-03 2.333790e-05 4.185428e+00 3.226734e-03 3.242061e-03 7.252791e-06 4.515250e-05 4.067379e-05 4.146500e-05 8.377551e+00 
450 400 7.817880e-05 4.503690e-06 7.408671e-08 4.226788e+00 1.021745e-02 1.002289e-02 3.337990e-05 4.249346e+00 9.913043e-03 1.019248e-02 2.765239e-05 4.529881e-05 4.046750e-05 4.252861e-05 8.516761e+00 
450 900 7.708429e-05 1.090930e-05 6.121118e-08 4.243957e+00 2.021417e-02 1.989570e-02 4.284300e-05 4.247375e+00 1.958334e-02 2.035077e-02 6.186550e-05 6.250741e-05 5.006581e-05 5.480992e-05 8.571744e+00 
450 1600 7.751880e-05 1.458181e-05 5.410984e-08 4.148721e+00 3.442047e-02 3.307112e-02 5.569020e-05 4.171584e+00 3.371113e-02 3.568325e-02 1.100516e-04 8.169920e-05 7.683688e-05 7.344880e-05 8.457689e+00 
450 2500 7.705819e-05 2.585570e-05 6.211922e-08 3.919314e+00 4.932600e-02 4.944669e-02 7.109230e-05 3.899398e+00 4.908087e-02 4.975028e-02 1.712620e-04 6.960609e-05 6.559910e-05 6.619799e-05 8.016871e+00 
450 3600 7.758499e-05 3.262379e-05 5.101319e-08 3.900397e+00 7.144518e-02 7.241045e-02 1.029088e-04 3.898201e+00 7.072732e-02 7.236332e-02 2.466096e-04 9.269661e-05 7.074070e-05 7.115840e-05 8.086247e+00 
450 4900 7.650640e-05 4.580040e-05 5.210750e-08 3.937340e+00 9.766194e-02 9.851618e-02 1.353563e-04 3.947662e+00 9.615139e-02 9.830375e-02 3.429456e-04 8.179219e-05 7.968911e-05 7.998860e-05 8.276487e+00 
450 6400 7.730559e-05 5.860459e-05 6.118789e-08 3.940920e+00 1.257702e-01 1.273609e-01 1.605119e-04 4.049402e+00 1.639113e-01 1.368624e-01 4.331114e-04 9.437511e-05 9.725231e-05 9.778319e-05 8.545254e+00 
450 8100 7.739072e-05 7.181130e-05 9.508803e-08 4.180678e+00 1.757888e-01 1.654797e-01 1.966449e-04 4.183575e+00 1.993503e-01 1.812123e-01 5.568534e-04 9.538860e-05 8.945970e-05 9.168410e-05 9.087274e+00 
450 10000 7.665451e-05 9.007868e-05 6.409828e-08 4.245186e+00 2.588289e-01 2.299638e-01 2.464143e-04 4.197031e+00 2.521181e-01 2.246760e-01 6.801798e-04 1.016910e-04 9.798352e-05 9.749271e-05 9.409205e+00 
450 12100 7.699309e-05 1.120145e-04 5.711336e-08 4.132766e+00 2.655724e-01 2.510103e-01 3.227925e-04 4.126006e+00 3.011545e-01 2.607979e-01 8.298495e-04 1.078032e-04 9.812871e-05 9.643619e-05 9.338964e+00 
450 14400 7.725861e-05 1.279773e-04 6.309710e-08 3.829956e+00 2.863024e-01 2.903606e-01 3.373172e-04 3.965764e+00 3.269011e-01 2.938065e-01 9.776534e-04 1.123970e-04 1.025813e-04 1.014958e-04 8.994955e+00 
450 16900 7.840830e-05 1.555435e-04 1.062173e-07 3.952734e+00 3.458056e-01 3.356937e-01 3.945919e-04 3.974510e+00 3.483568e-01 3.399954e-01 1.149374e-03 1.171271e-04 1.072312e-04 1.073925e-04 9.299221e+00 
450 19600 7.724352e-05 1.748274e-04 6.509945e-08 3.841888e+00 5.161207e-01 4.492613e-01 4.545044e-04 4.214195e+00 5.186348e-01 4.525584e-01 1.332884e-03 1.276929e-04 1.203889e-04 1.165733e-04 9.995073e+00 
450 22500 7.652538e-05 1.993400e-04 6.111804e-08 4.182652e+00 4.771120e-01 4.533412e-01 5.084270e-04 3.715251e+00 4.430242e-01 4.498905e-01 1.551559e-03 1.590367e-04 1.522526e-04 1.557829e-04 9.724087e+00 
450 25600 7.732052e-05 2.318746e-04 5.410984e-08 3.726938e+00 5.105029e-01 5.172524e-01 5.751698e-04 3.714636e+00 5.096378e-01 5.160592e-01 1.755381e-03 1.869214e-04 1.741734e-04 1.860330e-04 9.498225e+00 
450 28900 7.771221e-05 2.629411e-04 7.010531e-08 3.725459e+00 5.672018e-01 5.745442e-01 6.848377e-04 3.692033e+00 5.683193e-01 5.773387e-01 2.010148e-03 1.514594e-04 1.400674e-04 1.437168e-04 9.708381e+00 
450 32400 7.666461e-05 2.969629e-04 4.898757e-08 3.698149e+00 7.203287e-01 6.481116e-01 7.119943e-04 4.143905e+00 6.976484e-01 6.495697e-01 2.239193e-03 1.618119e-04 1.527464e-04 1.541524e-04 1.056152e+01 
450 36100 7.696811e-05 3.408285e-04 5.809125e-08 4.022746e+00 7.168491e-01 7.276986e-01 8.653345e-04 3.677968e+00 7.172301e-01 7.274805e-01 2.449379e-03 1.723557e-04 1.622316e-04 1.634924e-04 1.059422e+01 
450 40000 7.712531e-05 3.881933e-04 6.209593e-08 3.696585e+00 7.886710e-01 7.978556e-01 9.438409e-04 3.862896e+00 7.875787e-01 7.995628e-01 2.769944e-03 1.846791e-04 1.800572e-04 1.797607e-04 1.073789e+01 
450 44100 7.729861e-05 4.488309e-04 7.911585e-08 3.837301e+00 8.654688e-01 8.779827e-01 9.863203e-04 3.744011e+00 8.685956e-01 8.806701e-01 2.987533e-03 2.020881e-04 1.912068e-04 1.949945e-04 1.107913e+01 
450 48400 7.719139e-05 4.986553e-04 1.052162e-07 3.750651e+00 9.599453e-01 9.722369e-01 1.046219e-03 3.763657e+00 9.622189e-01 9.666947e-01 3.276544e-03 2.139979e-04 2.038668e-04 2.067801e-04 1.138094e+01 
450 52900 7.637918e-05 5.949232e-04 7.210765e-08 3.748552e+00 1.053228e+00 1.065306e+00 1.146133e-03 3.757173e+00 1.052664e+00 1.067792e+00 3.592679e-03 2.410682e-04 2.436200e-04 2.426105e-04 1.175088e+01 
450 57600 7.775109e-05 1.228115e-03 7.611234e-08 4.115280e+00 1.135137e+00 1.154560e+00 1.246680e-03 4.138858e+00 1.120247e+00 1.148513e+00 3.902521e-03 2.527298e-04 2.333728e-04 2.692194e-04 1.281983e+01 
450 62500 7.682990e-05 7.820369e-04 6.409828e-08 3.850376e+00 1.384552e+00 1.405069e+00 1.382122e-03 4.038082e+00 1.483611e+00 1.391088e+00 4.242699e-03 2.722268e-04 2.505935e-04 2.490031e-04 1.356007e+01 
450 67600 8.236610e-05 9.058259e-04 1.231907e-07 3.982393e+00 1.359734e+00 1.357838e+00 1.454469e-03 3.703747e+00 1.338434e+00 1.353850e+00 4.577809e-03 2.769549e-04 2.596471e-04 2.822278e-04 1.310387e+01 
450 72900 7.901511e-05 1.004744e-03 1.081033e-07 3.736078e+00 1.438306e+00 1.467241e+00 1.575706e-03 3.712543e+00 1.430218e+00 1.468880e+00 5.047934e-03 3.381534e-04 3.186062e-04 3.176498e-04 1.326198e+01 
450 78400 7.836621e-05 1.055227e-03 1.111999e-07 3.997873e+00 1.572151e+00 1.575152e+00 1.794629e-03 3.970985e+00 1.553191e+00 1.576322e+00 5.305986e-03 3.486111e-04 3.364751e-04 3.713782e-04 1.425499e+01 
450 84100 7.752390e-05 1.151008e-03 1.461944e-07 3.950163e+00 1.853005e+00 1.881084e+00 1.957158e-03 3.964163e+00 1.859950e+00 1.886263e+00 5.913026e-03 4.046189e-04 3.951247e-04 3.930225e-04 1.540496e+01 
450 90000 7.876770e-05 1.279704e-03 1.152046e-07 3.881290e+00 1.799790e+00 1.808462e+00 1.953673e-03 4.062039e+00 1.801421e+00 1.796693e+00 6.117654e-03 4.003815e-04 3.830457e-04 3.955222e-04 1.516033e+01 
500 100 8.605360e-05 1.770607e-06 7.410999e-08 5.133185e+00 3.601090e-03 3.569425e-03 2.313759e-05 5.152690e+00 3.650067e-03 3.573512e-03 7.097609e-06 4.529869e-05 4.360820e-05 4.461671e-05 1.030054e+01 
500 400 8.656941e-05 4.451605e-06 9.718351e-08 5.129980e+00 1.101779e-02 1.059449e-02 3.407490e-05 5.186779e+00 1.105050e-02 1.068287e-02 2.763220e-05 4.654860e-05 4.548598e-05 4.286710e-05 1.036041e+01 
500 900 8.741869e-05 1.073501e-05 1.091044e-07 5.183287e+00 2.144629e-02 2.114892e-02 4.249550e-05 5.159235e+00 2.167774e-02 2.105845e-02 6.138880e-05 5.331470e-05 4.974939e-05 5.174240e-05 1.042823e+01 
500 1600 8.687291e-05 1.511660e-05 1.000939e-07 5.148928e+00 3.698340e-02 3.665936e-02 5.801569e-05 5.133053e+00 3.711901e-02 3.621080e-02 1.090771e-04 6.689101e-05 6.347392e-05 6.083702e-05 1.042943e+01 
500 2500 8.649731e-05 2.707150e-05 6.509945e-08 5.120436e+00 5.947347e-02 5.626619e-02 7.752890e-05 5.159130e+00 5.792459e-02 5.557616e-02 1.699741e-04 6.723951e-05 6.484590e-05 6.088698e-05 1.050938e+01 
500 3600 8.726041e-05 3.285210e-05 1.091044e-07 5.212014e+00 8.485742e-02 8.044260e-02 9.787888e-05 4.587611e+00 8.382015e-02 8.084222e-02 2.446738e-04 7.337970e-05 6.828511e-05 6.711939e-05 1.013028e+01 
500 4900 8.698299e-05 4.515951e-05 1.001172e-07 4.557834e+00 1.068014e-01 1.083656e-01 1.200265e-04 4.527518e+00 1.065045e-01 1.091165e-01 3.336699e-04 8.141969e-05 7.550491e-05 7.865250e-05 9.516980e+00 
500 6400 8.687091e-05 5.829220e-05 7.010531e-08 4.867654e+00 1.536541e-01 1.425560e-01 1.571830e-04 4.956960e+00 1.547496e-01 1.423292e-01 4.350394e-04 8.564710e-05 8.321539e-05 8.384141e-05 1.041891e+01 
500 8100 8.700809e-05 7.229499e-05 9.809155e-08 4.810334e+00 1.774215e-01 1.795324e-01 2.036675e-04 4.796519e+00 1.800935e-01 1.802174e-01 5.519763e-04 8.881481e-05 8.817690e-05 8.511930e-05 1.032531e+01 
500 10000 8.697601e-05 8.938259e-05 1.040986e-07 4.774169e+00 2.231494e-01 2.222524e-01 2.422191e-04 4.789512e+00 2.231179e-01 2.216580e-01 6.786365e-04 9.966302e-05 9.036311e-05 9.021990e-05 1.045526e+01 
500 12100 8.703610e-05 1.128197e-04 1.122011e-07 4.793407e+00 2.789255e-01 2.711723e-01 2.827988e-04 5.045166e+00 2.829059e-01 2.714669e-01 8.564775e-04 1.086404e-04 9.962090e-05 9.630900e-05 1.094471e+01 
500 14400 8.683591e-05 1.296859e-04 1.031905e-07 4.996066e+00 3.351318e-01 3.180704e-01 3.395687e-04 4.934254e+00 3.332839e-01 3.188253e-01 9.771599e-04 1.115608e-04 9.898900e-05 9.936460e-05 1.123749e+01 
500 16900 8.576519e-05 1.547483e-04 5.501788e-08 5.010272e+00 3.696519e-01 4.245820e-01 3.840091e-04 5.042905e+00 3.712314e-01 4.243463e-01 1.159439e-03 1.148758e-04 1.076800e-04 1.060695e-04 1.164512e+01 
500 19600 9.034500e-05 1.754513e-04 6.910414e-08 5.024337e+00 4.271510e-01 4.371578e-01 4.418035e-04 4.884725e+00 4.271984e-01 4.370845e-01 1.346205e-03 1.243740e-04 1.148417e-04 1.136870e-04 1.164007e+01 
500 22500 8.514731e-05 2.007592e-04 8.719508e-08 4.819556e+00 4.984452e-01 5.052788e-01 5.063721e-04 4.965065e+00 5.970363e-01 5.154984e-01 1.530972e-03 1.627133e-04 1.602115e-04 1.556477e-04 1.190369e+01 
500 25600 8.483981e-05 2.292958e-04 5.408656e-08 4.934212e+00 5.587611e-01 5.678806e-01 5.887792e-04 4.726997e+00 5.557791e-01 5.654651e-01 1.773476e-03 1.813201e-04 1.814032e-04 1.809304e-04 1.191233e+01 
500 28900 8.545581e-05 2.573998e-04 9.909272e-08 4.783319e+00 6.359046e-01 6.372117e-01 6.403010e-04 4.794733e+00 6.312914e-01 6.417300e-01 1.983746e-03 1.491689e-04 1.423007e-04 1.402166e-04 1.212760e+01 
500 32400 8.547571e-05 2.961426e-04 6.698538e-08 4.677586e+00 7.124079e-01 7.257517e-01 7.783702e-04 4.954291e+00 7.722468e-01 7.256003e-01 2.196939e-03 1.574274e-04 1.521334e-04 1.536627e-04 1.257173e+01 
500 36100 8.731959e-05 3.436157e-04 1.022127e-07 4.810523e+00 7.948910e-01 9.012252e-01 7.973452e-04 4.855965e+00 7.866532e-01 9.010805e-01 2.559991e-03 1.812848e-04 1.709303e-04 1.706409e-04 1.305468e+01 
500 40000 9.102891e-05 3.920087e-04 1.572073e-07 4.872587e+00 8.602028e-01 8.739103e-01 9.050930e-04 4.979344e+00 8.942418e-01 8.876030e-01 2.769227e-03 1.909655e-04 1.798448e-04 1.754163e-04 1.337262e+01 
500 44100 8.698802e-05 4.613303e-04 1.002103e-07 4.831630e+00 9.504552e-01 9.631191e-01 1.017344e-03 4.889884e+00 9.765289e-01 9.771158e-01 3.021742e-03 2.063874e-04 1.914310e-04 2.103663e-04 1.359396e+01 
500 48400 8.680271e-05 5.039089e-04 1.451932e-07 4.875173e+00 1.089919e+00 1.073071e+00 1.118371e-03 4.769520e+00 1.081109e+00 1.072383e+00 3.275598e-03 2.144956e-04 2.007080e-04 1.984887e-04 1.396681e+01 
500 52900 8.678872e-05 6.197744e-04 1.642155e-07 4.756306e+00 1.183341e+00 1.169298e+00 1.191331e-03 4.591157e+00 1.166085e+00 1.168726e+00 3.663257e-03 2.406607e-04 2.364955e-04 2.469591e-04 1.404123e+01 
500 57600 8.706411e-05 7.067013e-04 9.918585e-08 4.570795e+00 1.426497e+00 1.274124e+00 1.381333e-03 4.799376e+00 1.430511e+00 1.275407e+00 3.904037e-03 2.509401e-04 2.400468e-04 2.329212e-04 1.478354e+01 
500 62500 8.698711e-05 8.056743e-04 1.783017e-07 4.889465e+00 1.396090e+00 1.379501e+00 1.492846e-03 4.945799e+00 1.394192e+00 1.391975e+00 4.306347e-03 3.080154e-04 3.043399e-04 3.059813e-04 1.540466e+01 
500 67600 8.669260e-05 8.468318e-04 1.281966e-07 4.802949e+00 1.505081e+00 1.493811e+00 1.560333e-03 5.152571e+00 1.505797e+00 1.498394e+00 4.577790e-03 2.933986e-04 2.852644e-04 2.858242e-04 1.596657e+01 
500 72900 8.574021e-05 9.858766e-04 1.081033e-07 5.024668e+00 1.649566e+00 1.610168e+00 1.581414e-03 4.969292e+00 1.592029e+00 1.620742e+00 4.980664e-03 3.556887e-04 3.413653e-04 3.396507e-04 1.647516e+01 
500 78400 9.007861e-05 1.044330e-03 6.409828e-08 4.966642e+00 1.773556e+00 1.735279e+00 1.687727e-03 5.146955e+00 1.791705e+00 1.740412e+00 5.296911e-03 3.541294e-04 3.445881e-04 3.454063e-04 1.716373e+01 
500 84100 8.513820e-05 1.118964e-03 6.209593e-08 4.933132e+00 1.836749e+00 1.887282e+00 1.875236e-03 4.772669e+00 1.839190e+00 1.882231e+00 5.680771e-03 3.767592e-04 3.622556e-04 3.628605e-04 1.716113e+01 
500 90000 8.536261e-05 1.228131e-03 1.041917e-07 4.835970e+00 2.012217e+00 1.995734e+00 1.931330e-03 4.693342e+00 1.993539e+00 1.995405e+00 6.559711e-03 4.448310e-04 4.322711e-04 4.290233e-04 1.753734e+01 
550 100 9.371310e-05 1.662504e-06 7.010531e-08 5.723349e+00 2.914015e-03 2.882839e-03 1.927989e-05 5.718423e+00 2.922708e-03 2.882614e-03 7.360009e-06 3.627019e-05 3.382650e-05 3.249461e-05 1.145361e+01 
550 400 9.404460e-05 4.500686e-06 7.709023e-08 5.718737e+00 1.031653e-02 1.036289e-02 2.771940e-05 5.732950e+00 1.032681e-02 1.038380e-02 2.769539e-05 3.533380e-05 3.606791e-05 3.457170e-05 1.149335e+01 
550 900 9.361289e-05 1.057880e-05 4.209578e-08 5.851764e+00 2.442482e-02 2.447986e-02 4.136378e-05 6.153886e+00 2.431134e-02 2.518779e-02 6.126359e-05 5.236629e-05 5.073382e-05 4.939879e-05 1.210442e+01 
550 1600 9.372812e-05 1.524081e-05 6.209593e-08 6.132652e+00 4.166848e-02 4.178389e-02 5.826401e-05 6.266366e+00 4.162522e-02 4.238517e-02 1.092663e-04 7.853340e-05 7.326452e-05 6.227109e-05 1.256698e+01 
550 2500 9.372411e-05 2.631131e-05 5.408656e-08 6.253647e+00 6.824271e-02 6.580298e-02 7.850940e-05 6.068260e+00 6.795911e-02 6.866860e-02 1.701122e-04 1.013845e-04 6.563310e-05 6.662549e-05 1.259319e+01 
550 3600 9.353680e-05 3.175540e-05 4.009344e-08 5.994422e+00 8.673693e-02 8.770698e-02 9.548380e-05 6.032152e+00 8.566113e-02 8.870540e-02 2.467648e-04 6.989250e-05 6.897820e-05 6.871680e-05 1.237607e+01 
550 4900 9.394239e-05 4.713039e-05 6.111804e-08 6.356530e+00 1.354632e-01 1.265174e-01 1.284200e-04 6.408477e+00 1.474174e-01 1.319645e-01 3.315665e-04 9.388530e-05 8.174421e-05 8.619181e-05 1.330724e+01 
550 6400 9.363890e-05 5.868280e-05 6.197952e-08 6.206605e+00 1.774553e-01 1.645327e-01 1.607147e-04 6.180586e+00 1.888969e-01 1.703361e-01 4.368439e-04 9.430700e-05 8.826798e-05 9.001549e-05 1.308944e+01 
550 8100 9.365899e-05 7.190851e-05 6.109476e-08 6.294930e+00 2.522083e-01 2.218975e-01 1.945367e-04 6.186494e+00 2.382578e-01 2.148279e-01 5.515003e-04 8.631600e-05 8.430500e-05 8.472062e-05 1.340979e+01 
550 10000 9.414870e-05 8.890789e-05 5.010515e-08 5.802756e+00 2.392782e-01 2.428656e-01 2.383652e-04 5.792525e+00 2.847659e-01 2.669605e-01 6.875135e-04 1.014747e-04 9.907810e-05 9.434300e-05 1.263056e+01 
550 12100 9.373310e-05 1.131151e-04 5.210750e-08 5.814869e+00 2.905181e-01 2.955312e-01 2.798295e-04 5.777013e+00 2.892263e-01 2.943484e-01 8.217862e-04 1.024852e-04 9.205251e-05 9.205160e-05 1.276311e+01 
550 14400 9.366400e-05 1.275867e-04 5.811453e-08 5.766566e+00 3.838238e-01 3.560310e-01 3.335516e-04 5.919387e+00 4.437251e-01 3.737440e-01 9.781872e-04 1.192022e-04 1.065973e-04 1.065512e-04 1.324515e+01 
550 16900 9.352779e-05 1.541084e-04 4.100148e-08 6.179398e+00 5.349669e-01 4.661723e-01 3.919939e-04 6.247085e+00 5.523881e-01 4.753299e-01 1.147469e-03 1.171371e-04 1.106885e-04 1.092663e-04 1.445748e+01 
550 19600 9.366299e-05 1.721172e-04 5.208421e-08 6.210116e+00 5.134871e-01 4.820500e-01 4.422279e-04 6.409143e+00 5.645293e-01 4.891303e-01 1.342041e-03 1.256557e-04 1.167034e-04 1.160183e-04 1.467088e+01 
550 22500 9.389829e-05 2.033006e-04 4.901085e-08 6.268484e+00 5.867375e-01 5.554393e-01 5.503355e-04 6.540159e+00 6.144434e-01 5.510490e-01 1.540229e-03 1.804416e-04 1.753811e-04 1.659671e-04 1.511924e+01 
550 25600 9.547770e-05 2.294639e-04 7.019844e-08 6.191288e+00 6.364110e-01 6.317566e-01 6.511362e-04 6.256490e+00 6.442604e-01 6.327518e-01 1.749506e-03 1.869965e-04 1.837376e-04 1.797527e-04 1.499626e+01 
550 28900 1.007175e-04 2.620677e-04 1.362059e-07 6.127416e+00 7.038774e-01 7.212202e-01 7.049537e-04 5.901783e+00 6.989173e-01 7.129960e-01 1.961387e-03 1.573762e-04 1.415516e-04 1.420303e-04 1.486970e+01 
550 32400 9.566210e-05 3.004341e-04 7.010531e-08 5.974783e+00 7.874410e-01 7.861169e-01 7.193523e-04 6.032476e+00 7.968399e-01 7.923975e-01 2.296805e-03 1.643127e-04 1.562456e-04 1.569146e-04 1.517397e+01 
550 36100 9.497502e-05 3.435476e-04 1.020962e-07 5.834070e+00 8.645467e-01 8.767006e-01 7.856983e-04 5.852009e+00 8.673673e-01 8.821560e-01 2.448211e-03 1.728133e-04 1.636406e-04 1.594523e-04 1.518104e+01 
550 40000 9.488282e-05 3.858637e-04 1.022127e-07 5.984687e+00 9.686573e-01 9.736310e-01 8.739382e-04 6.164095e+00 9.712485e-01 9.770538e-01 2.707182e-03 2.035874e-04 1.961622e-04 1.966670e-04 1.604405e+01 
550 44100 9.332451e-05 4.542912e-04 1.020962e-07 6.344663e+00 1.098179e+00 1.071050e+00 1.104869e-03 6.262907e+00 1.101076e+00 1.073715e+00 2.982885e-03 2.053981e-04 1.915744e-04 2.019930e-04 1.695687e+01 
550 48400 9.713219e-05 5.127666e-04 7.611234e-08 6.096335e+00 1.276881e+00 1.182877e+00 1.051698e-03 6.242210e+00 1.233419e+00 1.177817e+00 3.272983e-03 2.165007e-04 2.108081e-04 2.069233e-04 1.721513e+01 
550 52900 9.359492e-05 5.836973e-04 6.011687e-08 6.215317e+00 1.426580e+00 1.283422e+00 1.144476e-03 6.155767e+00 1.429762e+00 1.284706e+00 3.711836e-03 2.297073e-04 2.139678e-04 2.151166e-04 1.780176e+01 
550 57600 9.357480e-05 6.751252e-04 6.111804e-08 6.127700e+00 1.378873e+00 1.400082e+00 1.327043e-03 6.130164e+00 1.382776e+00 1.403891e+00 3.938819e-03 2.503262e-04 2.275211e-04 2.264595e-04 1.783024e+01 
550 62500 9.342241e-05 7.469212e-04 8.111820e-08 6.090132e+00 1.498050e+00 1.530659e+00 1.508096e-03 6.193018e+00 1.501275e+00 1.520284e+00 4.233407e-03 2.628748e-04 2.489781e-04 2.504692e-04 1.834078e+01 
550 67600 9.341959e-05 8.692062e-04 1.192093e-07 6.162457e+00 1.622066e+00 1.641905e+00 1.453445e-03 6.208329e+00 1.623130e+00 1.647874e+00 4.666515e-03 2.786495e-04 2.630100e-04 2.628599e-04 1.891367e+01 
550 72900 9.358081e-05 9.401361e-04 5.809125e-08 6.294507e+00 1.754514e+00 1.776344e+00 1.572492e-03 6.296924e+00 1.836472e+00 1.792190e+00 5.027611e-03 3.843214e-04 3.780891e-04 3.782293e-04 1.975974e+01 
550 78400 9.358688e-05 1.113042e-03 8.121133e-08 6.621410e+00 2.033377e+00 1.930959e+00 1.690526e-03 6.272546e+00 2.007998e+00 1.929375e+00 5.307486e-03 3.592239e-04 3.678157e-04 3.650355e-04 2.080498e+01 
550 84100 9.327040e-05 1.169137e-03 6.409828e-08 6.149677e+00 2.074313e+00 2.045893e+00 1.854841e-03 6.116242e+00 2.141782e+00 2.037416e+00 5.710683e-03 3.749734e-04 4.177604e-04 4.166627e-04 2.057538e+01 
550 90000 9.361589e-05 1.220832e-03 8.309726e-08 6.368694e+00 2.210521e+00 2.194767e+00 1.994454e-03 6.140552e+00 2.178277e+00 2.214187e+00 6.250724e-03 4.170423e-04 4.187449e-04 4.185666e-04 2.131783e+01 
600 100 1.020715e-04 1.582410e-06 5.310867e-08 7.581228e+00 3.334650e-03 3.297924e-03 2.202999e-05 7.560669e+00 4.374038e-03 4.247882e-03 7.285899e-06 3.531480e-05 3.364831e-05 3.387360e-05 1.515740e+01 
600 400 1.019373e-04 4.307507e-06 5.511101e-08 7.588113e+00 1.131111e-02 1.137899e-02 2.910849e-05 7.636682e+00 1.181088e-02 1.137209e-02 2.764130e-05 3.804781e-05 3.803780e-05 3.683700e-05 1.527095e+01 
600 900 1.019463e-04 1.061179e-05 4.700851e-08 7.634866e+00 2.410783e-02 2.429981e-02 3.931769e-05 7.645074e+00 2.468122e-02 2.435567e-02 6.219600e-05 4.484809e-05 4.650848e-05 4.428220e-05 1.537774e+01 
600 1600 1.019364e-04 1.438949e-05 7.119961e-08 7.565914e+00 4.212330e-02 4.252627e-02 5.354199e-05 7.561214e+00 4.270442e-02 4.261976e-02 1.090420e-04 5.929160e-05 5.904620e-05 5.973531e-05 1.529757e+01 
600 2500 1.021086e-04 2.647259e-05 5.709007e-08 7.728398e+00 7.651129e-02 7.293971e-02 7.764800e-05 7.897744e+00 7.771888e-02 7.718276e-02 1.701312e-04 9.298690e-05 1.019834e-04 6.978631e-05 1.593115e+01 
600 3600 1.019234e-04 3.196381e-05 5.809125e-08 7.908677e+00 1.157705e-01 1.119987e-01 9.623880e-05 7.968502e+00 1.187967e-01 1.121936e-01 2.450843e-04 8.665049e-05 7.240919e-05 7.254039e-05 1.633665e+01 
600 4900 1.019543e-04 4.566428e-05 6.610062e-08 7.718177e+00 1.268920e-01 1.302316e-01 1.266012e-04 7.598505e+00 1.286683e-01 1.300514e-01 3.324509e-04 7.889802e-05 7.478381e-05 7.696911e-05 1.583337e+01 
600 6400 1.018853e-04 5.947191e-05 5.501788e-08 7.523085e+00 1.686296e-01 1.717538e-01 1.578860e-04 7.528656e+00 1.698731e-01 1.731343e-01 4.348489e-04 8.151690e-05 8.119529e-05 7.943569e-05 1.573614e+01 
600 8100 1.016900e-04 7.352389e-05 6.109476e-08 7.558578e+00 2.108297e-01 2.155372e-01 1.949654e-04 7.127553e+00 2.247840e-01 2.182535e-01 5.561362e-04 8.803960e-05 8.457140e-05 8.413370e-05 1.555673e+01 
600 10000 1.020996e-04 8.909709e-05 5.210750e-08 7.508593e+00 3.044100e-01 2.980289e-01 2.517293e-04 7.702244e+00 3.283103e-01 2.939589e-01 6.809597e-04 1.009058e-04 9.789329e-05 9.502899e-05 1.643697e+01 
600 12100 1.015948e-04 1.118351e-04 4.309695e-08 7.543427e+00 3.181589e-01 3.214620e-01 2.850319e-04 7.323472e+00 3.256790e-01 3.236459e-01 8.297692e-04 1.033494e-04 9.540860e-05 9.166610e-05 1.615747e+01 
600 14400 1.018672e-04 1.302987e-04 7.108320e-08 7.107787e+00 4.768882e-01 4.310161e-01 3.328204e-04 7.204068e+00 4.947390e-01 4.327688e-01 9.779706e-04 1.100605e-04 1.022909e-04 1.013385e-04 1.614914e+01 
600 16900 1.016690e-04 1.535015e-04 5.210750e-08 7.217260e+00 4.415357e-01 4.516168e-01 3.867530e-04 7.498566e+00 4.896479e-01 4.535586e-01 1.169425e-03 1.229999e-04 1.131892e-04 1.151651e-04 1.655437e+01 
600 19600 1.040264e-04 1.737417e-04 1.061009e-07 6.738683e+00 5.311837e-01 5.285174e-01 4.451342e-04 6.650286e+00 5.149358e-01 5.215396e-01 1.354717e-03 1.300554e-04 1.139282e-04 1.149047e-04 1.548761e+01 
600 22500 1.072944e-04 2.038507e-04 7.010531e-08 6.566777e+00 6.076641e-01 6.079379e-01 5.909603e-04 6.589826e+00 6.164582e-01 6.071317e-01 1.530920e-03 1.639230e-04 1.593111e-04 1.540903e-04 1.559873e+01 
600 25600 1.033314e-04 2.316111e-04 1.542037e-07 6.585391e+00 6.686285e-01 6.773406e-01 6.462619e-04 6.511457e+00 6.683591e-01 6.802702e-01 1.746115e-03 1.824667e-04 1.747752e-04 1.694573e-04 1.579473e+01 
600 28900 1.036329e-04 2.618494e-04 1.331791e-07 6.594676e+00 7.534995e-01 7.666837e-01 6.792242e-04 6.591554e+00 7.595621e-01 7.696428e-01 1.968938e-03 1.489696e-04 1.470007e-04 1.530297e-04 1.623911e+01 
600 32400 1.035297e-04 3.021356e-04 1.042150e-07 6.617245e+00 8.579324e-01 8.574456e-01 7.147182e-04 6.621260e+00 8.494865e-01 8.636213e-01 2.246931e-03 1.581063e-04 1.539762e-04 1.483377e-04 1.667085e+01 
600 36100 1.033285e-04 3.434443e-04 1.532957e-07 6.559170e+00 9.571642e-01 9.590023e-01 7.915531e-04 7.166799e+00 9.767513e-01 9.599104e-01 2.448397e-03 1.804780e-04 1.841676e-04 1.809327e-04 1.758306e+01 
600 40000 1.029119e-04 3.981686e-04 1.392094e-07 6.831028e+00 1.058158e+00 1.064157e+00 9.011092e-04 6.925124e+00 1.077746e+00 1.062502e+00 2.709852e-03 1.911687e-04 1.780831e-04 1.848713e-04 1.802341e+01 
600 44100 1.033114e-04 4.615949e-04 1.361826e-07 6.920409e+00 1.168407e+00 1.170958e+00 9.564495e-04 6.777032e+00 1.167507e+00 1.173514e+00 2.989397e-03 1.980540e-04 1.974261e-04 1.861853e-04 1.838294e+01 
600 48400 1.034706e-04 5.256877e-04 1.142034e-07 6.982729e+00 1.430115e+00 1.282512e+00 1.045311e-03 6.608785e+00 1.429263e+00 1.284012e+00 3.273785e-03 2.114863e-04 2.084187e-04 2.025680e-04 1.902305e+01 
600 52900 1.023400e-04 5.924069e-04 1.202105e-07 7.265645e+00 1.382249e+00 1.401145e+00 1.262629e-03 7.180617e+00 1.382447e+00 1.404920e+00 3.581440e-03 2.356402e-04 2.247689e-04 2.382661e-04 2.002328e+01 
600 57600 1.068056e-04 6.890839e-04 6.509945e-08 7.761059e+00 1.568049e+00 1.527061e+00 1.252108e-03 7.366406e+00 1.590511e+00 1.538914e+00 3.894933e-03 2.956852e-04 2.865835e-04 2.868950e-04 2.135883e+01 
600 62500 1.022589e-04 7.732282e-04 7.608905e-08 7.596462e+00 1.642313e+00 1.865709e+00 1.435951e-03 7.286399e+00 1.642131e+00 1.864124e+00 4.242507e-03 2.969609e-04 2.879764e-04 2.808628e-04 2.190458e+01 
600 67600 1.018712e-04 8.925580e-04 9.508803e-08 7.324565e+00 1.776694e+00 1.801552e+00 1.455447e-03 7.369758e+00 1.915761e+00 1.804853e+00 4.572315e-03 2.889830e-04 3.019363e-04 3.057139e-04 2.200112e+01 
600 72900 1.019945e-04 1.005078e-03 6.300397e-08 7.297721e+00 1.900880e+00 1.931149e+00 1.624845e-03 7.298824e+00 1.911770e+00 1.932559e+00 4.923178e-03 3.378380e-04 3.194505e-04 3.643306e-04 2.228160e+01 
600 78400 1.021307e-04 1.020454e-03 8.109491e-08 7.613760e+00 2.142020e+00 2.334474e+00 1.727023e-03 7.348917e+00 2.069275e+00 2.331506e+00 5.296096e-03 3.974540e-04 3.731508e-04 3.784537e-04 2.384927e+01 
600 84100 1.022479e-04 1.147601e-03 1.040986e-07 7.499072e+00 2.217364e+00 2.244504e+00 1.976963e-03 7.327382e+00 2.215169e+00 2.229587e+00 5.804903e-03 3.742253e-04 3.541223e-04 4.028831e-04 2.374326e+01 
600 90000 1.021137e-04 1.231962e-03 9.720679e-08 7.342795e+00 2.360923e+00 2.397148e+00 1.993063e-03 7.369010e+00 2.368152e+00 2.408944e+00 6.137544e-03 4.146406e-04 4.084042e-04 4.056071e-04 2.425769e+01 
650 100 1.105251e-04 1.618406e-06 5.310867e-08 9.202261e+00 4.912927e-03 4.886514e-03 2.513248e-05 9.117098e+00 3.605230e-03 3.599052e-03 7.602316e-06 3.561722e-05 3.432629e-05 3.425421e-05 1.833662e+01 
650 400 1.101596e-04 4.572887e-06 4.000030e-08 9.203399e+00 1.228194e-02 1.230142e-02 2.996479e-05 9.321769e+00 1.444121e-02 1.441520e-02 2.759828e-05 5.065058e-05 4.504530e-05 4.310741e-05 1.857893e+01 
650 900 1.105423e-04 1.136090e-05 4.710164e-08 9.752721e+00 2.640887e-02 2.652855e-02 4.192160e-05 9.271215e+00 2.620955e-02 2.655379e-02 6.184941e-05 4.610398e-05 4.599979e-05 4.495520e-05 1.913001e+01 
650 1600 1.107445e-04 1.436851e-05 5.098991e-08 9.283536e+00 4.575709e-02 4.635951e-02 5.776130e-05 9.267223e+00 4.573164e-02 4.627821e-02 1.098682e-04 5.919549e-05 6.011680e-05 5.729059e-05 1.873537e+01 
650 2500 1.107465e-04 2.606490e-05 4.901085e-08 9.307818e+00 7.190284e-02 7.354740e-02 7.410571e-05 9.174344e+00 7.086871e-02 7.256596e-02 1.701153e-04 1.012493e-04 6.402070e-05 6.083499e-05 1.877166e+01 
650 3600 1.104240e-04 3.198080e-05 4.200265e-08 9.369787e+00 1.290409e-01 1.203062e-01 9.910110e-05 9.441251e+00 1.173445e-01 1.253376e-01 2.453337e-04 9.420072e-05 7.713130e-05 7.305720e-05 1.930381e+01 
650 4900 1.104270e-04 4.493820e-05 5.399343e-08 9.468825e+00 1.637856e-01 1.576303e-01 1.275657e-04 9.561206e+00 1.798186e-01 1.479570e-01 3.325861e-04 8.606170e-05 8.350480e-05 8.561700e-05 1.968010e+01 
650 6400 1.102708e-04 5.761210e-05 5.899929e-08 9.493689e+00 2.382043e-01 2.152103e-01 1.601893e-04 9.354809e+00 2.426279e-01 2.208823e-01 4.374948e-04 9.568299e-05 9.045519e-05 9.033401e-05 1.976647e+01 
650 8100 1.104090e-04 7.148681e-05 2.810266e-08 9.084601e+00 2.663870e-01 2.496563e-01 1.988742e-04 8.998244e+00 2.282155e-01 2.332180e-01 5.506138e-04 9.043009e-05 8.822780e-05 8.585330e-05 1.906153e+01 
650 10000 1.103660e-04 8.833499e-05 5.909242e-08 8.977128e+00 2.843827e-01 2.876016e-01 2.467467e-04 8.934832e+00 3.614724e-01 3.119143e-01 6.809958e-04 1.001407e-04 9.412360e-05 9.333750e-05 1.915876e+01 
650 12100 1.111501e-04 1.119453e-04 7.809140e-08 9.488873e+00 3.396707e-01 3.483832e-01 2.847645e-04 9.268475e+00 3.438480e-01 3.482847e-01 8.194845e-04 1.021377e-04 9.432300e-05 9.309310e-05 2.013916e+01 
650 14400 1.103198e-04 1.284509e-04 6.810296e-08 9.121056e+00 5.400609e-01 4.690932e-01 3.361833e-04 9.279919e+00 5.373479e-01 4.755543e-01 9.795025e-04 1.087705e-04 1.048016e-04 1.047445e-04 2.042492e+01 
650 16900 1.104991e-04 1.547132e-04 5.909242e-08 9.156420e+00 5.196411e-01 4.920836e-01 3.842493e-04 9.217541e+00 5.810109e-01 4.941351e-01 1.146585e-03 1.200684e-04 1.091801e-04 1.110649e-04 2.046298e+01 
650 19600 1.101056e-04 1.739109e-04 4.700851e-08 9.050158e+00 6.009611e-01 5.716180e-01 4.385063e-04 9.182709e+00 6.101071e-01 5.681371e-01 1.343064e-03 1.254545e-04 1.219933e-04 1.247684e-04 2.058614e+01 
650 22500 1.118010e-04 2.005898e-04 4.610047e-08 9.183149e+00 6.389176e-01 6.502427e-01 5.259369e-04 9.389444e+00 7.418545e-01 6.553467e-01 1.526824e-03 1.754822e-04 1.723345e-04 1.747641e-04 2.126186e+01 
650 25600 1.101667e-04 2.277443e-04 6.319024e-08 9.404812e+00 7.324753e-01 7.411454e-01 6.491240e-04 9.097977e+00 7.576945e-01 7.499509e-01 1.739701e-03 2.012217e-04 1.963284e-04 1.932037e-04 2.148739e+01 
650 28900 1.106083e-04 2.625944e-04 5.008187e-08 9.255959e+00 1.052567e+00 9.398456e-01 6.464671e-04 9.356402e+00 1.017724e+00 9.394931e-01 1.956222e-03 1.623085e-04 1.499922e-04 1.514924e-04 2.256544e+01 
650 32400 1.099122e-04 2.978622e-04 4.309695e-08 9.050563e+00 1.017522e+00 9.300900e-01 7.437446e-04 9.258096e+00 9.228146e-01 9.254369e-01 2.207215e-03 1.649434e-04 1.540622e-04 1.629314e-04 2.210838e+01 
650 36100 1.106614e-04 3.409646e-04 4.910398e-08 9.328034e+00 1.155489e+00 1.048501e+00 7.987998e-04 9.336788e+00 1.037990e+00 1.047057e+00 2.454790e-03 1.895482e-04 1.799289e-04 1.813831e-04 2.295815e+01 
650 40000 1.099373e-04 3.928071e-04 1.161825e-07 9.175184e+00 1.282061e+00 1.161730e+00 8.730219e-04 8.894874e+00 1.277241e+00 1.165452e+00 2.708948e-03 1.938346e-04 1.829554e-04 1.835983e-04 2.296121e+01 
650 44100 1.097331e-04 4.576450e-04 6.100163e-08 8.880909e+00 1.397490e+00 1.399203e+00 9.577228e-04 9.303808e+00 1.535155e+00 1.374978e+00 2.991636e-03 2.121841e-04 2.116653e-04 2.076112e-04 2.389672e+01 
650 48400 1.127215e-04 5.315114e-04 1.532026e-07 8.890282e+00 1.403176e+00 1.386580e+00 1.054630e-03 8.923022e+00 1.403679e+00 1.404428e+00 3.280235e-03 2.145367e-04 2.204064e-04 2.205456e-04 2.341684e+01 
650 52900 1.189728e-04 6.081588e-04 1.852866e-07 9.038580e+00 1.510690e+00 1.517334e+00 1.338578e-03 9.003092e+00 1.499866e+00 1.530755e+00 3.769337e-03 2.279006e-04 2.163904e-04 2.166658e-04 2.410684e+01 
650 57600 1.111682e-04 7.099751e-04 9.711366e-08 8.817815e+00 1.639399e+00 1.864059e+00 1.253007e-03 8.917723e+00 1.652571e+00 1.717202e+00 3.906113e-03 2.575139e-04 2.296484e-04 2.305617e-04 2.461549e+01 
650 62500 1.110570e-04 8.028529e-04 1.542969e-07 9.074837e+00 1.792444e+00 1.798606e+00 1.498957e-03 8.855832e+00 1.782458e+00 1.798596e+00 4.337057e-03 2.870160e-04 2.713815e-04 2.687837e-04 2.511039e+01 
650 67600 1.113976e-04 8.291719e-04 1.040986e-07 8.639911e+00 1.914223e+00 1.934674e+00 1.452914e-03 8.511574e+00 1.899683e+00 1.925891e+00 4.673466e-03 3.406832e-04 3.420523e-04 3.425460e-04 2.483408e+01 
650 72900 1.119604e-04 9.920629e-04 1.151115e-07 8.631911e+00 2.162065e+00 2.355915e+00 1.622652e-03 8.725221e+00 2.231740e+00 2.359030e+00 5.133560e-03 3.894585e-04 3.684980e-04 3.722257e-04 2.647491e+01 
650 78400 1.114096e-04 1.012372e-03 1.932960e-07 8.959219e+00 2.222206e+00 2.245307e+00 1.762348e-03 8.794704e+00 2.237981e+00 2.255007e+00 5.328081e-03 3.473092e-04 3.354855e-04 3.472841e-04 2.672371e+01 
650 84100 1.118172e-04 1.141521e-03 1.221895e-07 8.962996e+00 2.402580e+00 2.456260e+00 1.921790e-03 8.795409e+00 2.406530e+00 2.449192e+00 5.688175e-03 3.936865e-04 3.849515e-04 3.809365e-04 2.748302e+01 
650 90000 1.113425e-04 1.218894e-03 1.312001e-07 8.877513e+00 2.566878e+00 2.582422e+00 1.935708e-03 8.782311e+00 2.565027e+00 2.585183e+00 6.107445e-03 4.157025e-04 4.021201e-04 4.050345e-04 2.796997e+01 
700 100 1.202408e-04 1.687487e-06 6.509945e-08 1.012407e+01 4.321976e-03 4.277626e-03 2.308141e-05 1.025414e+01 5.135079e-03 4.820742e-03 7.142685e-06 4.777438e-05 4.568121e-05 4.443040e-05 2.039707e+01 
700 400 1.201827e-04 4.741107e-06 1.142034e-07 1.033819e+01 1.548408e-02 1.497504e-02 3.316961e-05 9.918712e+00 1.511605e-02 1.466563e-02 3.051059e-05 4.425719e-05 4.283201e-05 4.370629e-05 2.031748e+01 
700 900 1.197660e-04 1.057081e-05 1.050998e-07 9.949569e+00 3.085770e-02 2.990581e-02 4.160521e-05 9.948230e+00 3.103449e-02 3.021320e-02 6.127760e-05 5.027021e-05 4.604480e-05 4.779550e-05 2.002021e+01 
700 1600 1.212432e-04 1.462190e-05 9.420328e-08 9.919580e+00 5.322566e-02 5.024562e-02 5.366930e-05 9.869663e+00 5.404335e-02 5.085133e-02 1.092634e-04 6.273980e-05 6.293911e-05 6.071988e-05 1.999811e+01 
700 2500 1.204541e-04 2.639238e-05 1.130858e-07 9.958177e+00 8.449399e-02 7.867967e-02 7.138168e-05 9.878043e+00 7.722197e-02 7.731828e-02 1.708754e-04 6.275778e-05 5.899321e-05 5.792759e-05 2.015452e+01 
700 3600 1.207536e-04 3.205899e-05 9.920914e-08 9.784344e+00 1.087536e-01 1.105640e-01 9.354691e-05 9.902235e+00 1.223442e-01 1.112279e-01 2.446879e-04 7.501720e-05 6.481379e-05 6.167819e-05 2.014018e+01 
700 4900 1.208787e-04 4.549311e-05 5.508773e-08 1.006231e+01 1.574735e-01 1.514756e-01 1.270139e-04 1.038146e+01 1.612703e-01 1.512567e-01 3.458550e-04 8.170311e-05 7.436520e-05 7.841121e-05 2.106613e+01 
700 6400 1.199433e-04 5.955300e-05 9.711366e-08 1.066817e+01 2.181646e-01 2.010901e-01 1.578289e-04 1.061100e+01 2.119354e-01 1.990031e-01 4.349622e-04 9.325938e-05 8.681170e-05 8.456341e-05 2.211042e+01 
700 8100 1.204270e-04 7.267960e-05 1.071021e-07 1.066810e+01 2.608483e-01 2.528570e-01 1.968744e-04 1.065321e+01 2.560179e-01 2.542871e-01 5.505340e-04 9.393040e-05 9.032409e-05 8.836410e-05 2.234655e+01 
700 10000 1.200515e-04 8.947279e-05 1.111999e-07 1.073915e+01 3.275870e-01 3.143584e-01 2.383574e-04 1.054237e+01 3.259110e-01 3.107958e-01 6.999424e-04 1.002129e-04 9.301598e-05 8.974820e-05 2.256162e+01 
700 12100 1.193104e-04 1.120515e-04 6.610062e-08 1.122167e+01 3.894089e-01 4.234965e-01 2.935198e-04 1.107309e+01 4.179266e-01 4.224800e-01 8.231576e-04 1.026404e-04 9.519032e-05 9.556990e-05 2.394973e+01 
700 14400 1.192302e-04 1.295016e-04 5.811453e-08 1.084795e+01 4.421128e-01 4.464311e-01 3.352151e-04 1.095632e+01 4.357755e-01 4.436970e-01 9.799325e-04 1.103519e-04 1.022168e-04 1.004361e-04 2.357417e+01 
700 16900 1.231431e-04 1.562836e-04 3.410969e-08 1.115177e+01 6.029480e-01 5.413642e-01 3.826260e-04 1.120810e+01 6.044796e-01 5.321809e-01 1.145333e-03 1.189909e-04 1.095348e-04 1.084561e-04 2.464300e+01 
700 19600 1.189378e-04 1.727432e-04 5.098991e-08 1.173005e+01 7.001135e-01 6.163674e-01 4.454969e-04 1.129082e+01 6.071616e-01 6.163300e-01 1.346144e-03 1.277920e-04 1.166614e-04 1.139003e-04 2.556330e+01 
700 22500 1.183389e-04 2.017827e-04 9.010546e-08 1.093890e+01 7.614989e-01 7.051763e-01 5.062358e-04 1.099642e+01 6.862006e-01 6.976402e-01 1.529025e-03 1.728924e-04 1.664438e-04 1.630988e-04 2.478871e+01 
700 25600 1.185181e-04 2.314730e-04 4.109461e-08 1.087049e+01 7.904284e-01 7.984025e-01 5.798912e-04 1.079964e+01 7.876835e-01 7.957771e-01 1.736598e-03 1.975522e-04 1.851497e-04 1.850315e-04 2.484567e+01 
700 28900 1.183228e-04 2.631974e-04 5.702022e-08 1.090629e+01 8.972644e-01 8.998591e-01 6.627651e-04 1.118450e+01 9.717320e-01 8.991298e-01 1.956997e-03 1.587862e-04 1.476236e-04 1.465941e-04 2.576225e+01 
700 32400 1.188435e-04 2.994634e-04 5.010515e-08 1.103043e+01 9.843986e-01 1.008913e+00 7.131564e-04 1.075326e+01 1.073105e+00 1.010341e+00 2.194891e-03 1.613852e-04 1.516957e-04 1.551549e-04 2.586426e+01 
700 36100 1.231971e-04 3.484687e-04 5.408656e-08 1.067031e+01 1.104080e+00 1.129324e+00 7.880265e-04 1.068427e+01 1.111931e+00 1.126910e+00 2.446372e-03 1.714582e-04 1.652079e-04 1.629936e-04 2.583105e+01 
