50 400 1.004096e-05 7.294817e-06 8.218922e-08 4.209307e-02 1.823920e-02 2.072386e-02 2.917559e-05 4.171055e-02 1.821304e-02 2.068506e-02 2.805800e-05 2.842238e-05 2.917759e-05 2.783537e-05 1.618502e-01 
50 1600 1.187380e-05 1.631021e-05 7.222407e-08 3.936390e-02 7.303469e-02 8.273743e-02 1.123858e-04 4.191683e-02 7.293728e-02 8.288177e-02 1.098880e-04 1.110958e-04 1.081996e-04 1.090690e-04 3.934806e-01 
50 3600 1.180763e-05 3.846940e-05 9.019859e-08 4.100798e-02 1.639310e-01 1.857117e-01 2.503556e-04 4.135236e-02 1.640479e-01 1.857565e-01 2.445752e-04 2.485830e-04 2.463738e-04 2.446994e-04 7.831189e-01 
50 6400 1.175138e-05 6.483081e-05 9.802170e-08 3.949407e-02 2.915581e-01 3.299912e-01 4.398606e-04 4.241008e-02 2.914526e-01 3.300519e-01 4.393960e-04 4.414370e-04 4.338758e-04 4.338136e-04 1.327260e+00 
50 10000 1.158318e-05 9.754160e-05 8.619390e-08 3.997785e-02 4.541765e-01 5.153024e-01 6.861904e-04 4.092515e-02 4.565122e-01 5.166957e-01 6.841982e-04 6.820950e-04 6.730496e-04 6.776584e-04 2.027135e+00 
50 14400 1.159338e-05 1.451448e-04 8.619390e-08 3.967153e-02 6.540474e-01 7.438464e-01 9.903334e-04 4.209554e-02 6.539236e-01 7.438260e-01 9.799520e-04 1.055743e-03 1.063465e-03 1.061883e-03 2.882755e+00 
50 19600 1.208796e-05 1.911356e-04 1.101755e-07 4.170275e-02 8.885898e-01 1.016017e+00 1.344969e-03 4.138994e-02 8.904330e-01 1.010503e+00 1.332533e-03 1.526503e-03 1.652393e-03 1.649993e-03 3.896378e+00 
50 25600 1.116879e-05 2.548016e-04 1.421664e-07 4.420785e-02 1.160734e+00 1.319148e+00 1.808814e-03 4.062701e-02 1.164378e+00 1.319699e+00 1.751366e-03 2.625858e-03 2.793402e-03 2.902333e-03 5.060977e+00 
50 32400 1.149718e-05 3.349042e-04 1.482200e-07 4.033856e-02 1.470285e+00 1.688407e+00 2.239004e-03 4.115778e-02 1.473916e+00 1.668452e+00 2.208270e-03 2.237492e-03 3.127345e-03 3.274455e-03 6.396036e+00 
50 40000 1.169760e-05 4.513182e-04 1.521781e-07 4.191019e-02 1.811918e+00 2.071714e+00 2.761815e-03 4.157295e-02 1.816466e+00 2.061163e+00 2.716718e-03 2.951524e-03 2.949145e-03 2.946998e-03 7.859584e+00 
50 48400 1.263679e-05 5.859892e-04 9.816140e-08 4.052968e-02 2.197980e+00 2.503442e+00 3.306186e-03 3.987555e-02 2.198717e+00 2.491668e+00 3.293311e-03 3.265912e-03 3.261681e-03 3.265665e-03 9.489251e+00 
50 57600 1.191981e-05 7.986488e-04 1.422130e-07 4.183836e-02 2.621024e+00 2.983374e+00 3.969557e-03 4.021930e-02 2.617092e+00 2.966253e+00 3.918729e-03 3.899821e-03 5.045496e-03 5.723370e-03 1.129322e+01 
50 67600 1.120861e-05 9.772816e-04 2.523884e-07 4.171607e-02 3.072252e+00 3.500770e+00 4.623956e-03 4.179345e-02 3.066813e+00 3.487954e+00 4.638587e-03 4.821693e-03 6.020248e-03 6.574359e-03 1.323902e+01 
50 78400 1.121461e-05 1.103299e-03 1.621898e-07 4.269907e-02 3.573189e+00 4.050681e+00 5.347577e-03 4.180398e-02 3.555943e+00 4.055992e+00 5.384439e-03 5.869607e-03 7.107242e-03 7.454891e-03 1.535264e+01 
50 90000 1.212424e-05 1.281318e-03 1.301989e-07 4.035668e-02 4.087650e+00 4.644441e+00 6.150113e-03 5.303709e-02 4.099372e+00 4.645856e+00 6.248604e-03 7.046562e-03 7.068188e-03 7.655101e-03 1.760622e+01 
100 400 2.006800e-05 5.492428e-06 1.040287e-07 2.107143e-01 3.908015e-02 4.157051e-02 2.908939e-05 2.137943e-01 3.902148e-02 4.154277e-02 2.816822e-05 3.243838e-05 2.807402e-05 2.794182e-05 5.859197e-01 
100 1600 2.017403e-05 1.636641e-05 9.397045e-08 2.156866e-01 1.560448e-01 1.658022e-01 1.110338e-04 2.140564e-01 1.558369e-01 1.660905e-01 1.122856e-04 1.110620e-04 1.093294e-04 1.079334e-04 1.074136e+00 
100 3600 2.196883e-05 3.611180e-05 1.162291e-07 2.124120e-01 3.505654e-01 3.729539e-01 2.491902e-04 2.171856e-01 3.510183e-01 3.734738e-01 2.508088e-04 2.484810e-04 2.449740e-04 2.437120e-04 1.878934e+00 
100 6400 2.040244e-05 6.557377e-05 1.261942e-07 2.194823e-01 6.231195e-01 6.654130e-01 4.426994e-04 2.159679e-01 6.251711e-01 6.635183e-01 4.360052e-04 4.412172e-04 4.346792e-04 4.323498e-04 3.014976e+00 
100 10000 2.032621e-05 9.780000e-05 7.799827e-08 2.141514e-01 9.731844e-01 1.036817e+00 6.917132e-04 2.150272e-01 9.740246e-01 1.033794e+00 6.805446e-04 6.767952e-04 6.746518e-04 6.778628e-04 4.450554e+00 
100 14400 2.005799e-05 1.437046e-04 1.061708e-07 2.136501e-01 1.399974e+00 1.491760e+00 9.873688e-04 2.203679e-01 1.403076e+00 1.496374e+00 9.838336e-04 9.729654e-04 9.691398e-04 9.725370e-04 6.230287e+00 
100 19600 1.989780e-05 1.972006e-04 8.018687e-08 2.142526e-01 1.905894e+00 2.029957e+00 1.343327e-03 2.145663e-01 1.910182e+00 2.031262e+00 1.360162e-03 1.323056e-03 1.555235e-03 1.609234e-03 8.313564e+00 
100 25600 2.025622e-05 2.612562e-04 8.819625e-08 2.168166e-01 2.497271e+00 2.660078e+00 1.763601e-03 2.221655e-01 2.492826e+00 2.655998e+00 1.743947e-03 2.507864e-03 2.462839e-03 2.584637e-03 1.075655e+01 
100 32400 2.022041e-05 3.281782e-04 1.022127e-07 2.237712e-01 3.159590e+00 3.364507e+00 2.289985e-03 2.155788e-01 3.157983e+00 3.358879e+00 2.205695e-03 2.269372e-03 2.384746e-03 2.385415e-03 1.349224e+01 
100 40000 2.046060e-05 4.586312e-04 1.343898e-07 2.139035e-01 3.897670e+00 4.188141e+00 2.733407e-03 2.137246e-01 3.899324e+00 4.157955e+00 2.809309e-03 3.255018e-03 3.367248e-03 3.371937e-03 1.658677e+01 
100 48400 1.940904e-05 5.840706e-04 1.621898e-07 2.133224e-01 4.716401e+00 5.023318e+00 3.398827e-03 2.148222e-01 4.710144e+00 5.026337e+00 3.456816e-03 3.264563e-03 4.241398e-03 4.492503e-03 1.992384e+01 
100 57600 1.980360e-05 7.843538e-04 1.701992e-07 2.156886e-01 5.626552e+00 5.986559e+00 3.955086e-03 2.146721e-01 5.604180e+00 5.980934e+00 3.913694e-03 4.088870e-03 4.379210e-03 4.751029e-03 2.365052e+01 
100 67600 1.991978e-05 9.819910e-04 1.202337e-07 2.181258e-01 6.585871e+00 7.019341e+00 4.616774e-03 2.251977e-01 6.572729e+00 7.001618e+00 4.590433e-03 5.707594e-03 6.193552e-03 6.174062e-03 2.765121e+01 
100 78400 1.951321e-05 1.187532e-03 1.502223e-07 2.132254e-01 7.677714e+00 8.145781e+00 5.359640e-03 2.192048e-01 7.640352e+00 8.153422e+00 5.444602e-03 5.520561e-03 7.545155e-03 8.302590e-03 3.208313e+01 
100 90000 1.957519e-05 1.274153e-03 1.822133e-07 2.209800e-01 9.512117e+00 1.011370e+01 6.142479e-03 2.182064e-01 9.500038e+00 1.009828e+01 6.247590e-03 6.149778e-03 6.222825e-03 7.544776e-03 3.969698e+01 
150 400 2.913959e-05 5.696621e-06 9.220093e-08 7.181677e-01 5.966280e-02 6.222917e-02 2.938178e-05 7.200671e-01 5.956133e-02 6.206501e-02 2.825223e-05 3.271680e-05 2.791560e-05 2.799379e-05 1.681966e+00 
150 1600 2.867081e-05 1.659878e-05 9.820797e-08 7.213311e-01 2.379189e-01 2.480569e-01 1.107594e-04 7.296961e-01 2.377130e-01 2.477143e-01 1.188676e-04 1.127464e-04 1.293152e-04 1.315786e-04 2.423107e+00 
150 3600 2.847440e-05 3.784038e-05 1.122244e-07 7.347779e-01 5.355133e-01 5.577944e-01 2.516738e-04 7.384439e-01 5.342322e-01 5.586261e-01 2.468908e-04 2.479262e-04 2.475038e-04 2.453604e-04 3.660730e+00 
150 6400 3.005499e-05 6.506522e-05 8.423813e-08 7.345535e-01 9.488620e-01 9.947085e-01 4.403600e-04 7.281793e-01 9.528289e-01 9.921490e-01 4.381224e-04 4.400534e-04 4.362276e-04 4.346012e-04 5.353597e+00 
150 10000 2.891319e-05 9.900983e-05 1.082197e-07 7.346551e-01 1.484155e+00 1.549430e+00 7.075890e-04 7.336929e-01 1.486677e+00 1.548687e+00 6.808268e-04 6.769592e-04 6.729652e-04 6.781068e-04 7.540872e+00 
150 14400 2.843859e-05 1.417438e-04 1.061708e-07 7.280691e-01 2.139542e+00 2.230496e+00 1.000052e-03 7.338082e-01 2.140457e+00 2.230626e+00 9.907900e-04 9.767088e-04 1.193811e-03 1.244978e-03 1.020861e+01 
150 19600 2.870681e-05 1.967960e-04 1.241919e-07 7.281893e-01 2.916197e+00 3.041436e+00 1.345239e-03 7.298478e-01 2.915795e+00 3.036386e+00 1.348853e-03 1.324673e-03 1.320991e-03 1.414741e-03 1.337487e+01 
150 25600 2.925578e-05 2.618510e-04 1.322012e-07 7.271688e-01 3.819213e+00 3.975733e+00 1.759426e-03 7.220619e-01 3.808032e+00 3.985969e+00 1.750074e-03 3.107640e-03 2.989149e-03 3.091896e-03 1.705122e+01 
150 32400 2.900739e-05 3.332236e-04 1.361594e-07 7.255258e-01 4.830451e+00 5.046524e+00 2.215692e-03 7.240869e-01 4.815247e+00 5.035609e+00 2.203427e-03 2.182120e-03 2.178474e-03 2.181613e-03 2.118881e+01 
150 40000 2.789781e-05 4.392742e-04 1.141801e-07 7.237228e-01 5.952703e+00 6.226951e+00 2.795826e-03 7.293715e-01 5.934704e+00 6.207966e+00 2.716119e-03 2.697183e-03 2.697063e-03 2.695310e-03 2.578953e+01 
150 48400 2.826219e-05 5.826742e-04 1.883600e-07 7.251170e-01 7.201081e+00 7.539438e+00 3.467193e-03 7.220154e-01 7.206946e+00 7.550845e+00 3.462837e-03 3.266549e-03 3.265660e-03 3.262399e-03 3.096283e+01 
150 57600 2.958421e-05 7.630658e-04 1.322012e-07 7.382353e-01 8.592606e+00 9.709631e+00 3.935386e-03 7.400534e-01 8.574214e+00 9.693688e+00 4.089957e-03 4.458043e-03 4.855116e-03 4.898441e-03 3.807151e+01 
150 67600 2.775760e-05 9.810954e-04 1.902226e-07 7.091450e-01 1.008709e+01 1.052436e+01 4.755999e-03 7.058336e-01 1.003652e+01 1.049537e+01 4.734096e-03 4.583674e-03 5.506899e-03 5.880515e-03 4.258484e+01 
150 78400 2.848664e-05 1.193460e-03 1.842156e-07 7.012664e-01 1.163928e+01 1.215950e+01 5.354656e-03 7.052509e-01 1.164486e+01 1.216939e+01 5.333941e-03 5.909072e-03 7.584830e-03 8.302309e-03 4.905330e+01 
150 90000 2.812799e-05 1.249867e-03 1.624227e-07 7.177441e-01 1.341193e+01 1.411648e+01 6.536169e-03 7.176529e-01 1.340464e+01 1.402893e+01 6.128276e-03 6.133365e-03 7.273386e-03 8.435131e-03 5.643323e+01 
200 400 3.662859e-05 5.724607e-06 8.223578e-08 1.287103e+00 8.023657e-02 8.267554e-02 3.071381e-05 1.289974e+00 8.031918e-02 8.315045e-02 3.121663e-05 3.046938e-05 2.784762e-05 2.809600e-05 2.903678e+00 
200 1600 3.683702e-05 1.655263e-05 7.417984e-08 1.294121e+00 3.206769e-01 3.304571e-01 1.128886e-04 1.290901e+00 3.204786e-01 3.307218e-01 1.137198e-04 1.120614e-04 1.076690e-04 1.091650e-04 3.888001e+00 
200 3600 3.696322e-05 3.596181e-05 8.218922e-08 1.296475e+00 7.221373e-01 7.468446e-01 2.541096e-04 1.295236e+00 7.233939e-01 7.446873e-01 2.466244e-04 2.666064e-04 2.827184e-04 2.825680e-04 5.530210e+00 
200 6400 3.845762e-05 6.438219e-05 1.122244e-07 1.293437e+00 1.282717e+00 1.324524e+00 4.425470e-04 1.293475e+00 1.287300e+00 1.323773e+00 4.377980e-04 4.397508e-04 4.330088e-04 4.378980e-04 7.807554e+00 
200 10000 3.814502e-05 9.776400e-05 1.161825e-07 1.285649e+00 2.001299e+00 2.065634e+00 6.903192e-04 1.289191e+00 2.005461e+00 2.073917e+00 6.920496e-04 6.787318e-04 6.778706e-04 6.773618e-04 1.072475e+01 
200 14400 3.683120e-05 1.465830e-04 1.201872e-07 1.294148e+00 2.898997e+00 2.984391e+00 9.913408e-04 1.292537e+00 2.887950e+00 2.981174e+00 9.880718e-04 9.712228e-04 9.691056e-04 9.729332e-04 1.434432e+01 
200 19600 3.760220e-05 1.973308e-04 8.819625e-08 1.291224e+00 3.930790e+00 4.060701e+00 1.342607e-03 1.292581e+00 3.940902e+00 4.059923e+00 1.346349e-03 1.324893e-03 1.317350e-03 1.322235e-03 1.858305e+01 
200 25600 3.717961e-05 2.638140e-04 1.301989e-07 1.310013e+00 5.148091e+00 5.311071e+00 1.759532e-03 1.300433e+00 5.137211e+00 5.301733e+00 1.754340e-03 3.075800e-03 3.026022e-03 3.079866e-03 2.352159e+01 
200 32400 3.898242e-05 3.408170e-04 1.201872e-07 1.292456e+00 6.502085e+00 6.704090e+00 2.220128e-03 1.292389e+00 6.506811e+00 6.710979e+00 2.201002e-03 2.180325e-03 2.178234e-03 2.181252e-03 2.902019e+01 
200 40000 3.660661e-05 4.539320e-04 7.217750e-08 1.291838e+00 8.026852e+00 8.318772e+00 2.734572e-03 1.296723e+00 8.023093e+00 8.275872e+00 2.719534e-03 3.050470e-03 3.117867e-03 3.114540e-03 3.524842e+01 
200 48400 3.768820e-05 5.920464e-04 1.864042e-07 1.295633e+00 1.055567e+01 1.003566e+01 3.347272e-03 1.298775e+00 1.057448e+01 9.996655e+00 3.293221e-03 4.089855e-03 4.362700e-03 4.646380e-03 4.377729e+01 
200 57600 3.640437e-05 7.917346e-04 1.220033e-07 1.294527e+00 1.155597e+01 1.193381e+01 4.104893e-03 1.294852e+00 1.155507e+01 1.191869e+01 4.010346e-03 4.247536e-03 4.263132e-03 4.266092e-03 4.957468e+01 
200 67600 3.830716e-05 1.003367e-03 2.021901e-07 1.298954e+00 1.362374e+01 1.403806e+01 4.668721e-03 1.299646e+00 1.360325e+01 1.402834e+01 4.707586e-03 5.376062e-03 5.583234e-03 5.611069e-03 5.791903e+01 
200 78400 3.642039e-05 1.119757e-03 1.261942e-07 1.294595e+00 1.578760e+01 1.632152e+01 5.470329e-03 1.290220e+00 1.572887e+01 1.628759e+01 5.546118e-03 7.083202e-03 7.341370e-03 7.309238e-03 6.674435e+01 
200 90000 3.616400e-05 1.262946e-03 1.442153e-07 1.281927e+00 1.808658e+01 1.872641e+01 6.264988e-03 1.280936e+00 1.805493e+01 1.863646e+01 6.180546e-03 6.132117e-03 6.347073e-03 7.114821e-03 7.610063e+01 
250 400 4.686601e-05 5.828822e-06 1.182314e-07 2.349586e+00 1.003825e-01 1.030444e-01 3.272681e-05 2.349825e+00 1.003859e-01 1.031227e-01 2.777139e-05 3.306339e-05 2.791560e-05 2.781958e-05 5.106577e+00 
250 1600 4.514740e-05 1.665698e-05 8.218922e-08 2.365061e+00 4.012364e-01 4.122415e-01 1.230978e-04 2.361005e+00 4.022136e-01 4.128802e-01 1.148216e-04 1.101066e-04 1.098320e-04 1.073664e-04 6.355292e+00 
250 3600 4.752502e-05 3.565517e-05 9.220093e-08 2.346753e+00 9.066195e-01 9.318605e-01 2.521788e-04 2.357607e+00 9.070491e-01 9.282134e-01 2.498612e-04 2.663338e-04 2.690298e-04 2.673714e-04 8.379521e+00 
250 6400 4.514540e-05 6.388342e-05 1.179986e-07 2.351265e+00 1.609770e+00 1.653524e+00 4.393522e-04 2.362686e+00 1.610880e+00 1.651868e+00 4.390838e-04 4.395904e-04 4.367882e-04 4.982080e-04 1.124240e+01 
250 10000 4.603080e-05 9.899978e-05 1.344364e-07 2.345813e+00 2.516406e+00 2.584220e+00 6.871362e-04 2.352216e+00 2.514416e+00 2.576964e+00 6.876210e-04 7.353902e-04 7.380682e-04 7.401072e-04 1.489382e+01 
250 14400 4.616897e-05 1.425910e-04 1.039822e-07 2.351508e+00 3.632846e+00 3.723387e+00 9.882858e-04 2.348307e+00 3.620396e+00 3.727503e+00 1.000620e-03 9.777562e-04 9.758132e-04 9.762058e-04 1.940911e+01 
250 19600 4.535359e-05 1.952474e-04 1.621898e-07 2.347771e+00 4.929453e+00 5.082692e+00 1.347761e-03 2.347468e+00 4.926463e+00 5.071714e+00 1.332971e-03 1.327791e-03 1.321472e-03 1.320707e-03 2.471250e+01 
250 25600 4.653339e-05 2.571680e-04 9.820797e-08 2.338709e+00 6.440763e+00 6.604821e+00 1.757249e-03 2.349170e+00 6.451551e+00 6.618802e+00 1.743817e-03 2.602499e-03 2.640279e-03 2.603877e-03 3.081551e+01 
250 32400 4.434823e-05 3.386118e-04 1.142267e-07 2.352265e+00 8.157499e+00 8.378557e+00 2.268751e-03 2.358901e+00 8.161797e+00 8.366319e+00 2.222436e-03 2.190093e-03 2.264116e-03 2.389145e-03 3.778710e+01 
250 40000 4.574042e-05 4.420984e-04 1.182314e-07 2.358197e+00 1.016152e+01 1.042634e+01 2.733871e-03 2.363815e+00 1.006328e+01 1.032715e+01 2.717451e-03 2.908304e-03 2.949169e-03 2.946519e-03 4.571509e+01 
250 48400 4.514940e-05 5.903538e-04 1.322012e-07 2.358713e+00 1.218413e+01 1.256738e+01 3.429354e-03 2.360278e+00 1.219100e+01 1.256923e+01 3.361250e-03 3.282905e-03 3.264910e-03 3.822786e-03 5.424858e+01 
250 57600 4.449040e-05 7.872538e-04 1.401640e-07 2.356897e+00 1.452123e+01 1.493006e+01 4.065094e-03 2.356324e+00 1.455227e+01 1.492892e+01 3.947544e-03 3.903176e-03 4.197093e-03 4.383209e-03 6.366708e+01 
250 67600 4.469678e-05 8.788726e-04 1.379754e-07 2.349050e+00 1.703750e+01 1.751614e+01 4.627778e-03 2.345376e+00 1.705331e+01 1.747774e+01 4.693286e-03 4.576027e-03 5.489872e-03 6.441391e-03 7.380591e+01 
250 78400 4.464481e-05 1.075601e-03 1.642387e-07 2.359269e+00 2.153404e+01 2.033064e+01 5.409664e-03 2.365947e+00 2.152941e+01 2.025959e+01 5.378037e-03 7.240986e-03 7.809158e-03 7.781745e-03 8.841368e+01 
250 90000 4.468081e-05 1.344226e-03 2.162065e-07 2.359137e+00 2.273682e+01 2.333465e+01 6.319165e-03 2.357742e+00 2.267276e+01 2.326450e+01 6.180806e-03 6.150335e-03 6.589044e-03 7.333348e-03 9.675962e+01 
300 400 5.365000e-05 5.606376e-06 1.102220e-07 3.874612e+00 1.214157e-01 1.238650e-01 2.915738e-05 3.872526e+00 1.209504e-01 1.235321e-01 2.819817e-05 3.469377e-05 2.800180e-05 2.793376e-05 8.237143e+00 
300 1600 5.338779e-05 1.734779e-05 8.600764e-08 3.871062e+00 4.844731e-01 4.946070e-01 1.160672e-04 3.872961e+00 4.832977e-01 4.959953e-01 1.149818e-04 1.130168e-04 1.081016e-04 1.098822e-04 9.703063e+00 
300 3600 5.556298e-05 3.571720e-05 1.099892e-07 3.873791e+00 1.094269e+00 1.118234e+00 2.497910e-04 3.875455e+00 1.093310e+00 1.114197e+00 2.501916e-04 2.475298e-04 2.450358e-04 2.443430e-04 1.217062e+01 
300 6400 5.502221e-05 6.498098e-05 1.261942e-07 3.870606e+00 1.940786e+00 1.985856e+00 4.433302e-04 3.870208e+00 1.936977e+00 1.982264e+00 4.363458e-04 4.401414e-04 4.360032e-04 4.328744e-04 1.558905e+01 
300 10000 5.357601e-05 1.017702e-04 1.081731e-07 3.883784e+00 3.038792e+00 3.102878e+00 6.874326e-04 3.873896e+00 3.032910e+00 3.095000e+00 6.830482e-04 6.813976e-04 6.740746e-04 6.749940e-04 2.003087e+01 
300 14400 5.454938e-05 1.452270e-04 8.824281e-08 3.867918e+00 4.385737e+00 4.471380e+00 9.890250e-04 3.871744e+00 4.384961e+00 4.472953e+00 9.848630e-04 9.738024e-04 9.709060e-04 9.753088e-04 2.545984e+01 
300 19600 5.358998e-05 1.946366e-04 1.159962e-07 3.872120e+00 5.971542e+00 6.115292e+00 1.343292e-03 3.871549e+00 5.953992e+00 6.084044e+00 1.346833e-03 1.323274e-03 1.644867e-03 1.652402e-03 3.187615e+01 
300 25600 5.361401e-05 2.600444e-04 1.142267e-07 3.880318e+00 7.795362e+00 7.961992e+00 1.837160e-03 3.877781e+00 7.767094e+00 7.918021e+00 1.743670e-03 2.736625e-03 2.633180e-03 2.720945e-03 3.921259e+01 
300 32400 5.300720e-05 3.296864e-04 7.399358e-08 3.882718e+00 1.069999e+01 1.006330e+01 2.265507e-03 3.888537e+00 1.070904e+01 1.003720e+01 2.208422e-03 2.183301e-03 2.178474e-03 2.237366e-03 4.929228e+01 
300 40000 5.295924e-05 4.597266e-04 1.401640e-07 3.856939e+00 1.219696e+01 1.242989e+01 2.790450e-03 3.872836e+00 1.215826e+01 1.243175e+01 2.746636e-03 2.692816e-03 3.162726e-03 3.292346e-03 5.696189e+01 
300 48400 5.278680e-05 5.897870e-04 1.221895e-07 3.871704e+00 1.473068e+01 1.504825e+01 3.304923e-03 3.871817e+00 1.476324e+01 1.502842e+01 3.287486e-03 3.261131e-03 3.262735e-03 3.262141e-03 6.733118e+01 
300 57600 5.286098e-05 7.885358e-04 9.620562e-08 3.878278e+00 1.752481e+01 1.792172e+01 3.937046e-03 3.866091e+00 1.751873e+01 1.788592e+01 3.952135e-03 3.902090e-03 4.730884e-03 4.862372e-03 7.861783e+01 
300 67600 5.302723e-05 1.008254e-03 1.881737e-07 3.864965e+00 2.061367e+01 2.111067e+01 4.675236e-03 3.860929e+00 2.055596e+01 2.095759e+01 4.899300e-03 6.122571e-03 6.696075e-03 6.752798e-03 9.099404e+01 
300 78400 5.291300e-05 1.196571e-03 1.922250e-07 3.864993e+00 2.388771e+01 2.439497e+01 5.419949e-03 3.870127e+00 2.405980e+01 2.438553e+01 5.374583e-03 5.469812e-03 6.655539e-03 6.795702e-03 1.044941e+02 
300 90000 5.503818e-05 1.323202e-03 1.281966e-07 3.859786e+00 2.743730e+01 2.799254e+01 6.413247e-03 3.875637e+00 2.734208e+01 2.788525e+01 6.230247e-03 6.642307e-03 6.979519e-03 7.210510e-03 1.184275e+02 
350 400 6.120740e-05 5.632406e-06 1.281966e-07 5.924983e+00 1.420291e-01 1.444689e-01 3.022701e-05 5.941827e+00 1.418231e-01 1.441500e-01 2.877298e-05 3.310940e-05 2.805982e-05 2.918360e-05 1.243953e+01 
350 1600 6.163600e-05 1.809499e-05 1.101755e-07 5.927269e+00 5.660821e-01 5.770257e-01 1.142466e-04 5.943678e+00 5.670993e-01 5.777975e-01 1.131230e-04 1.101406e-04 1.095856e-04 1.080674e-04 1.415963e+01 
350 3600 6.224699e-05 3.558318e-05 9.997748e-08 5.940588e+00 1.277556e+00 1.299230e+00 2.539134e-04 5.954100e+00 1.276603e+00 1.299223e+00 2.476258e-04 2.470790e-04 2.446412e-04 2.450700e-04 1.704867e+01 
350 6400 6.408179e-05 6.484296e-05 1.082197e-07 5.939617e+00 2.267534e+00 2.315394e+00 4.413470e-04 5.956809e+00 2.269381e+00 2.311485e+00 4.368964e-04 4.392402e-04 4.335996e-04 4.337480e-04 2.106259e+01 
350 10000 6.165798e-05 9.831283e-05 8.800998e-08 5.942961e+00 3.554177e+00 3.626936e+00 6.860988e-04 5.938492e+00 3.545966e+00 3.616462e+00 6.806926e-04 6.794608e-04 6.736380e-04 6.771154e-04 2.622860e+01 
350 14400 6.177220e-05 1.442474e-04 1.041684e-07 5.938742e+00 5.130079e+00 5.206256e+00 9.884424e-04 5.945203e+00 5.100258e+00 5.193889e+00 9.804986e-04 9.744494e-04 9.719236e-04 9.784934e-04 3.251957e+01 
350 19600 6.269179e-05 1.904664e-04 1.102220e-07 5.939186e+00 7.013428e+00 7.092492e+00 1.371292e-03 5.954577e+00 6.963568e+00 7.096296e+00 1.334020e-03 1.324522e-03 1.319327e-03 1.321798e-03 4.006651e+01 
350 25600 6.293799e-05 2.571762e-04 8.819625e-08 5.975352e+00 9.891987e+00 1.008823e+01 1.836084e-03 5.993068e+00 9.894831e+00 1.007277e+01 1.747983e-03 2.580130e-03 2.765264e-03 2.614467e-03 5.192814e+01 
350 32400 6.122543e-05 3.373858e-04 9.620562e-08 5.932036e+00 1.151487e+01 1.171725e+01 2.239136e-03 5.952350e+00 1.150252e+01 1.172165e+01 2.206708e-03 2.191129e-03 2.176475e-03 2.658359e-03 5.835258e+01 
350 40000 6.279382e-05 4.223608e-04 8.200295e-08 5.930446e+00 1.425813e+01 1.451264e+01 2.788565e-03 5.944647e+00 1.424166e+01 1.449983e+01 2.715902e-03 3.079095e-03 3.395978e-03 3.524646e-03 6.940338e+01 
350 48400 6.244117e-05 5.479344e-04 1.704320e-07 5.938234e+00 1.719802e+01 1.751733e+01 3.341932e-03 5.934811e+00 1.721313e+01 1.749057e+01 3.333589e-03 3.272922e-03 3.264959e-03 4.028583e-03 8.130998e+01 
350 57600 6.202059e-05 7.245762e-04 1.921784e-07 5.943303e+00 2.054917e+01 2.092669e+01 3.942154e-03 5.951624e+00 2.046064e+01 2.085196e+01 3.912213e-03 4.090678e-03 4.370333e-03 4.387177e-03 9.470493e+01 
350 67600 6.249119e-05 8.840986e-04 1.541805e-07 5.924871e+00 2.431073e+01 2.450262e+01 4.668406e-03 5.936989e+00 2.406663e+01 2.448625e+01 4.599904e-03 6.248755e-03 6.437294e-03 6.444725e-03 1.092575e+02 
350 78400 6.127940e-05 1.078246e-03 1.803972e-07 5.941861e+00 2.800011e+01 2.844025e+01 5.408712e-03 5.954391e+00 2.784543e+01 2.833828e+01 5.491512e-03 5.409435e-03 5.976807e-03 7.498119e-03 1.245513e+02 
350 90000 6.131162e-05 1.282173e-03 1.601875e-07 5.928511e+00 3.199601e+01 3.265667e+01 6.143738e-03 5.934572e+00 3.207061e+01 3.254338e+01 6.127692e-03 6.131392e-03 7.077977e-03 7.439115e-03 1.411641e+02 
400 400 7.117023e-05 5.650381e-06 1.022127e-07 8.668142e+00 1.626305e-01 1.646818e-01 3.374643e-05 8.686533e+00 1.629155e-01 1.650702e-01 2.877703e-05 2.989462e-05 2.769539e-05 2.786564e-05 1.801023e+01 
400 1600 7.272460e-05 1.651081e-05 7.818453e-08 8.688520e+00 6.514048e-01 6.613255e-01 1.138960e-04 8.702056e+00 6.487041e-01 6.594943e-01 1.124580e-04 1.128064e-04 1.236908e-04 1.245622e-04 2.001221e+01 
400 3600 7.153479e-05 3.545699e-05 1.062173e-07 8.675470e+00 1.465617e+00 1.485272e+00 2.499612e-04 8.699427e+00 1.462719e+00 1.485004e+00 2.481006e-04 2.468948e-04 2.464680e-04 2.436120e-04 2.327489e+01 
400 6400 7.010279e-05 6.621298e-05 1.221895e-07 8.694572e+00 2.605432e+00 2.645674e+00 4.410084e-04 8.703203e+00 2.596974e+00 2.638394e+00 4.366140e-04 4.400990e-04 4.335734e-04 4.343884e-04 2.788663e+01 
400 10000 7.030298e-05 9.902581e-05 1.342036e-07 8.685884e+00 4.072843e+00 4.131618e+00 6.945350e-04 8.700813e+00 4.069392e+00 4.131124e+00 6.813998e-04 7.711978e-04 8.012868e-04 8.039388e-04 3.379564e+01 
400 14400 7.160879e-05 1.448784e-04 1.040287e-07 8.690374e+00 5.866518e+00 5.952077e+00 9.995688e-04 8.704459e+00 5.844077e+00 5.956635e+00 9.785834e-04 1.204331e-03 1.308907e-03 1.350551e-03 4.102025e+01 
400 19600 7.136860e-05 2.007378e-04 1.261942e-07 8.699160e+00 7.977928e+00 8.120757e+00 1.343517e-03 8.703342e+00 7.997048e+00 8.099113e+00 1.333091e-03 1.570439e-03 1.655691e-03 1.734376e-03 4.960530e+01 
400 25600 7.369420e-05 2.618972e-04 1.522247e-07 8.674760e+00 1.043274e+01 1.061132e+01 1.760107e-03 8.688610e+00 1.041591e+01 1.056921e+01 1.753200e-03 2.696049e-03 3.024413e-03 2.735794e-03 5.940489e+01 
400 32400 7.274658e-05 3.367690e-04 9.820797e-08 8.649747e+00 1.327491e+01 1.343169e+01 2.237740e-03 8.679217e+00 1.320001e+01 1.340179e+01 2.203187e-03 2.180807e-03 2.179297e-03 2.177570e-03 7.064880e+01 
400 40000 7.134043e-05 4.469556e-04 1.022127e-07 8.681554e+00 1.627846e+01 1.668197e+01 2.727852e-03 8.691169e+00 1.625245e+01 1.652284e+01 2.717683e-03 2.692570e-03 2.696638e-03 3.559016e-03 8.312340e+01 
400 48400 7.098601e-05 5.988964e-04 1.423992e-07 8.694825e+00 2.148710e+01 2.008543e+01 3.308890e-03 8.729801e+00 2.149528e+01 2.006988e+01 3.328015e-03 3.282068e-03 3.263068e-03 3.777388e-03 1.005800e+02 
400 57600 6.938362e-05 7.756044e-04 1.942273e-07 8.676794e+00 2.351764e+01 2.387841e+01 3.934565e-03 8.699481e+00 2.343786e+01 2.385706e+01 3.951554e-03 4.095625e-03 4.371086e-03 4.381510e-03 1.120889e+02 
400 67600 6.947378e-05 8.805090e-04 1.362059e-07 8.682215e+00 2.758567e+01 2.801623e+01 4.621857e-03 8.692252e+00 2.751796e+01 2.798819e+01 4.647692e-03 4.609250e-03 5.561376e-03 6.380391e-03 1.285093e+02 
400 78400 7.091779e-05 1.204825e-03 1.681969e-07 8.673718e+00 3.198104e+01 3.252716e+01 5.524182e-03 8.674909e+00 3.192276e+01 3.241888e+01 5.485935e-03 5.732746e-03 7.165882e-03 8.110433e-03 1.462318e+02 
400 90000 7.171319e-05 1.311689e-03 1.802109e-07 8.670557e+00 3.666399e+01 3.724443e+01 6.204258e-03 8.677088e+00 3.666880e+01 3.722537e+01 6.122479e-03 6.690169e-03 7.132984e-03 7.805146e-03 1.651856e+02 
450 400 8.089878e-05 5.399995e-06 1.042150e-07 1.210931e+01 1.833717e-01 1.857030e-01 3.255880e-05 1.212091e+01 1.829590e-01 1.851757e-01 2.885303e-05 3.310139e-05 2.779961e-05 2.971622e-05 2.496769e+01 
450 1600 7.861941e-05 1.673903e-05 1.403969e-07 1.211622e+01 7.333728e-01 7.436006e-01 1.161094e-04 1.212033e+01 7.315872e-01 7.410183e-01 1.144188e-04 1.124500e-04 1.080134e-04 1.090828e-04 2.718681e+01 
450 3600 8.024778e-05 3.578160e-05 1.062173e-07 1.211303e+01 1.645251e+00 1.668975e+00 2.498270e-04 1.212295e+01 1.648662e+00 1.671059e+00 2.469086e-04 2.467486e-04 2.459194e-04 2.445612e-04 3.087132e+01 
450 6400 7.833699e-05 6.660144e-05 9.820797e-08 1.209633e+01 2.931746e+00 2.979842e+00 4.435284e-04 1.210498e+01 2.924123e+00 2.968850e+00 4.362434e-04 4.367722e-04 4.338278e-04 4.360592e-04 3.600824e+01 
450 10000 8.010357e-05 9.735343e-05 1.342036e-07 1.209183e+01 4.579523e+00 4.650315e+00 6.903610e-04 1.212129e+01 4.583939e+00 4.647196e+00 6.823370e-04 6.754248e-04 6.742230e-04 6.776700e-04 4.267771e+01 
450 14400 7.852921e-05 1.438890e-04 1.261942e-07 1.212531e+01 6.597164e+00 6.712822e+00 9.873446e-04 1.214511e+01 6.596587e+00 6.680529e+00 9.792424e-04 9.781590e-04 9.725104e-04 9.718332e-04 5.086268e+01 
450 19600 7.843296e-05 1.981378e-04 9.601936e-08 1.221437e+01 9.762024e+00 9.932063e+00 1.357237e-03 1.221528e+01 9.797206e+00 9.920403e+00 1.333920e-03 1.320965e-03 1.649942e-03 1.648740e-03 6.384898e+01 
450 25600 8.039018e-05 2.573944e-04 1.281966e-07 1.213593e+01 1.172334e+01 1.191995e+01 1.755338e-03 1.214884e+01 1.174885e+01 1.191969e+01 1.750456e-03 2.787573e-03 2.628367e-03 2.676517e-03 7.160858e+01 
450 32400 7.796236e-05 3.459946e-04 7.422641e-08 1.212180e+01 1.489223e+01 1.509809e+01 2.219278e-03 1.213044e+01 1.488341e+01 1.510119e+01 2.201155e-03 2.178648e-03 2.178185e-03 2.179086e-03 8.423859e+01 
450 40000 7.786243e-05 4.564138e-04 1.842156e-07 1.212572e+01 1.834537e+01 1.867674e+01 2.737370e-03 1.212622e+01 1.831871e+01 1.860379e+01 2.712435e-03 2.696295e-03 3.083629e-03 3.203815e-03 9.821155e+01 
450 48400 7.774420e-05 5.999682e-04 2.061948e-07 1.211514e+01 2.221013e+01 2.260151e+01 3.310356e-03 1.217072e+01 2.219714e+01 2.248339e+01 3.303206e-03 3.761498e-03 3.981830e-03 3.985507e-03 1.137971e+02 
450 57600 7.764800e-05 7.908496e-04 1.882203e-07 1.217074e+01 2.643193e+01 2.680466e+01 3.948089e-03 1.216232e+01 2.642759e+01 2.681610e+01 3.926702e-03 3.955081e-03 4.262392e-03 4.272922e-03 1.308346e+02 
450 67600 7.908661e-05 9.162012e-04 1.541805e-07 1.216534e+01 3.131395e+01 3.147785e+01 4.607309e-03 1.218225e+01 3.103992e+01 3.148517e+01 4.681444e-03 4.686266e-03 6.310798e-03 6.544117e-03 1.496924e+02 
450 78400 7.788842e-05 1.181050e-03 1.501758e-07 1.217122e+01 3.598098e+01 3.692918e+01 5.371034e-03 1.218402e+01 3.598851e+01 3.649553e+01 5.330375e-03 6.807339e-03 6.969160e-03 6.953374e-03 1.697822e+02 
450 90000 7.962100e-05 1.367607e-03 1.862179e-07 1.219740e+01 4.133714e+01 4.192986e+01 6.137853e-03 1.228037e+01 4.132424e+01 4.192067e+01 6.243727e-03 6.172559e-03 7.096963e-03 7.249485e-03 1.910241e+02 
500 400 8.700620e-05 5.616387e-06 1.041684e-07 1.648766e+01 2.042748e-01 2.071912e-01 3.302321e-05 1.645895e+01 2.037801e-01 2.062315e-01 2.828841e-05 3.288318e-05 2.781362e-05 2.973238e-05 3.376837e+01 
500 1600 8.750898e-05 1.754020e-05 6.998889e-08 1.644498e+01 8.164608e-01 8.282849e-01 1.162316e-04 1.657019e+01 8.160601e-01 8.254534e-01 1.113206e-04 1.118792e-04 1.241336e-04 1.248248e-04 3.630216e+01 
500 3600 8.707419e-05 4.143799e-05 1.082197e-07 1.654458e+01 1.835155e+00 1.861844e+00 2.496072e-04 1.655421e+01 1.837513e+00 1.860175e+00 2.475482e-04 2.470734e-04 2.451226e-04 2.455732e-04 4.049489e+01 
500 6400 8.679181e-05 6.659557e-05 8.600764e-08 1.650270e+01 3.277428e+00 3.321538e+00 4.462972e-04 1.647681e+01 3.260964e+00 3.303298e+00 4.384296e-04 4.403264e-04 4.369414e-04 5.254798e-04 4.614524e+01 
500 10000 9.763199e-05 1.009308e-04 9.820797e-08 1.646808e+01 5.116046e+00 5.183500e+00 6.888108e-04 1.646301e+01 5.107122e+00 5.164682e+00 6.822462e-04 6.844354e-04 6.786928e-04 6.787310e-04 5.350610e+01 
500 14400 8.787140e-05 1.442978e-04 9.615906e-08 1.645749e+01 7.331028e+00 7.451134e+00 9.889830e-04 1.652362e+01 7.352841e+00 7.446092e+00 9.803038e-04 9.768106e-04 9.774076e-04 9.789478e-04 6.256737e+01 
500 19600 8.830004e-05 2.127020e-04 7.799827e-08 1.654208e+01 1.002933e+01 1.017599e+01 1.344276e-03 1.651263e+01 1.000522e+01 1.013204e+01 1.350021e-03 1.431893e-03 1.457994e-03 1.450393e-03 7.340467e+01 
500 25600 8.624499e-05 2.643392e-04 1.262408e-07 1.650041e+01 1.311911e+01 1.326210e+01 1.758136e-03 1.649383e+01 1.305219e+01 1.325844e+01 1.754662e-03 2.731233e-03 2.574997e-03 2.788234e-03 8.569808e+01 
500 32400 8.734060e-05 3.388288e-04 1.242384e-07 1.643893e+01 1.652150e+01 1.680121e+01 2.221418e-03 1.647528e+01 1.670097e+01 1.678704e+01 2.207207e-03 2.198570e-03 2.680881e-03 2.735072e-03 9.973745e+01 
500 40000 8.756500e-05 4.416584e-04 7.604249e-08 1.653412e+01 2.049408e+01 2.077040e+01 2.739738e-03 1.650745e+01 2.042648e+01 2.071108e+01 2.723090e-03 2.716905e-03 3.129568e-03 3.207359e-03 1.154587e+02 
500 48400 8.834400e-05 6.058220e-04 1.901761e-07 1.648603e+01 2.490165e+01 2.514479e+01 3.315769e-03 1.647867e+01 2.477128e+01 2.506838e+01 3.337231e-03 4.011998e-03 4.089808e-03 4.644430e-03 1.328709e+02 
500 57600 8.762102e-05 9.419446e-04 1.763925e-07 1.661440e+01 3.210561e+01 2.992692e+01 3.948670e-03 1.659667e+01 3.208970e+01 2.984406e+01 3.923887e-03 4.916101e-03 5.716419e-03 5.724110e-03 1.572027e+02 
500 67600 8.695801e-05 1.157035e-03 1.863576e-07 1.650896e+01 3.461970e+01 3.515118e+01 4.638303e-03 1.648088e+01 3.461978e+01 3.501368e+01 4.600882e-03 4.619618e-03 5.616643e-03 6.152020e-03 1.724211e+02 
500 78400 8.636517e-05 1.248303e-03 1.522247e-07 1.661283e+01 4.056168e+01 4.098270e+01 5.364675e-03 1.656154e+01 4.005950e+01 4.059085e+01 5.340996e-03 5.395905e-03 5.902346e-03 5.992121e-03 1.953985e+02 
500 90000 8.621076e-05 1.382091e-03 1.823995e-07 1.647304e+01 4.599508e+01 4.662556e+01 6.162306e-03 1.654402e+01 4.601533e+01 4.662149e+01 6.278494e-03 6.197902e-03 6.734600e-03 6.898830e-03 2.183083e+02 
550 400 9.750980e-05 5.632406e-06 8.000061e-08 2.140856e+01 2.245625e-01 2.274302e-01 3.355821e-05 2.139862e+01 2.244633e-01 2.271035e-01 3.189384e-05 2.974840e-05 2.775737e-05 2.775737e-05 4.371103e+01 
550 1600 9.613382e-05 2.173861e-05 8.819625e-08 2.139506e+01 8.970804e-01 9.085700e-01 1.180466e-04 2.142484e+01 8.983281e-01 9.095862e-01 1.142328e-04 1.136120e-04 1.079116e-04 1.095400e-04 4.643418e+01 
550 3600 9.497218e-05 3.741002e-05 1.121778e-07 2.137577e+01 2.021042e+00 2.045844e+00 2.527282e-04 2.132467e+01 2.026976e+00 2.046056e+00 2.475782e-04 2.480690e-04 2.452328e-04 2.463684e-04 5.084178e+01 
550 6400 1.057422e-04 7.242821e-05 1.342036e-07 2.129944e+01 3.593932e+00 3.642956e+00 4.417788e-04 2.131478e+01 3.592815e+00 3.641220e+00 4.382394e-04 4.410476e-04 4.339330e-04 4.346562e-04 5.708754e+01 
550 10000 9.783441e-05 9.913822e-05 1.262408e-07 2.130341e+01 5.627604e+00 5.688776e+00 6.881332e-04 2.131043e+01 5.608020e+00 5.686897e+00 6.806378e-04 6.817196e-04 6.768360e-04 6.815272e-04 6.522879e+01 
550 14400 9.750379e-05 1.715084e-04 1.281966e-07 2.139039e+01 8.091646e+00 8.220510e+00 9.892114e-04 2.149680e+01 8.080318e+00 8.195586e+00 9.804766e-04 9.759398e-04 9.772116e-04 9.753970e-04 7.548047e+01 
550 19600 9.441720e-05 1.965720e-04 1.141801e-07 2.145399e+01 1.105502e+01 1.119809e+01 1.342624e-03 2.146868e+01 1.101207e+01 1.114649e+01 1.349358e-03 1.578345e-03 1.660339e-03 1.653319e-03 8.734224e+01 
550 25600 9.625400e-05 2.645878e-04 9.420328e-08 2.141394e+01 1.440337e+01 1.460979e+01 1.813876e-03 2.136233e+01 1.440794e+01 1.461859e+01 1.762477e-03 2.767264e-03 2.647863e-03 2.752626e-03 1.008281e+02 
550 32400 9.634201e-05 3.621018e-04 1.060311e-07 2.135473e+01 1.825190e+01 1.846372e+01 2.243458e-03 2.145744e+01 1.819681e+01 1.846997e+01 2.207065e-03 2.192341e-03 2.187206e-03 2.180768e-03 1.162061e+02 
550 40000 9.573121e-05 4.519440e-04 1.541805e-07 2.133178e+01 2.251255e+01 2.280969e+01 2.739558e-03 2.137039e+01 2.245900e+01 2.276404e+01 2.721180e-03 3.349254e-03 3.629675e-03 3.626114e-03 1.332641e+02 
550 48400 9.626597e-05 6.461808e-04 1.522247e-07 2.152916e+01 2.733526e+01 2.763402e+01 3.401919e-03 2.143575e+01 2.722292e+01 2.753849e+01 3.292514e-03 4.128106e-03 4.291679e-03 4.294249e-03 1.527158e+02 
550 57600 9.606159e-05 8.518266e-04 1.582317e-07 2.137589e+01 3.244074e+01 3.286427e+01 3.942072e-03 2.151147e+01 3.249337e+01 3.277482e+01 3.954629e-03 3.936248e-03 3.910007e-03 4.326253e-03 1.734816e+02 
550 67600 9.628399e-05 1.069410e-03 1.462176e-07 2.135981e+01 3.810915e+01 3.859272e+01 4.775841e-03 2.139930e+01 3.813365e+01 3.851267e+01 4.596942e-03 5.444017e-03 6.045981e-03 6.191731e-03 1.961356e+02 
550 78400 9.916020e-05 1.161679e-03 2.304092e-07 2.147720e+01 4.418718e+01 4.482625e+01 5.375024e-03 2.140434e+01 4.417355e+01 4.482362e+01 5.389498e-03 5.333026e-03 5.323578e-03 6.870319e-03 2.209217e+02 
