50 400 9.912765e-06 4.823180e-06 6.216578e-08 1.127355e+00 5.549702e-04 5.933356e-04 2.670200e-05 7.617176e-02 5.273430e-04 5.887628e-04 2.470301e-05 4.648343e-05 3.321362e-05 3.314158e-05 1.205994e+00 
50 1600 2.358737e-05 1.725978e-05 9.601936e-08 8.729233e-01 2.535221e-03 4.744332e-03 4.538377e-05 5.110374e-01 2.623309e-03 3.460483e-03 9.272881e-05 1.586374e-04 1.150345e-03 3.865799e-05 1.398865e+00 
50 3600 1.482200e-05 3.632843e-05 9.620562e-08 1.457944e+00 2.151791e-02 2.712484e-02 1.164447e-02 4.302331e+00 2.387132e-02 2.639451e-02 2.058520e-04 2.076386e-02 1.922190e-02 2.023426e-02 5.931327e+00 
50 6400 1.562522e-05 6.619100e-05 1.039822e-07 6.031477e+00 3.490150e-02 3.536034e-02 1.169393e-02 5.406050e+00 3.196117e-02 3.232563e-02 3.623742e-04 2.295202e-02 2.939854e-03 6.561223e-05 1.161020e+01 
50 10000 1.475601e-05 1.009290e-04 1.041684e-07 1.515318e+00 1.173093e-02 1.325823e-02 2.084558e-04 5.999320e-02 1.181224e-02 1.325432e-02 5.599698e-04 1.023192e-04 9.818282e-05 9.395662e-05 1.626561e+00 
50 14400 1.472603e-05 1.470318e-04 1.322012e-07 2.250789e+00 1.672428e-02 1.892701e-02 2.681432e-04 5.765761e-02 1.670607e-02 1.900593e-02 8.075562e-04 1.037874e-04 1.028138e-04 1.019386e-04 2.381368e+00 
50 19600 1.049782e-05 1.973252e-04 2.284069e-07 2.167917e+00 2.321243e-02 2.632404e-02 3.627186e-04 5.820204e-02 2.302554e-02 2.601205e-02 1.117700e-03 1.196190e-04 1.151322e-04 1.076430e-04 2.326741e+00 
50 25600 1.533679e-05 2.610746e-04 1.322012e-07 2.216269e+00 3.020514e-02 3.435681e-02 4.814864e-04 5.939634e-02 2.995666e-02 3.435778e-02 1.498169e-03 1.632582e-04 1.436288e-04 1.354846e-04 2.407257e+00 
50 32400 1.462400e-05 3.285174e-04 1.441687e-07 2.071162e+00 3.786661e-02 4.364640e-02 5.901788e-04 5.843593e-02 3.827821e-02 4.343754e-02 1.815987e-03 1.554206e-04 1.371932e-04 1.324200e-04 2.296017e+00 
50 40000 1.441156e-05 4.295786e-04 3.184192e-07 3.035144e+00 3.953957e-02 4.484185e-02 6.659804e-04 5.721718e-02 3.909857e-02 4.424488e-02 2.240742e-03 1.423168e-04 1.200434e-04 1.146636e-04 3.263832e+00 
50 48400 1.449957e-05 5.772856e-04 3.643800e-07 1.534977e+00 5.446045e-02 8.262312e-02 1.171608e-02 9.854103e-02 5.766775e-02 7.492049e-02 2.712458e-03 1.959357e-02 1.098330e-02 1.686464e-04 1.948979e+00 
50 57600 1.463178e-05 7.565458e-04 2.423767e-07 6.049347e-02 7.401968e-02 8.918299e-02 1.070710e-03 5.340917e-02 7.119426e-02 7.879948e-02 3.292181e-03 1.832102e-04 1.567926e-04 1.568064e-04 4.327572e-01 
50 67600 1.350217e-05 9.130138e-04 3.243797e-07 6.977147e-02 8.258531e-02 1.180287e-01 1.209375e-03 2.678361e-01 8.753066e-02 9.373863e-02 3.773205e-03 2.061344e-04 1.758672e-04 1.832582e-04 7.259999e-01 
50 78400 1.633037e-05 1.093145e-03 2.163928e-07 6.021144e-02 9.329668e-02 1.193995e-01 1.235694e-02 1.047925e-01 9.350648e-02 1.067839e-01 4.478033e-03 2.144428e-04 1.999230e-04 1.989136e-04 5.965653e-01 
50 90000 1.033540e-05 1.291270e-03 2.163928e-07 5.906611e-02 1.093064e-01 1.267969e-01 1.511453e-03 6.068999e-02 1.089458e-01 1.261975e-01 6.114541e-03 3.157564e-04 2.326160e-04 2.332250e-04 6.007311e-01 
100 400 1.865397e-05 5.277805e-06 1.100358e-07 2.403674e-01 1.051637e-03 1.111801e-03 3.593359e-05 2.430856e-01 1.063036e-03 1.129265e-03 2.893140e-05 4.816223e-05 5.088821e-05 4.712460e-05 4.880577e-01 
100 1600 1.864396e-05 1.570960e-05 1.281966e-07 1.930739e-01 4.092260e-03 4.221776e-03 4.576258e-05 1.868988e-01 4.071443e-03 4.207693e-03 9.244443e-05 3.873580e-05 3.855783e-05 3.897417e-05 3.968644e-01 
100 3600 1.860578e-05 3.563520e-05 1.362059e-07 1.994208e-01 8.834769e-03 9.397863e-03 8.606482e-05 2.020404e-01 9.035327e-03 9.513659e-03 2.025592e-04 6.621503e-05 6.666379e-05 6.816601e-05 4.388008e-01 
100 6400 1.918282e-05 6.551603e-05 1.099892e-07 1.996910e-01 1.607648e-02 1.695733e-02 1.320516e-04 3.079843e-01 1.620111e-02 1.705403e-02 3.601006e-04 8.860258e-05 8.459459e-05 8.057244e-05 5.748110e-01 
100 10000 2.290444e-05 9.730542e-05 1.122244e-07 2.232625e-01 2.360823e-02 2.430337e-02 1.911780e-04 2.311761e+00 2.507146e-02 2.651873e-02 5.624856e-04 1.070822e-04 1.061268e-04 1.019764e-04 2.635734e+00 
100 14400 2.323859e-05 1.464170e-04 1.039822e-07 2.281018e+00 3.609468e-02 3.850478e-02 2.681992e-04 2.359272e+00 3.626564e-02 3.888354e-02 8.061098e-04 1.063752e-04 1.040818e-04 1.030502e-04 4.791618e+00 
100 19600 2.223123e-05 1.995506e-04 1.562294e-07 2.268160e+00 4.946392e-02 5.315860e-02 3.447098e-04 6.186362e+00 4.104243e-02 4.355410e-02 1.100883e-03 1.112686e-04 9.463159e-05 9.283880e-05 8.643731e+00 
100 25600 2.227318e-05 2.611346e-04 2.101995e-07 2.314921e+00 7.539945e-02 9.916564e-02 7.795308e-03 2.426658e+00 6.692764e-02 7.093441e-02 1.441907e-03 3.714559e-03 1.249250e-04 1.189900e-04 5.067514e+00 
100 32400 2.295841e-05 3.421098e-04 2.101995e-07 2.069592e+00 8.776566e-02 1.413715e-01 3.886080e-03 2.294136e+00 8.349160e-02 8.794061e-02 1.835885e-03 1.530088e-04 1.144092e-04 1.148820e-04 4.770797e+00 
100 40000 2.302662e-05 4.366374e-04 2.083834e-07 3.996280e+00 8.484597e-02 9.159926e-02 6.659182e-04 6.179002e-01 8.450496e-02 1.592374e-01 2.510087e-03 3.782380e-04 1.190902e-04 1.192002e-04 5.038639e+00 
100 48400 2.301042e-05 5.888690e-04 2.162065e-07 2.178723e-01 1.243195e-01 1.432434e-01 4.874012e-03 2.042487e-01 1.368723e-01 1.356920e-01 2.709075e-03 1.674346e-04 1.515488e-04 1.487246e-04 9.709369e-01 
100 57600 2.276599e-05 7.628032e-04 2.724119e-07 2.008472e-01 1.448470e-01 1.546649e-01 9.686652e-04 2.205919e-01 1.556218e-01 1.724393e-01 3.337748e-03 1.409598e-02 1.795186e-04 1.741586e-04 1.068581e+00 
100 67600 2.323077e-05 8.781118e-04 1.842156e-07 4.706011e-01 1.800283e-01 1.931086e-01 1.145193e-03 1.996914e-01 1.708045e-01 2.053999e-01 3.810671e-03 2.051450e-04 1.890370e-04 1.829716e-04 1.426103e+00 
100 78400 2.290821e-05 1.137037e-03 2.844259e-07 1.973616e-01 2.020286e-01 2.715462e-01 1.506931e-03 1.860159e-01 2.137716e-01 2.119712e-01 4.472676e-03 2.154222e-04 1.978560e-04 1.941504e-04 1.290469e+00 
100 90000 2.278197e-05 1.242239e-03 2.824236e-07 1.924740e-01 2.739977e-01 3.779449e-01 1.207147e-02 2.077088e+00 2.683205e-01 2.223558e-01 5.116841e-03 2.916586e-04 2.013132e-04 2.048706e-04 3.431365e+00 
150 400 3.073998e-05 5.740626e-06 1.040287e-07 2.358165e+00 1.410743e-03 1.377511e-03 2.787784e-05 4.897684e+00 1.673462e-03 1.633969e-03 2.590683e-05 4.306240e-05 3.922060e-05 4.060478e-05 7.262176e+00 
150 1600 3.235643e-05 1.744200e-05 9.620562e-08 9.287922e+00 6.198397e-03 6.369192e-03 4.742281e-05 2.678225e+00 6.207104e-03 6.360695e-03 9.421878e-05 4.247339e-05 3.965320e-05 4.073298e-05 1.199161e+01 
150 3600 3.140499e-05 3.658882e-05 1.382083e-07 2.800396e+00 1.300798e-02 1.316929e-02 8.909721e-05 2.749325e+00 1.369549e-02 1.420307e-02 2.047344e-04 6.833221e-05 6.546583e-05 6.340081e-05 5.604376e+00 
150 6400 3.141281e-05 6.662779e-05 1.041684e-07 4.590571e+00 2.150045e-02 2.391484e-02 1.305318e-04 5.019784e-01 2.027243e-02 2.108768e-02 3.611114e-04 8.713282e-05 8.128998e-05 8.686222e-05 5.180187e+00 
150 10000 3.137300e-05 1.010716e-04 9.820797e-08 2.060829e+00 3.864502e-02 4.350233e-02 1.176318e-02 5.933220e-01 3.886913e-02 3.997233e-02 5.604346e-04 9.512017e-05 9.262660e-05 8.982443e-05 2.827895e+00 
150 14400 3.258460e-05 1.461086e-04 1.382083e-07 5.546095e-01 5.666626e-02 6.376966e-02 2.598788e-04 6.351677e-01 8.160359e-02 7.384368e-02 8.068272e-04 1.108900e-04 1.077010e-04 1.042920e-04 1.467250e+00 
150 19600 3.116457e-05 1.966160e-04 1.099892e-07 5.528985e-01 9.460287e-02 8.652456e-02 2.219605e-03 5.466635e-01 7.834617e-02 8.268088e-02 1.097987e-03 2.046510e-02 1.083162e-04 1.068018e-04 1.465958e+00 
150 25600 2.701841e-05 2.538178e-04 1.902226e-07 1.180497e+00 1.061963e-01 1.046695e-01 4.412562e-04 1.060442e+00 9.942204e-02 1.186737e-01 1.436872e-03 1.588118e-04 1.398252e-04 1.383210e-04 2.672523e+00 
150 32400 3.125281e-05 3.334068e-04 1.902226e-07 5.750245e-01 1.354277e-01 1.295970e-01 5.828480e-04 5.715458e-01 1.254102e-01 1.303849e-01 1.816163e-03 1.435748e-04 1.186816e-04 1.170732e-04 1.670551e+00 
150 40000 3.018319e-05 4.583778e-04 1.381617e-07 4.753590e+00 1.393379e-01 1.339663e-01 6.755828e-04 2.550369e+00 1.513938e-01 2.403457e-01 2.739946e-03 3.526568e-03 1.263792e-04 1.201738e-04 7.976705e+00 
150 48400 3.184760e-05 5.852296e-04 2.203975e-07 9.062112e+00 1.871585e-01 1.699606e-01 8.064806e-04 6.137012e-01 1.566245e-01 1.690346e-01 2.769398e-03 1.767844e-04 1.349760e-04 1.306074e-04 1.036325e+01 
150 57600 3.080401e-05 7.547554e-04 3.024004e-07 3.708494e+00 1.956764e-01 2.218074e-01 9.578310e-04 2.690581e+00 1.950203e-01 2.168546e-01 3.221995e-03 2.023848e-04 1.568126e-04 1.513084e-04 7.233936e+00 
150 67600 3.007897e-05 9.774766e-04 3.224239e-07 1.332479e+00 2.209398e-01 2.301836e-01 1.114127e-03 7.796907e+00 2.646827e-01 2.804258e-01 3.874802e-03 2.333504e-02 2.445667e-02 1.156206e-02 1.019100e+01 
150 78400 3.015301e-05 1.209995e-03 2.724119e-07 5.676722e-01 3.211335e-01 4.222571e-01 1.479852e-03 5.460315e-01 3.171884e-01 3.184045e-01 4.598331e-03 2.545790e-04 2.032182e-04 1.984772e-04 2.500691e+00 
150 90000 3.111260e-05 1.263623e-03 2.903864e-07 5.290497e-01 3.460682e-01 3.723871e-01 1.589665e-03 5.385375e-01 3.516040e-01 3.691192e-01 5.374607e-03 3.329904e-04 2.168464e-04 2.206342e-04 2.515820e+00 
200 400 4.087919e-05 5.922792e-06 9.620562e-08 7.421637e-01 2.088950e-03 2.159530e-03 2.671997e-05 7.635394e-01 2.097851e-03 2.151275e-03 2.431241e-05 3.402699e-05 3.214399e-05 3.507240e-05 1.514411e+00 
200 1600 3.702561e-05 1.644259e-05 1.422130e-07 2.906208e+00 8.180061e-03 8.437555e-03 4.483117e-05 7.969112e-01 6.953646e-03 7.038870e-03 9.247637e-05 3.994182e-05 3.710361e-05 3.912840e-05 3.734050e+00 
200 3600 4.003579e-05 3.661481e-05 1.281966e-07 5.206173e+00 1.856395e-02 1.911114e-02 8.426798e-05 7.029651e-01 1.561826e-02 1.613736e-02 2.052150e-04 9.059738e-05 8.503720e-05 8.711219e-05 5.979215e+00 
200 6400 3.995402e-05 6.469861e-05 1.342036e-07 6.464850e+00 4.387428e-02 7.105474e-02 9.824761e-03 7.480711e+00 3.318689e-02 3.439471e-02 3.619116e-04 8.837418e-05 8.908738e-05 8.830819e-05 1.413865e+01 
200 10000 4.146001e-05 9.689699e-05 1.322012e-07 4.742879e+00 5.210536e-02 5.583383e-02 2.146272e-04 9.447813e+00 4.280690e-02 4.409731e-02 5.625620e-04 9.268881e-05 8.671577e-05 8.005579e-05 1.438673e+01 
200 14400 3.991579e-05 1.448208e-04 1.402106e-07 7.386524e-01 6.283877e-02 6.388121e-02 2.694894e-04 6.637090e-01 6.201704e-02 6.427662e-02 8.311520e-04 9.769420e-05 1.011934e-04 9.817500e-05 1.656971e+00 
200 19600 3.518658e-05 1.931030e-04 1.381617e-07 9.370650e-01 1.112856e-01 1.167936e-01 1.179145e-02 2.430603e+00 1.322685e-01 1.158922e-01 1.132174e-03 1.343290e-04 1.090532e-04 1.104432e-04 3.857439e+00 
200 25600 3.873999e-05 2.606942e-04 1.683831e-07 5.926373e+00 1.490205e-01 1.288567e-01 4.651362e-04 5.980476e+00 1.333835e-01 1.338979e-01 1.437309e-03 1.604100e-04 1.292032e-04 1.328128e-04 1.245466e+01 
200 32400 4.016603e-05 3.413488e-04 1.041684e-07 2.347557e+00 1.958372e-01 2.691072e-01 2.321084e-03 5.281636e+00 1.814819e-01 1.784154e-01 1.819501e-03 1.393206e-04 1.155488e-04 1.060828e-04 8.458950e+00 
200 40000 3.922279e-05 4.354598e-04 1.342036e-07 7.299008e+00 2.066655e-01 2.228904e-01 7.308696e-04 7.033644e-01 2.116178e-01 2.399222e-01 2.293232e-03 2.291910e-02 3.009718e-03 1.426354e-04 8.913065e+00 
200 48400 3.865580e-05 5.673972e-04 2.063811e-07 7.123387e+00 2.731791e-01 2.161881e-01 8.034568e-04 2.990749e+00 2.877338e-01 3.609171e-01 3.287717e-03 1.433229e-03 1.467858e-04 1.435168e-04 1.125860e+01 
200 57600 4.040040e-05 7.662692e-04 2.163928e-07 6.835727e+00 3.040642e-01 2.817188e-01 1.249320e-02 3.338238e+00 3.158316e-01 2.704883e-01 3.225424e-03 1.926324e-04 1.486664e-04 1.460906e-04 1.136311e+01 
200 67600 4.070499e-05 9.960812e-04 3.345776e-07 1.376229e+00 3.303475e-01 3.162608e-01 1.183815e-03 9.294825e-01 3.493363e-01 3.311281e-01 3.784095e-03 2.010448e-04 1.607886e-04 1.581026e-04 3.639335e+00 
200 78400 3.846562e-05 1.200775e-03 2.324115e-07 1.122714e+00 4.245267e-01 4.578642e-01 1.652274e-02 5.893832e+00 3.510042e-01 4.447985e-01 5.384358e-03 1.836221e-02 2.299020e-04 2.282414e-04 8.736748e+00 
200 90000 3.946498e-05 1.337085e-03 2.083834e-07 6.298000e+00 5.493600e-01 6.178665e-01 7.211899e-03 5.049380e+00 4.780546e-01 5.987963e-01 6.105789e-03 4.086351e-03 2.541204e-04 1.418092e-03 1.361194e+01 
250 400 4.809801e-05 6.213225e-06 9.220093e-08 1.971773e+00 2.302996e-03 2.230121e-03 2.900958e-05 3.192564e+00 2.702695e-03 2.659098e-03 2.509360e-05 3.782259e-05 3.064000e-05 3.151740e-05 5.174457e+00 
250 1600 4.822421e-05 1.841160e-05 1.121778e-07 3.700128e+00 1.022058e-02 1.054825e-02 4.834640e-05 6.641637e+00 1.037809e-02 1.056249e-02 9.233220e-05 5.108658e-05 4.929579e-05 5.003898e-05 1.038385e+01 
250 3600 4.847441e-05 3.804700e-05 1.401640e-07 3.398719e+00 2.328109e-02 2.357220e-02 8.945800e-05 6.838128e+00 1.930731e-02 3.609339e-02 2.068174e-04 2.321176e-02 2.337788e-02 2.344859e-02 1.040954e+01 
250 6400 4.698238e-05 6.390163e-05 1.463573e-07 5.656607e+00 7.496176e-02 7.947708e-02 2.653109e-03 8.585613e+00 4.140495e-02 4.255092e-02 3.627568e-04 8.870880e-05 8.303840e-05 8.424800e-05 1.448404e+01 
250 10000 4.813201e-05 9.994959e-05 1.402106e-07 1.216753e+00 6.537358e-02 7.756089e-02 1.172345e-02 3.515700e+00 6.139277e-02 5.788185e-02 5.597800e-04 1.042160e-04 9.478801e-05 8.824021e-05 5.007395e+00 
250 14400 4.722481e-05 1.498884e-04 1.261942e-07 5.356642e+00 9.754223e-02 1.138357e-01 2.649266e-04 7.009586e+00 9.163889e-02 1.424388e-01 8.246726e-04 4.283623e-03 9.996160e-05 9.378642e-05 1.281747e+01 
250 19600 4.977859e-05 1.985852e-04 1.322012e-07 7.947015e+00 1.312633e-01 1.511120e-01 1.169241e-02 4.238092e+00 1.094278e-01 1.095800e-01 1.098813e-03 1.200296e-04 1.039496e-04 1.012736e-04 1.269988e+01 
250 25600 4.660981e-05 2.584048e-04 1.942273e-07 3.896695e+00 1.715848e-01 2.038695e-01 4.565874e-04 4.139398e+00 1.692264e-01 1.747600e-01 1.444378e-03 1.626794e-04 1.407266e-04 1.426834e-04 8.758221e+00 
250 32400 4.969439e-05 3.293570e-04 1.022127e-07 8.034274e+00 1.830428e-01 2.750336e-01 1.180149e-02 6.821346e+00 1.770383e-01 1.821377e-01 1.828132e-03 1.424292e-04 1.099146e-04 1.057562e-04 1.568726e+01 
250 40000 4.963223e-05 4.320506e-04 2.364162e-07 4.353858e+00 2.673548e-01 3.881108e-01 1.451439e-02 3.150253e+00 2.176260e-01 2.234493e-01 2.242525e-03 1.511742e-04 1.163942e-04 1.193728e-04 8.618305e+00 
250 48400 4.788982e-05 5.845068e-04 2.202112e-07 2.558734e+00 3.619138e-01 3.296912e-01 8.431320e-04 1.335242e+00 3.341314e-01 3.365122e-01 2.995716e-03 1.753364e-04 1.527908e-04 1.457200e-04 5.261203e+00 
250 57600 4.801783e-05 7.614318e-04 1.862179e-07 5.011483e+00 3.279020e-01 3.229023e-01 9.901380e-04 9.200753e+00 4.908179e-01 4.819389e-01 3.706120e-03 1.802898e-04 1.601276e-04 1.589660e-04 1.584184e+01 
250 67600 4.715463e-05 9.836184e-04 2.024230e-07 6.485474e+00 4.995529e-01 5.497120e-01 1.192134e-02 6.623190e+00 4.830200e-01 4.899283e-01 4.053802e-03 2.426609e-02 2.527433e-02 1.371941e-02 1.521119e+01 
250 78400 4.798183e-05 1.189759e-03 3.845897e-07 8.437581e+00 6.192864e-01 6.405160e-01 5.825822e-03 5.672111e+00 5.188791e-01 5.786616e-01 5.274911e-03 3.142244e-04 2.191340e-04 2.171028e-04 1.648016e+01 
250 90000 4.699840e-05 1.274373e-03 2.963934e-07 3.663799e+00 4.865142e-01 5.039016e-01 1.521103e-03 1.068616e+00 4.910063e-01 6.442283e-01 6.266157e-03 2.983480e-03 2.493472e-04 2.432462e-04 6.870692e+00 
300 400 5.729981e-05 5.862815e-06 1.102220e-07 9.004666e+00 3.249003e-03 3.209117e-03 3.804280e-05 1.928524e+00 3.309065e-03 3.271479e-03 2.371138e-05 5.100439e-05 3.488217e-05 3.473600e-05 1.094649e+01 
300 1600 5.666479e-05 1.667300e-05 1.159962e-07 1.744342e+00 1.242687e-02 1.259234e-02 4.655560e-05 4.179064e+00 1.036442e-02 1.055451e-02 9.314758e-05 5.241642e-05 5.079997e-05 4.876279e-05 5.969729e+00 
300 3600 5.792682e-05 3.628437e-05 1.340173e-07 6.421228e+00 2.327113e-02 2.368181e-02 8.835020e-05 1.143318e+01 2.789784e-02 2.845585e-02 2.050268e-04 7.037339e-05 7.270281e-05 6.500143e-05 1.795833e+01 
300 6400 5.646041e-05 6.668158e-05 1.221895e-07 3.640692e+00 4.175875e-02 4.267152e-02 1.267858e-04 4.239934e+00 5.021913e-02 5.123311e-02 3.606358e-04 9.161322e-05 8.608080e-05 8.443017e-05 8.067401e+00 
300 10000 5.777641e-05 1.016680e-04 1.041684e-07 8.573508e+00 7.843503e-02 8.656266e-02 1.909898e-04 1.723915e+00 7.879629e-02 8.560022e-02 5.634170e-04 9.875582e-05 8.697417e-05 8.720439e-05 1.062802e+01 
300 14400 5.644863e-05 1.479694e-04 1.342036e-07 1.650036e+00 1.279826e-01 1.191293e-01 6.397734e-03 3.900854e+00 1.376534e-01 1.273022e-01 8.125938e-04 2.264522e-02 2.335349e-02 5.663203e-03 6.122061e+00 
300 19600 5.635638e-05 1.938620e-04 1.201872e-07 5.375090e+00 1.534961e-01 1.457649e-01 3.438146e-04 1.448968e+01 1.555346e-01 1.331372e-01 1.101885e-03 1.171594e-04 8.933782e-05 9.348202e-05 2.045472e+01 
300 25600 5.646041e-05 2.574954e-04 1.864042e-07 5.990511e+00 2.207440e-01 1.840265e-01 4.423278e-04 7.008410e+00 2.721385e-01 2.217847e-01 1.566282e-03 2.336363e-02 2.417670e-02 2.361274e-02 1.397112e+01 
300 32400 5.713962e-05 3.279246e-04 1.281966e-07 1.780204e+00 2.882308e-01 2.589725e-01 5.715214e-04 1.652549e+00 2.737310e-01 2.177898e-01 1.819553e-03 1.314068e-04 1.124302e-04 1.060728e-04 4.474635e+00 
300 40000 5.622818e-05 4.436800e-04 1.621898e-07 5.729902e+00 3.990822e-01 4.246207e-01 1.180970e-02 3.029724e+00 2.968868e-01 2.737765e-01 2.239800e-03 1.632184e-04 1.297042e-04 1.275510e-04 1.016899e+01 
300 48400 5.617202e-05 5.654642e-04 2.564397e-07 4.747039e+00 3.803902e-01 3.963688e-01 8.972088e-04 2.672399e+00 3.818414e-01 3.348025e-01 2.770074e-03 9.008225e-03 1.574616e-04 1.542588e-04 8.926490e+00 
300 57600 5.808477e-05 7.549258e-04 3.084075e-07 4.108719e+00 3.853445e-01 4.821914e-01 6.338584e-03 6.093819e+00 5.275240e-01 5.567993e-01 3.949893e-03 2.191322e-02 1.556549e-02 1.944870e-04 1.220321e+01 
300 67600 5.804482e-05 9.760908e-04 1.261942e-07 3.761985e+00 5.459468e-01 5.397304e-01 1.265376e-03 1.870768e+00 5.870240e-01 5.500942e-01 4.166221e-03 2.070660e-04 1.845784e-04 1.801334e-04 7.862618e+00 
300 78400 5.657258e-05 1.161731e-03 3.606081e-07 6.701563e+00 5.814223e-01 5.269307e-01 1.290722e-03 6.768359e+00 5.575377e-01 5.321326e-01 4.523079e-03 2.468194e-04 1.833924e-04 1.744370e-04 1.567562e+01 
300 90000 5.515842e-05 1.321011e-03 2.304092e-07 1.222896e+01 6.523064e-01 5.994532e-01 1.633434e-03 1.078972e+01 7.218247e-01 7.358851e-01 5.612284e-03 3.538776e-04 2.377178e-04 2.565378e-04 2.573765e+01 
350 400 6.478899e-05 5.981000e-06 1.222361e-07 2.225924e+00 3.794979e-03 3.717721e-03 3.500641e-05 2.171465e+00 3.794260e-03 3.743900e-03 2.477700e-05 5.449760e-05 5.207397e-05 5.251658e-05 4.412741e+00 
350 1600 6.459258e-05 1.678499e-05 1.181848e-07 2.092298e+00 1.213868e-02 1.219908e-02 5.911239e-05 7.238044e+00 1.495793e-02 1.513649e-02 9.255260e-05 4.912759e-05 4.739482e-05 4.847059e-05 9.385170e+00 
350 3600 6.547398e-05 3.629019e-05 1.182314e-07 1.433329e+01 2.733780e-02 2.795565e-02 9.891000e-05 1.825120e+01 2.730519e-02 2.775918e-02 2.062588e-04 6.648139e-05 6.781337e-05 6.408999e-05 3.269550e+01 
350 6400 6.476697e-05 6.708042e-05 1.340173e-07 2.277456e+00 5.896394e-02 6.003009e-02 1.320194e-04 1.884277e+00 5.894691e-02 6.653200e-02 3.579436e-04 7.826122e-05 7.154299e-05 7.252260e-05 4.407072e+00 
350 10000 6.466261e-05 1.020908e-04 1.301989e-07 2.200101e+00 9.165327e-02 1.115460e-01 1.927206e-04 2.052275e+00 9.419057e-02 9.892648e-02 5.618428e-04 7.693434e-04 8.593658e-05 8.318243e-05 4.650571e+00 
350 14400 6.471281e-05 1.462548e-04 1.522247e-07 7.356760e+00 1.423787e-01 1.866541e-01 6.923668e-03 1.383907e+01 1.454756e-01 1.348186e-01 8.093392e-04 9.593959e-05 9.035920e-05 9.215400e-05 2.181340e+01 
350 19600 6.470103e-05 1.967224e-04 1.561828e-07 3.735518e+00 1.512394e-01 2.205137e-01 1.232368e-02 6.975291e+00 1.707273e-01 1.805199e-01 1.106170e-03 1.225634e-04 1.086164e-04 1.009912e-04 1.144786e+01 
350 25600 6.447663e-05 2.609706e-04 1.022127e-07 7.769740e+00 2.342380e-01 2.283036e-01 1.991270e-03 3.773888e+00 2.667981e-01 2.726138e-01 1.542034e-03 1.686906e-04 1.337042e-04 1.276090e-04 1.254990e+01 
350 32400 6.488920e-05 3.243716e-04 1.661945e-07 2.347634e+00 3.054964e-01 3.106760e-01 6.212316e-04 2.337890e+00 3.225188e-01 3.057650e-01 1.882786e-03 1.514886e-04 1.185934e-04 1.146376e-04 5.933285e+00 
350 40000 6.478080e-05 4.285694e-04 1.402106e-07 4.640792e+00 4.514320e-01 5.010653e-01 2.050613e-03 1.584174e+01 3.284768e-01 3.496779e-01 2.248070e-03 2.123677e-02 2.342446e-02 2.346688e-02 2.218614e+01 
350 48400 6.373539e-05 5.725410e-04 2.943911e-07 7.803239e+00 3.868115e-01 3.741460e-01 8.050668e-04 7.903252e+00 3.770692e-01 4.400538e-01 2.948302e-03 2.440749e-02 2.566373e-02 2.503817e-02 1.736410e+01 
350 57600 6.480697e-05 7.608368e-04 3.424007e-07 3.249161e+00 5.310147e-01 5.376566e-01 1.021431e-03 2.333591e+00 5.307429e-01 5.371298e-01 3.433839e-03 1.852814e-04 1.668476e-04 1.613354e-04 7.725118e+00 
350 67600 6.399783e-05 9.800426e-04 2.463814e-07 4.060412e+00 6.366421e-01 6.521295e-01 1.340594e-03 7.336366e+00 6.312615e-01 6.527524e-01 4.044000e-03 2.243758e-04 1.869938e-04 1.795446e-04 1.397664e+01 
350 78400 6.685196e-05 1.181727e-03 3.445894e-07 3.276029e+00 7.262119e-01 7.434246e-01 1.398397e-03 2.201521e+00 7.342407e-01 7.411743e-01 4.791370e-03 3.803172e-04 2.044960e-04 2.528604e-04 8.430913e+00 
350 90000 6.484701e-05 1.277542e-03 2.764165e-07 2.280349e+00 9.218099e-01 8.524075e-01 1.582731e-03 2.237264e+00 8.397758e-01 8.414413e-01 5.515610e-03 3.508510e-04 2.341184e-04 2.457538e-04 7.982396e+00 
400 400 7.329760e-05 6.107194e-06 1.079869e-07 7.419258e+00 4.288708e-03 4.228879e-03 2.759541e-05 3.893392e+00 4.321942e-03 4.268798e-03 2.473104e-05 5.117259e-05 4.637339e-05 4.600300e-05 1.133005e+01 
400 1600 7.494818e-05 1.656879e-05 1.059845e-07 2.634356e+00 1.677177e-02 1.692065e-02 5.217204e-05 2.907303e+00 1.675725e-02 4.137701e-02 9.103040e-05 2.277634e-02 2.278763e-02 2.326353e-02 5.702568e+00 
400 3600 7.329560e-05 3.744997e-05 1.841690e-07 6.744765e+00 3.781966e-02 3.842581e-02 8.468879e-05 4.861738e+00 3.792165e-02 3.835960e-02 2.038328e-04 7.341579e-05 6.786962e-05 6.641522e-05 1.175966e+01 
400 6400 7.325960e-05 6.540581e-05 1.262408e-07 3.402847e+00 7.776033e-02 8.350178e-02 1.331172e-04 2.919561e+00 8.015809e-02 9.292820e-02 3.621198e-04 2.297718e-02 2.056859e-03 7.954701e-05 6.682524e+00 
400 10000 7.447139e-05 9.834100e-05 1.081731e-07 3.187424e+00 1.102585e-01 1.317912e-01 2.069096e-04 6.694602e+00 1.071873e-01 1.103300e-01 5.669020e-04 2.286105e-02 2.144521e-02 8.577220e-05 1.038696e+01 
400 14400 7.330980e-05 1.458160e-04 1.724344e-07 2.804598e+00 1.527601e-01 1.795224e-01 2.676584e-04 2.474751e+00 1.551265e-01 1.555112e-01 8.072594e-04 1.696686e-03 9.513441e-05 8.720858e-05 5.925460e+00 
400 19600 7.218798e-05 1.980964e-04 1.301989e-07 2.989655e+00 2.106204e-01 2.350641e-01 3.788983e-03 5.716172e+00 2.089664e-01 2.148291e-01 1.102492e-03 1.605327e-02 1.072846e-04 1.045204e-04 9.596759e+00 
400 25600 7.471382e-05 2.608384e-04 1.361594e-07 3.127787e+00 2.714504e-01 2.856064e-01 5.027024e-04 2.997365e+00 2.764622e-01 2.775729e-01 1.471773e-03 1.643940e-04 1.340046e-04 1.303150e-04 7.239015e+00 
400 32400 7.277057e-05 3.339748e-04 1.241919e-07 3.623445e+00 3.520252e-01 4.182934e-01 6.556392e-04 2.820687e+00 3.625316e-01 4.959583e-01 2.201376e-03 1.441572e-04 1.159172e-04 1.151942e-04 8.076613e+00 
400 40000 7.424299e-05 4.476906e-04 1.943670e-07 2.942113e+00 4.299287e-01 4.863800e-01 7.764020e-04 3.702824e+00 4.250314e-01 4.368059e-01 2.361853e-03 1.562458e-04 1.288428e-04 1.241058e-04 8.427189e+00 
400 48400 7.268079e-05 5.831648e-04 1.823995e-07 4.716616e+00 6.374026e-01 5.559666e-01 1.568000e-02 3.374740e+00 6.340088e-01 5.297266e-01 2.909089e-03 1.166045e-03 1.464212e-04 1.397632e-04 1.046919e+01 
400 57600 7.175743e-05 7.651148e-04 1.641922e-07 3.806374e+00 6.371156e-01 6.987019e-01 1.136450e-03 3.008393e+00 6.049846e-01 6.159509e-01 3.472236e-03 1.895712e-04 1.582184e-04 1.533792e-04 9.377499e+00 
400 67600 7.441519e-05 9.774926e-04 2.424233e-07 3.408305e+00 7.771532e-01 7.299334e-01 1.202110e-03 3.969874e+00 7.899289e-01 7.736559e-01 4.156102e-03 2.099096e-04 1.843114e-04 1.761892e-04 1.045588e+01 
400 78400 7.395861e-05 1.120477e-03 3.246125e-07 3.598183e+00 8.287524e-01 8.530496e-01 1.310866e-02 3.386341e+00 8.316699e-01 8.781207e-01 4.770057e-03 2.934224e-04 1.977894e-04 1.984664e-04 1.039592e+01 
400 90000 7.319739e-05 1.264701e-03 4.225876e-07 3.118726e+00 9.684004e-01 9.873442e-01 1.601947e-03 6.061841e+00 9.637356e-01 9.836845e-01 5.800295e-03 2.514244e-03 2.428188e-04 2.339176e-04 1.309550e+01 
450 400 8.133738e-05 5.942769e-06 1.040287e-07 3.634427e+00 4.824189e-03 4.774857e-03 3.346200e-05 3.622463e+00 4.817197e-03 4.778761e-03 2.413001e-05 5.866960e-05 5.643019e-05 5.955501e-05 7.276418e+00 
450 1600 8.153180e-05 1.663477e-05 1.261942e-07 5.892734e+00 1.876943e-02 1.891334e-02 4.433822e-05 3.483028e+00 1.872565e-02 1.898404e-02 9.271642e-05 4.256158e-05 4.076883e-05 4.231520e-05 9.451534e+00 
450 3600 8.289577e-05 3.696322e-05 1.121778e-07 8.764550e+00 4.207867e-02 4.292241e-02 1.074206e-04 8.255835e+00 7.898290e-02 8.412373e-02 2.189832e-04 2.382692e-02 2.053844e-02 2.355446e-02 1.733691e+01 
450 6400 8.192239e-05 6.604861e-05 1.761597e-07 4.358093e+00 7.555110e-02 8.115549e-02 1.328044e-04 3.613148e+00 7.741264e-02 1.205317e-01 3.666418e-04 7.706922e-05 7.454739e-05 7.208376e-05 8.326788e+00 
450 10000 8.063861e-05 1.013714e-04 1.322012e-07 3.746772e+00 1.216685e-01 1.286239e-01 1.907990e-04 4.336921e+00 1.216014e-01 1.386250e-01 5.661458e-04 2.277935e-02 2.338230e-02 7.038677e-03 8.648376e+00 
450 14400 8.131140e-05 1.435464e-04 1.461711e-07 6.086389e+00 1.712404e-01 1.780248e-01 1.196101e-02 9.694868e+00 2.139049e-01 1.950978e-01 9.873490e-04 1.066954e-04 1.005644e-04 9.960080e-05 1.655305e+01 
450 19600 8.412958e-05 1.989052e-04 1.362059e-07 4.283542e+00 3.039425e-01 2.560041e-01 3.673448e-04 6.681036e+00 2.588233e-01 2.951655e-01 1.345079e-03 1.350778e-04 1.128406e-04 1.082096e-04 1.208094e+01 
450 25600 7.970682e-05 2.604586e-04 1.661945e-07 5.296935e+00 3.090705e-01 3.221689e-01 5.239696e-04 5.588511e+00 3.188543e-01 3.088055e-01 1.452140e-03 1.612472e-04 1.430140e-04 1.385312e-04 1.214722e+01 
450 32400 8.354899e-05 3.327480e-04 2.123881e-07 3.882419e+00 3.872426e-01 3.919803e-01 6.077120e-04 5.559667e+00 3.885688e-01 3.878489e-01 1.901112e-03 1.454854e-04 1.198430e-04 1.107214e-04 1.100105e+01 
450 40000 8.327821e-05 4.400212e-04 1.402106e-07 3.919597e+00 5.211287e-01 4.970522e-01 7.255418e-04 3.817713e+00 4.772597e-01 4.802503e-01 2.370930e-03 1.659540e-04 1.399310e-04 1.367842e-04 9.717100e+00 
450 48400 8.160183e-05 5.699756e-04 2.281740e-07 4.203181e+00 6.468274e-01 5.854020e-01 9.989142e-04 5.016624e+00 5.791398e-01 5.841353e-01 2.922857e-03 1.868010e-04 1.584266e-04 1.546490e-04 1.162041e+01 
450 57600 8.040997e-05 7.280076e-04 2.883840e-07 3.906302e+00 8.557991e-01 8.603327e-01 1.310541e-02 3.808287e+00 6.876435e-01 6.945639e-01 3.492232e-03 1.861442e-04 1.610106e-04 1.567402e-04 1.083086e+01 
450 67600 8.187220e-05 9.722646e-04 3.824010e-07 3.969242e+00 8.027884e-01 8.277974e-01 1.342560e-02 3.762178e+00 8.054427e-01 8.210941e-01 4.157822e-03 2.710388e-04 1.806338e-04 1.734470e-04 1.100784e+01 
450 78400 8.184840e-05 1.131034e-03 2.824236e-07 3.841128e+00 9.354239e-01 9.717647e-01 1.392971e-03 3.747321e+00 9.527899e-01 9.450630e-01 4.920491e-03 3.038638e-04 2.001932e-04 1.947208e-04 1.140175e+01 
450 90000 8.340259e-05 1.276142e-03 2.483837e-07 3.812495e+00 1.085057e+00 1.109139e+00 8.457051e-03 4.163493e+00 1.084784e+00 1.101004e+00 5.586461e-03 3.517354e-04 2.128680e-04 2.179356e-04 1.237219e+01 
500 400 9.003659e-05 6.056996e-06 1.362059e-07 5.642796e+00 1.782538e-02 5.284985e-03 3.982740e-05 5.345869e+00 5.358387e-03 5.256565e-03 2.434039e-05 3.893021e-05 3.630640e-05 3.625820e-05 1.102268e+01 
500 1600 8.954383e-05 1.628040e-05 1.062173e-07 5.073236e+00 2.054875e-02 2.077721e-02 4.714238e-05 5.071420e+00 2.133923e-02 2.241804e-02 1.110218e-04 7.198560e-05 6.630118e-05 6.780121e-05 1.023024e+01 
500 3600 9.707497e-05 3.801482e-05 1.281966e-07 9.887918e+00 4.569469e-02 5.940614e-02 1.170786e-02 7.587133e+00 4.602283e-02 5.797720e-02 2.054750e-04 1.646558e-02 9.513199e-05 9.064339e-05 1.771288e+01 
500 6400 8.866242e-05 6.518760e-05 1.602340e-07 6.951863e+00 8.553161e-02 1.314182e-01 1.074404e-02 7.825169e+00 9.501764e-02 8.812295e-02 4.422348e-04 9.912597e-05 8.815560e-05 8.903700e-05 1.518877e+01 
500 10000 8.563781e-05 9.940658e-05 1.744367e-07 6.788145e+00 1.356187e-01 1.386224e-01 2.375608e-04 6.516750e+00 1.364397e-01 1.417925e-01 7.024996e-04 2.211924e-04 1.003458e-04 9.205760e-05 1.385900e+01 
500 14400 8.839602e-05 1.421104e-04 8.419156e-08 6.464992e+00 1.969950e-01 2.096301e-01 3.092160e-04 6.541424e+00 2.071791e-01 2.052130e-01 9.832268e-04 1.190076e-04 9.871144e-05 1.176516e-04 1.382733e+01 
500 19600 8.616280e-05 1.940698e-04 8.419156e-08 6.284439e+00 2.804344e-01 2.823835e-01 3.506318e-04 5.950577e+00 2.638103e-01 2.680893e-01 1.098950e-03 1.322456e-04 1.099782e-04 1.099262e-04 1.333185e+01 
500 25600 9.249416e-05 2.588186e-04 1.981854e-07 4.218133e+00 3.405197e-01 3.435423e-01 5.306728e-04 7.752689e+00 3.491916e-01 3.747204e-01 1.660797e-03 1.639150e-04 1.323596e-04 1.273042e-04 1.338179e+01 
500 32400 1.023288e-04 3.342132e-04 1.502223e-07 5.638858e+00 4.427688e-01 4.650055e-01 6.205610e-04 6.221983e+00 4.403035e-01 4.578187e-01 1.914045e-03 2.371991e-02 2.470903e-02 2.414859e-02 1.374231e+01 
500 40000 9.094579e-05 4.374354e-04 1.722015e-07 7.047757e+00 5.478978e-01 5.495842e-01 7.211894e-04 5.685754e+00 5.590357e-01 5.532990e-01 2.458901e-03 1.545830e-04 1.278450e-04 1.254372e-04 1.494748e+01 
500 48400 9.266241e-05 5.663380e-04 3.386289e-07 5.307191e+00 6.883222e-01 6.611664e-01 1.199058e-02 6.327056e+00 6.397341e-01 6.673872e-01 3.279087e-03 2.715911e-02 2.827896e-02 2.552574e-02 1.438778e+01 
500 57600 9.030900e-05 7.648386e-04 2.684072e-07 5.553199e+00 8.487709e-01 7.768954e-01 1.114311e-03 4.621874e+00 8.531148e-01 7.742762e-01 3.489401e-03 1.802312e-04 1.634902e-04 1.567982e-04 1.343412e+01 
500 67600 8.921120e-05 1.008657e-03 2.563931e-07 4.688935e+00 9.033682e-01 9.383530e-01 1.299706e-03 5.416825e+00 9.101622e-01 9.072785e-01 4.206302e-03 2.527396e-04 1.898476e-04 1.752818e-04 1.377218e+01 
500 78400 9.139059e-05 1.055703e-03 2.624001e-07 4.796768e+00 1.055735e+00 1.056321e+00 1.405383e-03 5.066553e+00 1.033336e+00 1.076664e+00 5.228773e-03 2.902416e-04 2.361108e-04 2.197644e-04 1.409393e+01 
500 90000 8.867639e-05 1.268543e-03 3.065914e-07 5.436649e+00 1.188906e+00 1.209250e+00 1.639333e-03 5.015299e+00 1.259137e+00 1.232625e+00 5.783648e-03 3.574000e-04 2.269490e-04 2.299714e-04 1.535150e+01 
550 400 9.801243e-05 7.821806e-06 1.041684e-07 6.117372e+00 6.096245e-03 5.854600e-03 2.911757e-05 6.078805e+00 6.044329e-03 6.027618e-03 2.367920e-05 5.056760e-05 4.466060e-05 4.486898e-05 1.222051e+01 
550 1600 9.457320e-05 1.663477e-05 1.061708e-07 6.234423e+00 2.268488e-02 2.275759e-02 5.108039e-05 6.157380e+00 2.247845e-02 2.270446e-02 9.180922e-05 5.026297e-05 4.737279e-05 4.938981e-05 1.248284e+01 
550 3600 9.929640e-05 3.626216e-05 1.381617e-07 6.160454e+00 5.127251e-02 5.844830e-02 8.200840e-05 6.011492e+00 5.155578e-02 6.298141e-02 2.044074e-04 2.205966e-02 6.632819e-03 6.187442e-05 1.242540e+01 
550 6400 9.986721e-05 6.524343e-05 1.364388e-07 5.837504e+00 9.795965e-02 9.538727e-02 1.252972e-04 6.070996e+00 1.026115e-01 1.088764e-01 3.595032e-04 8.181040e-05 8.602859e-05 7.281881e-05 1.231424e+01 
550 10000 9.815460e-05 1.005864e-04 1.362059e-07 6.430158e+00 1.485518e-01 1.598893e-01 1.174298e-02 6.743183e+00 1.455818e-01 1.475986e-01 6.816624e-04 8.643975e-03 9.724740e-05 9.938260e-05 1.379646e+01 
550 14400 9.982320e-05 1.447984e-04 1.501758e-07 5.790606e+00 2.257128e-01 2.834695e-01 3.022296e-04 6.047723e+00 2.534900e-01 2.205412e-01 8.577796e-04 1.000956e-04 8.982220e-05 8.893479e-05 1.282325e+01 
550 19600 9.891381e-05 1.932286e-04 1.379754e-07 5.864183e+00 3.232974e-01 2.923600e-01 1.155532e-03 7.140619e+00 2.998555e-01 2.887016e-01 1.137377e-03 1.497632e-02 1.229176e-04 1.243458e-04 1.422685e+01 
550 25600 9.968099e-05 2.575306e-04 9.797513e-08 8.673508e+00 4.067717e-01 4.073856e-01 5.109694e-04 5.776478e+00 5.045438e-01 3.913708e-01 1.543436e-03 3.456692e-03 1.213632e-04 1.217098e-04 1.616620e+01 
550 32400 9.878357e-05 3.350124e-04 1.484063e-07 5.860351e+00 5.024407e-01 4.949111e-01 2.253158e-03 7.194138e+00 4.669114e-01 4.989962e-01 1.914232e-03 1.370166e-04 1.192002e-04 1.096378e-04 1.502274e+01 
550 40000 9.945263e-05 4.409788e-04 1.442153e-07 5.916531e+00 5.979796e-01 5.904060e-01 7.434226e-04 6.036690e+00 6.028273e-01 5.927563e-01 2.399300e-03 1.525560e-04 1.313302e-04 1.270978e-04 1.434131e+01 
550 48400 9.755581e-05 5.673556e-04 2.063811e-07 5.930397e+00 7.232850e-01 7.135708e-01 9.400544e-04 6.813203e+00 7.265091e-01 6.984190e-01 2.916549e-03 1.769964e-04 1.478368e-04 1.480552e-04 1.561041e+01 
550 57600 9.706300e-05 7.747834e-04 2.364162e-07 6.438222e+00 8.261637e-01 8.587975e-01 1.033023e-03 6.767388e+00 8.412693e-01 8.623621e-01 3.906742e-03 1.801710e-04 1.611448e-04 1.564658e-04 1.660055e+01 
550 67600 9.948281e-05 9.852558e-04 2.202112e-07 5.554448e+00 9.943324e-01 1.010884e+00 1.224305e-02 6.041227e+00 9.799842e-01 1.034868e+00 4.299984e-03 2.709708e-04 1.789534e-04 1.711676e-04 1.563403e+01 
550 78400 1.002038e-04 1.115138e-03 2.824236e-07 1.449475e+01 1.161927e+00 1.174901e+00 1.534158e-03 5.529485e+00 1.156912e+00 1.149809e+00 4.887411e-03 2.754576e-04 2.003694e-04 1.996662e-04 2.467613e+01 
550 90000 9.787222e-05 1.272260e-03 2.083834e-07 1.242640e+01 1.322287e+00 1.354203e+00 1.634011e-03 6.159922e+00 1.288786e+00 1.337360e+00 5.624110e-03 3.598936e-04 2.267048e-04 2.249942e-04 2.389843e+01 
600 400 1.066732e-04 6.021000e-06 1.042150e-07 7.838206e+00 1.003363e-02 2.403395e-02 4.066881e-05 8.320602e+00 6.310994e-03 6.272014e-03 2.432442e-05 5.953498e-05 7.071760e-05 5.633798e-05 1.620584e+01 
600 1600 1.063688e-04 1.746402e-05 9.802170e-08 7.686827e+00 2.485293e-02 2.535333e-02 5.838922e-05 7.831082e+00 2.454151e-02 2.497260e-02 9.191539e-05 4.706420e-05 4.429421e-05 4.419400e-05 1.561806e+01 
600 3600 1.082016e-04 3.645043e-05 1.302455e-07 7.336666e+00 6.415215e-02 7.774569e-02 7.031360e-03 7.194463e+00 5.558416e-02 5.955256e-02 2.053828e-04 6.852839e-05 7.036719e-05 6.395942e-05 1.479577e+01 
600 6400 1.068536e-04 6.429800e-05 1.422130e-07 9.261244e+00 1.068495e-01 1.028845e-01 1.366002e-04 7.731053e+00 1.084577e-01 1.080502e-01 3.609030e-04 7.842518e-05 6.638318e-05 6.566597e-05 1.741944e+01 
600 10000 1.073484e-04 9.809858e-05 1.342036e-07 1.026858e+01 1.563482e-01 1.632379e-01 1.893628e-04 9.216421e+00 1.688463e-01 1.850751e-01 6.859448e-04 1.347192e-04 9.997743e-05 9.780419e-05 2.015995e+01 
600 14400 1.070660e-04 1.444698e-04 1.462176e-07 7.487741e+00 2.597478e-01 2.482242e-01 2.638102e-04 1.023833e+01 2.492542e-01 2.787063e-01 9.909282e-04 2.558409e-02 2.567958e-02 1.972140e-02 1.883458e+01 
600 19600 1.065712e-04 1.966358e-04 9.196810e-08 1.190085e+01 3.299086e-01 3.149880e-01 3.536722e-04 1.814001e+01 3.116106e-01 3.148745e-01 1.105570e-03 1.275004e-04 1.160014e-04 1.256616e-04 3.131441e+01 
600 25600 1.062268e-04 2.651040e-04 1.904089e-07 6.577539e+00 5.110119e-01 4.195960e-01 4.858618e-04 6.706998e+00 4.044761e-01 4.132356e-01 1.493511e-03 1.582324e-04 1.223768e-04 1.279050e-04 1.503564e+01 
600 32400 1.089128e-04 3.319578e-04 1.844019e-07 6.456442e+00 5.918618e-01 5.903290e-01 1.389600e-02 8.208869e+00 5.266873e-01 5.236714e-01 1.900836e-03 2.071816e-02 2.385201e-02 2.421102e-02 1.698291e+01 
600 40000 1.054334e-04 4.264090e-04 2.223998e-07 1.263570e+01 6.340555e-01 6.528132e-01 7.180588e-04 7.886840e+00 6.982211e-01 6.380803e-01 2.467616e-03 1.543606e-04 1.277708e-04 1.254054e-04 2.314986e+01 
600 48400 1.082578e-04 5.710590e-04 1.362059e-07 8.866963e+00 8.701042e-01 7.704572e-01 9.362848e-04 9.611981e+00 8.684343e-01 8.241378e-01 3.006992e-03 2.526194e-02 1.865655e-03 1.630938e-04 2.184403e+01 
600 57600 1.081076e-04 7.692392e-04 2.223998e-07 1.085946e+01 9.192621e-01 9.531948e-01 1.131767e-03 7.974923e+00 9.158366e-01 9.649567e-01 3.902015e-03 2.313456e-04 1.673740e-04 1.592778e-04 2.259413e+01 
600 67600 1.057842e-04 9.685750e-04 2.244022e-07 7.492987e+00 1.102952e+00 1.091419e+00 2.713812e-03 7.462978e+00 1.082872e+00 1.083662e+00 4.208449e-03 2.555320e-02 1.181898e-02 1.957002e-04 1.936247e+01 
600 78400 1.080676e-04 1.097850e-03 2.443790e-07 8.841196e+00 1.248988e+00 1.401257e+00 1.525747e-03 6.836991e+00 1.266197e+00 1.448623e+00 5.302607e-03 2.725270e-02 2.701390e-02 2.914150e-02 2.113474e+01 
600 90000 1.081456e-04 1.296389e-03 3.403984e-07 1.215909e+01 1.451815e+00 1.450967e+00 1.748416e-03 8.066124e+00 1.401284e+00 1.443362e+00 6.055378e-03 3.564004e-04 2.200208e-04 2.187968e-04 2.598269e+01 
650 400 1.147574e-04 5.914783e-06 1.261942e-07 1.317330e+01 6.868180e-03 6.778372e-03 3.929883e-05 9.349899e+00 6.855493e-03 6.789984e-03 2.525579e-05 5.687899e-05 5.764822e-05 5.491199e-05 2.255086e+01 
650 1600 1.149858e-04 1.681303e-05 1.019798e-07 9.347609e+00 5.297041e-02 2.748966e-02 5.810079e-05 9.840549e+00 2.693104e-02 2.697254e-02 9.339158e-05 4.359921e-05 4.139580e-05 4.242719e-05 1.932295e+01 
650 3600 1.147314e-04 3.846539e-05 1.062173e-07 1.060571e+01 6.079298e-02 8.141801e-02 1.961995e-03 1.017815e+01 7.437532e-02 9.310425e-02 2.074060e-04 8.005360e-05 7.437496e-05 7.322119e-05 2.109612e+01 
650 6400 1.145432e-04 6.733658e-05 2.483837e-07 1.138605e+01 1.095480e-01 1.275493e-01 1.346170e-04 8.372590e+00 1.114904e-01 1.365626e-01 3.605306e-04 7.561902e-05 6.997860e-05 6.778119e-05 2.024470e+01 
650 10000 1.153342e-04 9.776000e-05 1.079869e-07 1.238840e+01 1.740061e-01 2.003319e-01 1.994160e-04 9.387804e+00 1.735662e-01 1.911625e-01 5.652744e-04 9.691878e-05 8.815182e-05 8.923537e-05 2.251655e+01 
650 14400 1.159712e-04 1.429034e-04 2.444256e-07 1.010031e+01 2.902530e-01 3.007244e-01 2.941656e-04 1.280279e+01 3.104135e-01 2.965339e-01 8.838542e-04 9.429879e-05 8.759080e-05 8.979002e-05 2.410277e+01 
650 19600 1.134034e-04 1.995640e-04 1.762062e-07 1.054052e+01 3.418928e-01 3.717188e-01 8.867060e-03 1.343798e+01 3.738188e-01 3.419522e-01 1.153173e-03 1.124500e-04 9.535840e-05 9.330544e-05 2.541856e+01 
650 25600 1.147596e-04 2.612222e-04 1.081731e-07 8.449887e+00 4.387516e-01 4.479725e-01 4.731268e-04 8.263804e+00 4.583164e-01 4.619551e-01 1.515979e-03 1.669272e-04 1.436768e-04 1.308916e-04 1.852352e+01 
650 32400 1.165040e-04 3.761018e-04 1.062173e-07 8.309006e+00 5.963531e-01 5.631659e-01 5.968336e-04 1.003596e+01 5.658974e-01 5.844722e-01 2.004847e-03 1.467432e-04 1.143188e-04 1.118972e-04 2.065835e+01 
650 40000 1.166242e-04 4.476266e-04 3.166031e-07 1.102708e+01 6.940415e-01 7.248743e-01 7.766882e-04 8.074066e+00 7.046885e-01 7.042910e-01 2.432424e-03 1.635624e-04 1.411828e-04 1.371290e-04 2.193329e+01 
650 48400 1.136738e-04 5.955536e-04 3.285706e-07 9.871731e+00 8.300080e-01 8.348873e-01 8.733566e-04 1.080635e+01 8.361754e-01 8.367272e-01 2.968202e-03 1.693330e-04 1.471038e-04 1.396966e-04 2.402092e+01 
650 57600 1.143868e-04 7.361396e-04 2.444256e-07 8.291423e+00 1.016382e+00 1.125190e+00 1.075825e-03 1.076343e+01 1.007726e+00 1.123457e+00 3.774284e-03 2.565654e-04 1.647220e-04 1.599430e-04 2.333393e+01 
650 67600 1.155588e-04 9.335728e-04 4.066154e-07 1.102865e+01 1.172616e+00 1.214376e+00 1.216822e-03 1.029587e+01 1.152379e+00 1.225468e+00 4.573927e-03 2.043212e-04 1.890866e-04 1.987208e-04 2.609687e+01 
650 78400 1.147296e-04 1.084420e-03 2.264045e-07 1.517859e+01 1.361340e+00 1.347010e+00 1.503766e-03 8.820260e+00 1.360609e+00 1.354554e+00 5.008937e-03 3.055564e-04 2.113516e-04 2.058416e-04 2.943084e+01 
650 90000 1.138420e-04 1.259594e-03 3.243797e-07 1.257892e+01 1.535743e+00 1.590602e+00 1.800514e-03 9.118920e+00 1.555004e+00 1.567112e+00 5.897983e-03 3.795970e-04 2.327818e-04 2.422840e-04 2.795628e+01 
700 400 1.243858e-04 6.325403e-06 1.260079e-07 1.053681e+01 7.363959e-03 7.286934e-03 3.869180e-05 1.144586e+01 7.357673e-03 7.277916e-03 2.360521e-05 4.364923e-05 4.310240e-05 4.151799e-05 2.201230e+01 
700 1600 1.249806e-04 1.674304e-05 9.420328e-08 1.056441e+01 3.161570e-02 3.224852e-02 5.084779e-05 1.410994e+01 2.901340e-02 2.943494e-02 1.209226e-04 6.780522e-05 6.197859e-05 6.101718e-05 2.479719e+01 
700 3600 1.310900e-04 3.740578e-05 2.021901e-07 1.580823e+01 6.649662e-02 6.967362e-02 9.636781e-05 1.543328e+01 6.808971e-02 1.089517e-01 2.516780e-04 2.302095e-02 2.096812e-02 2.329764e-02 3.162256e+01 
700 6400 1.207964e-04 6.653741e-05 1.221895e-07 1.568247e+01 1.289122e-01 1.282817e-01 1.167114e-02 1.536055e+01 1.273008e-01 1.256115e-01 4.354124e-04 9.180699e-05 8.531138e-05 8.257343e-05 3.156571e+01 
700 10000 1.218080e-04 9.878762e-05 8.819625e-08 1.559140e+01 1.917447e-01 1.943879e-01 1.175271e-02 1.571827e+01 2.116793e-01 2.234543e-01 6.886848e-04 2.311971e-02 2.374360e-02 2.336320e-02 3.221387e+01 
700 14400 1.218440e-04 1.471378e-04 9.620562e-08 1.593722e+01 2.842092e-01 2.889852e-01 1.178565e-02 1.557212e+01 2.838796e-01 2.875446e-01 1.002151e-03 1.154204e-04 1.251368e-04 1.115126e-04 3.266740e+01 
700 19600 1.212892e-04 1.938576e-04 6.021000e-08 1.564803e+01 3.856765e-01 3.841671e-01 4.393724e-04 1.572744e+01 3.781922e-01 3.867459e-01 1.335004e-03 2.117480e-02 2.343261e-02 2.341011e-02 3.298040e+01 
700 25600 1.221544e-04 2.675956e-04 9.820797e-08 1.554017e+01 5.076631e-01 5.205990e-01 5.581978e-04 1.560190e+01 4.912664e-01 4.917400e-01 1.747412e-03 1.678388e-04 1.582022e-04 1.578136e-04 3.315655e+01 
700 32400 1.223528e-04 3.375144e-04 8.800998e-08 1.563057e+01 6.648799e-01 6.568664e-01 6.496926e-04 1.513656e+01 6.272136e-01 6.008093e-01 1.932088e-03 1.049728e-03 1.548534e-04 1.511398e-04 3.332133e+01 
700 40000 1.204980e-04 4.442600e-04 9.620562e-08 1.516183e+01 8.676983e-01 8.413198e-01 7.991482e-04 1.519592e+01 8.196780e-01 8.277949e-01 2.761577e-03 1.854592e-04 1.768422e-04 1.711398e-04 3.371894e+01 
700 48400 1.210108e-04 5.971282e-04 2.043787e-07 1.534557e+01 9.631634e-01 9.708343e-01 9.962868e-04 1.489511e+01 9.705471e-01 9.228123e-01 3.313389e-03 2.337841e-02 2.309986e-02 1.931244e-02 3.413890e+01 
700 57600 1.210630e-04 7.840918e-04 2.344139e-07 1.591699e+01 1.085740e+00 1.118615e+00 1.125007e-03 1.411432e+01 1.075499e+00 1.075568e+00 3.379865e-03 2.366676e-04 1.957684e-04 1.932126e-04 3.439280e+01 
700 67600 1.242296e-04 9.776304e-04 2.163928e-07 1.022247e+01 1.391929e+00 1.395269e+00 1.267808e-03 1.406960e+01 1.389853e+00 1.397007e+00 4.655879e-03 2.614286e-04 1.900520e-04 2.550932e-04 2.987390e+01 
700 78400 1.338580e-04 1.215440e-03 2.424233e-07 1.648330e+01 1.476739e+00 1.475629e+00 1.589525e-03 1.037437e+01 1.475231e+00 1.522246e+00 5.068316e-03 3.073612e-04 2.131564e-04 2.132806e-04 3.281629e+01 
700 90000 1.228956e-04 1.253328e-03 2.923887e-07 1.911972e+01 1.646634e+00 1.700245e+00 1.658457e-03 1.238554e+01 1.665857e+00 1.693275e+00 6.090745e-03 2.729481e-02 2.840039e-02 2.751973e-02 3.830364e+01 
750 400 1.326002e-04 5.938997e-06 1.082197e-07 1.218636e+01 7.730186e-03 7.756417e-03 3.040559e-05 1.354702e+01 7.898825e-03 7.793425e-03 2.373960e-05 5.869600e-05 5.720579e-05 5.892040e-05 2.576494e+01 
750 1600 1.322522e-04 1.725382e-05 1.621898e-07 1.268168e+01 3.428319e-02 3.479541e-02 5.043722e-05 1.144559e+01 3.080798e-02 3.108437e-02 9.135660e-05 4.306817e-05 4.170239e-05 4.274580e-05 2.425868e+01 
750 3600 1.311700e-04 3.659460e-05 9.620562e-08 1.314144e+01 6.988084e-02 8.398047e-02 8.723438e-05 1.158176e+01 7.004731e-02 9.857982e-02 2.076684e-04 6.279259e-03 5.671480e-05 5.567120e-05 2.505256e+01 
750 6400 1.317208e-04 6.732661e-05 1.201872e-07 1.137102e+01 1.331128e-01 1.475367e-01 5.764480e-03 1.183722e+01 1.430214e-01 1.308516e-01 3.618288e-04 7.912131e-03 8.163401e-05 8.464837e-05 2.377718e+01 
750 10000 1.313424e-04 9.992938e-05 1.119915e-07 1.322902e+01 1.956449e-01 2.081250e-01 1.956924e-04 1.522132e+01 2.580649e-01 2.133389e-01 6.053806e-04 9.872359e-05 8.709622e-05 8.092299e-05 2.932683e+01 
750 14400 1.324118e-04 1.424048e-04 1.301989e-07 1.463760e+01 3.007543e-01 2.911285e-01 2.736768e-04 1.348698e+01 2.833149e-01 3.028635e-01 8.333972e-04 1.031445e-02 9.924839e-05 9.805639e-05 2.931456e+01 
750 19600 1.311960e-04 1.985926e-04 1.382083e-07 1.419189e+01 4.543366e-01 4.338048e-01 1.241346e-02 1.273893e+01 3.897275e-01 3.976767e-01 1.161844e-03 6.572835e-03 1.121236e-04 1.038030e-04 2.862709e+01 
750 25600 1.328224e-04 2.604912e-04 9.997748e-08 1.287408e+01 5.241994e-01 5.333020e-01 5.527678e-04 1.418493e+01 5.483410e-01 5.153924e-01 1.555518e-03 1.538898e-04 1.255614e-04 1.340440e-04 2.918318e+01 
750 32400 1.309212e-04 3.382268e-04 3.084075e-07 1.285816e+01 6.432337e-01 6.476815e-01 6.075436e-04 1.252179e+01 6.414735e-01 6.473821e-01 1.953420e-03 1.415154e-04 1.251128e-04 1.099002e-04 2.796315e+01 
750 40000 1.310498e-04 4.501064e-04 1.841690e-07 1.372190e+01 7.902092e-01 8.111269e-01 7.310824e-04 1.379865e+01 8.040779e-01 8.071828e-01 2.480398e-03 2.644453e-02 1.575074e-04 1.591056e-04 3.076373e+01 
750 48400 1.327824e-04 5.810340e-04 2.163928e-07 2.287568e+01 9.532363e-01 9.682852e-01 8.736512e-04 1.618728e+01 9.844516e-01 9.984225e-01 2.996683e-03 2.532143e-02 9.942446e-03 1.724516e-04 4.300742e+01 
750 57600 1.327162e-04 7.784848e-04 2.203975e-07 2.021152e+01 1.215284e+00 1.177873e+00 5.149647e-03 1.309804e+01 1.174720e+00 1.178122e+00 3.713898e-03 1.622059e-02 1.725838e-04 1.755182e-04 3.808192e+01 
750 67600 1.320132e-04 9.870766e-04 2.161600e-07 1.362122e+01 1.338011e+00 1.349797e+00 1.265516e-03 1.282372e+01 1.409167e+00 1.351278e+00 4.366607e-03 2.750930e-04 1.886818e-04 1.813368e-04 3.190063e+01 
750 78400 1.332210e-04 1.206682e-03 2.844259e-07 1.572227e+01 1.539786e+00 1.587183e+00 1.487535e-02 1.305905e+01 1.553395e+00 1.571534e+00 5.074936e-03 2.898570e-04 2.008942e-04 2.006318e-04 3.505522e+01 
750 90000 1.321254e-04 1.264739e-03 2.665911e-07 1.954662e+01 1.996178e+00 1.795997e+00 1.425401e-02 1.320801e+01 1.855838e+00 1.789990e+00 6.157244e-03 1.193462e-02 4.663548e-04 2.508688e-04 4.022718e+01 
800 400 1.406380e-04 6.115204e-06 1.142267e-07 1.582112e+01 8.385525e-03 8.311102e-03 3.909841e-05 1.872031e+01 8.369016e-03 8.260821e-03 2.435436e-05 4.655542e-05 4.282999e-05 4.451638e-05 3.457511e+01 
800 1600 1.396646e-04 1.718961e-05 9.615906e-08 1.579811e+01 6.406479e-02 3.955908e-02 4.911739e-05 1.407675e+01 3.311935e-02 3.313413e-02 9.193541e-05 4.524356e-05 4.178239e-05 4.201280e-05 3.004518e+01 
800 3600 1.410086e-04 3.656661e-05 1.342036e-07 1.774684e+01 8.704693e-02 7.896748e-02 1.437086e-04 1.815712e+01 8.764967e-02 1.030704e-01 2.086056e-04 1.267674e-04 5.897819e-05 5.760822e-05 3.626150e+01 
800 6400 1.417718e-04 6.661341e-05 1.101755e-07 1.525282e+01 1.466242e-01 1.505249e-01 1.599548e-04 1.624103e+01 1.350795e-01 1.445579e-01 3.603242e-04 2.815074e-03 6.716237e-05 6.963201e-05 3.207434e+01 
800 10000 1.414394e-04 9.791423e-05 1.101755e-07 1.435558e+01 2.103375e-01 2.184724e-01 1.855012e-04 1.603696e+01 2.209566e-01 2.111323e-01 5.626064e-04 9.668060e-05 8.987221e-05 8.887080e-05 3.125472e+01 
800 14400 1.419542e-04 1.424888e-04 1.119915e-07 1.601193e+01 4.182385e-01 3.468599e-01 2.827064e-04 1.790769e+01 3.182659e-01 3.390654e-01 9.258874e-04 2.746834e-02 2.702087e-02 2.307560e-02 3.542114e+01 
800 19600 1.400794e-04 1.960648e-04 1.101755e-07 1.737994e+01 4.285789e-01 4.466504e-01 4.084062e-04 1.322787e+01 4.235981e-01 4.220489e-01 1.156191e-03 2.065194e-02 1.261784e-04 1.155406e-04 3.235151e+01 
800 25600 1.404760e-04 2.596338e-04 1.322012e-07 1.363421e+01 5.348334e-01 5.656203e-01 4.900922e-04 1.708548e+01 6.217605e-01 5.670229e-01 1.573457e-03 1.706550e-04 1.515404e-04 1.441774e-04 3.301189e+01 
800 32400 1.418640e-04 3.393168e-04 2.163928e-07 2.038766e+01 7.086466e-01 6.909850e-01 5.888596e-04 1.536589e+01 7.234656e-01 6.899535e-01 1.997773e-03 1.383668e-04 1.196808e-04 1.138660e-04 3.857007e+01 
800 40000 1.412692e-04 4.550358e-04 2.764165e-07 1.686755e+01 8.582040e-01 8.745392e-01 7.734916e-04 1.833638e+01 8.521322e-01 8.524534e-01 2.448528e-03 1.581564e-04 1.284058e-04 1.269658e-04 3.864550e+01 
800 48400 1.415594e-04 5.869330e-04 2.324115e-07 1.530035e+01 1.087509e+00 1.043162e+00 9.388286e-04 1.981485e+01 1.034491e+00 1.047118e+00 3.252335e-03 1.688262e-04 1.506650e-04 1.441374e-04 3.933289e+01 
800 57600 1.406582e-04 7.675708e-04 4.426111e-07 1.915627e+01 1.219901e+00 1.268912e+00 1.256647e-03 1.379535e+01 1.240972e+00 1.239742e+00 3.571295e-03 3.138979e-03 1.633000e-04 1.636464e-04 3.793039e+01 
800 67600 1.395144e-04 9.949764e-04 2.322253e-07 2.275204e+01 1.421544e+00 1.439577e+00 1.251389e-03 1.387103e+01 1.427487e+00 1.471559e+00 4.671529e-03 2.867716e-02 2.846700e-02 2.635305e-02 4.247383e+01 
800 78400 1.405740e-04 1.080150e-03 2.704095e-07 1.699262e+01 1.709689e+00 1.718165e+00 1.471318e-03 1.525090e+01 1.659254e+00 1.716509e+00 5.270173e-03 3.021754e-04 2.055110e-04 2.030234e-04 3.905583e+01 
800 90000 1.393480e-04 1.318303e-03 3.264286e-07 1.558862e+01 1.999015e+00 1.933955e+00 7.404814e-03 1.778084e+01 1.954559e+00 1.915192e+00 6.360354e-03 8.543311e-03 2.683268e-04 2.669308e-04 4.119654e+01 
850 400 1.469516e-04 6.231386e-06 1.059845e-07 1.692114e+01 8.701273e-03 8.769321e-03 3.141081e-05 1.821837e+01 8.851702e-03 8.801749e-03 2.546203e-05 4.467261e-05 4.232517e-05 4.412397e-05 3.517499e+01 
850 1600 1.498620e-04 1.761438e-05 1.321547e-07 1.998643e+01 3.495893e-02 3.510330e-02 4.942580e-05 1.690955e+01 3.461273e-02 3.491972e-02 9.227800e-05 4.739081e-05 4.448239e-05 4.303041e-05 3.703603e+01 
850 3600 1.486960e-04 3.596377e-05 1.261942e-07 1.850815e+01 8.062768e-02 8.425857e-02 1.170068e-02 1.672151e+01 8.983268e-02 8.976508e-02 2.028410e-04 6.400561e-05 5.504419e-05 5.537858e-05 3.558643e+01 
850 6400 1.479832e-04 6.634123e-05 1.924112e-07 1.842432e+01 1.798749e-01 1.535971e-01 1.307152e-04 1.677190e+01 1.528914e-01 1.534318e-01 3.587740e-04 2.224595e-02 2.674143e-03 8.723419e-05 3.586175e+01 
850 10000 1.477566e-04 1.002940e-04 1.021661e-07 1.831340e+01 2.405175e-01 2.860177e-01 2.092586e-04 1.768500e+01 2.377968e-01 2.744176e-01 6.006032e-04 1.005624e-04 8.802759e-05 8.697202e-05 3.703851e+01 
850 14400 1.506650e-04 1.464368e-04 1.844019e-07 1.974021e+01 3.225781e-01 3.285357e-01 1.078870e-03 1.930151e+01 3.906823e-01 3.513503e-01 8.371526e-04 9.269258e-05 9.159083e-05 8.791741e-05 4.043738e+01 
850 19600 1.471198e-04 1.925256e-04 1.602340e-07 1.754788e+01 4.497712e-01 4.488998e-01 4.539782e-04 1.743805e+01 4.621781e-01 4.937812e-01 1.330454e-03 1.315044e-04 1.144670e-04 1.079434e-04 3.684307e+01 
850 25600 1.469534e-04 2.591150e-04 1.322012e-07 2.057646e+01 5.793711e-01 5.968747e-01 5.076304e-04 1.929265e+01 6.129241e-01 5.945870e-01 1.524818e-03 1.811146e-04 1.478290e-04 1.466912e-04 4.225581e+01 
850 32400 1.480352e-04 3.407170e-04 1.441687e-07 2.005230e+01 7.409996e-01 7.460011e-01 1.291084e-02 1.832953e+01 7.483666e-01 7.302988e-01 1.944497e-03 1.435564e-04 1.208966e-04 1.134836e-04 4.136326e+01 
850 40000 1.509196e-04 4.344792e-04 3.084075e-07 1.793308e+01 8.932785e-01 9.243476e-01 1.387584e-02 1.765858e+01 9.202180e-01 9.252665e-01 2.479170e-03 1.581342e-04 1.273362e-04 1.269416e-04 3.927214e+01 
850 48400 1.500242e-04 6.003248e-04 2.202112e-07 2.005705e+01 1.149250e+00 1.109607e+00 8.238478e-03 1.639770e+01 1.118621e+00 1.116095e+00 3.021840e-03 1.027172e-02 1.699178e-04 1.683134e-04 4.097098e+01 
850 57600 1.476686e-04 7.722876e-04 2.262183e-07 1.611108e+01 1.299613e+00 1.321017e+00 1.098603e-03 1.611173e+01 1.371180e+00 1.314214e+00 3.685203e-03 2.244914e-04 1.599870e-04 1.597046e-04 3.753512e+01 
850 67600 1.481534e-04 9.624156e-04 2.743676e-07 1.935350e+01 1.696463e+00 1.725223e+00 1.299565e-03 1.942856e+01 1.695353e+00 1.718586e+00 4.515680e-03 3.626318e-04 1.934190e-04 1.933230e-04 4.562539e+01 
850 78400 1.490408e-04 1.095617e-03 3.745779e-07 1.864368e+01 1.970004e+00 2.001871e+00 1.326090e-02 1.815474e+01 2.015161e+00 1.976171e+00 5.296897e-03 3.147604e-04 2.330262e-04 2.305466e-04 4.478226e+01 
850 90000 1.470078e-04 1.299259e-03 2.923887e-07 1.834892e+01 2.243271e+00 2.257161e+00 4.183616e-03 1.838764e+01 2.270711e+00 2.317826e+00 6.233294e-03 2.735319e-02 2.856088e-02 2.448944e-02 4.591784e+01 
900 400 1.577778e-04 5.951012e-06 1.022127e-07 1.944005e+01 9.255950e-03 9.300366e-03 3.099223e-05 2.007693e+01 9.409039e-03 9.358780e-03 2.401578e-05 4.957202e-05 4.707640e-05 4.732879e-05 3.955468e+01 
900 1600 1.561072e-04 1.605800e-05 1.240056e-07 1.878603e+01 4.194748e-02 4.587524e-02 5.163918e-05 1.834354e+01 3.678991e-02 3.715794e-02 9.396439e-05 4.227320e-05 4.054862e-05 4.213080e-05 3.729179e+01 
900 3600 1.575552e-04 3.644661e-05 1.722015e-07 2.143293e+01 9.563971e-02 1.335465e-01 1.132230e-02 2.305646e+01 9.565539e-02 9.831950e-02 2.113518e-04 6.379341e-05 5.960297e-05 5.706139e-05 4.492449e+01 
900 6400 1.570466e-04 6.481484e-05 1.079869e-07 1.789032e+01 1.588594e-01 1.702273e-01 3.175374e-03 2.079213e+01 1.919131e-01 1.860595e-01 4.104652e-04 8.090679e-05 7.356401e-05 7.065758e-05 3.939357e+01 
900 10000 1.556324e-04 9.935838e-05 1.441687e-07 1.848008e+01 2.360903e-01 2.696429e-01 9.193599e-03 1.845241e+01 2.522509e-01 3.107366e-01 6.694722e-04 1.032482e-04 1.019022e-04 9.919219e-05 3.801165e+01 
900 14400 1.579360e-04 1.416476e-04 1.441687e-07 2.010351e+01 3.719590e-01 3.490456e-01 2.862736e-04 1.947577e+01 3.609809e-01 3.637547e-01 8.971384e-04 2.662303e-02 2.601079e-02 2.534409e-02 4.110451e+01 
900 19600 1.585830e-04 1.916484e-04 1.361594e-07 2.004284e+01 4.597358e-01 4.767007e-01 3.968848e-04 1.836072e+01 4.722262e-01 4.737390e-01 1.154044e-03 1.121114e-04 9.422479e-05 9.426279e-05 4.028819e+01 
900 25600 1.581742e-04 2.679884e-04 1.201872e-07 2.142980e+01 6.116219e-01 6.423506e-01 4.743106e-04 2.107462e+01 6.302281e-01 6.288152e-01 1.588399e-03 1.741722e-04 1.488604e-04 1.515424e-04 4.502043e+01 
900 32400 1.578898e-04 3.386900e-04 2.744142e-07 2.685876e+01 7.895182e-01 7.883109e-01 1.210472e-02 1.706913e+01 7.602858e-01 7.837824e-01 2.093658e-03 1.410206e-04 1.221424e-04 1.173734e-04 4.706489e+01 
900 40000 1.563696e-04 4.679952e-04 1.281966e-07 1.944849e+01 9.706522e-01 9.782548e-01 7.281460e-04 2.060947e+01 9.739551e-01 9.587415e-01 2.501471e-03 1.516284e-04 1.271500e-04 1.232322e-04 4.394385e+01 
900 48400 1.559630e-04 5.927796e-04 2.222136e-07 2.324842e+01 1.157438e+00 1.164606e+00 9.305684e-04 2.100207e+01 1.176934e+00 1.174717e+00 2.994206e-03 2.128040e-04 1.529046e-04 1.499880e-04 4.892940e+01 
900 57600 1.558288e-04 7.118594e-04 2.803747e-07 2.050748e+01 1.359533e+00 1.386720e+00 1.102106e-03 2.012396e+01 1.425464e+00 1.393150e+00 3.756462e-03 2.371364e-04 1.817114e-04 1.719390e-04 4.620265e+01 
900 67600 1.577518e-04 9.270970e-04 2.743676e-07 2.172814e+01 1.617832e+00 1.678604e+00 3.884471e-03 1.878598e+01 1.664093e+00 1.641810e+00 4.508289e-03 2.607216e-04 1.802052e-04 1.806720e-04 4.712660e+01 
900 78400 1.565938e-04 1.063168e-03 2.484303e-07 2.368622e+01 1.861732e+00 1.893281e+00 1.534322e-03 1.827676e+01 1.905178e+00 1.887458e+00 5.341971e-03 2.573288e-02 2.215190e-04 2.232016e-04 4.954494e+01 
900 90000 1.577538e-04 1.257234e-03 2.361834e-07 2.479703e+01 2.210822e+00 2.233789e+00 1.867526e-02 1.843393e+01 2.144804e+00 2.164472e+00 6.099943e-03 1.788054e-02 2.557682e-04 2.417030e-04 5.202945e+01 
950 400 1.664628e-04 5.976995e-06 1.301989e-07 2.434271e+01 9.764903e-03 9.800356e-03 2.937601e-05 2.821400e+01 1.001985e-02 1.038754e-02 2.597277e-05 6.124964e-05 5.686297e-05 5.685077e-05 5.259710e+01 
950 1600 1.660200e-04 1.709741e-05 1.382083e-07 2.200046e+01 3.921752e-02 3.951562e-02 5.042939e-05 2.348190e+01 3.899497e-02 3.916142e-02 9.611361e-05 4.187659e-05 3.966517e-05 3.947900e-05 4.563972e+01 
950 3600 1.662184e-04 3.647660e-05 1.301989e-07 2.285763e+01 9.522985e-02 1.156387e-01 1.169034e-02 2.005157e+01 1.016558e-01 1.062948e-01 2.060698e-04 6.330661e-05 5.855942e-05 5.844920e-05 4.334032e+01 
950 6400 1.649826e-04 6.656940e-05 1.020264e-07 2.401708e+01 1.737502e-01 1.812041e-01 1.089555e-02 1.996120e+01 2.218774e-01 1.880261e-01 4.102730e-04 7.997742e-05 7.258640e-05 7.163701e-05 4.475493e+01 
950 10000 1.660302e-04 9.850720e-05 1.102220e-07 2.144594e+01 2.706495e-01 2.948205e-01 2.008380e-04 1.844722e+01 2.594493e-01 3.143098e-01 6.669866e-04 9.601940e-05 9.137057e-05 8.966778e-05 4.103382e+01 
950 14400 1.663426e-04 1.451428e-04 1.422130e-07 2.180478e+01 3.617160e-01 3.718922e-01 9.450439e-03 2.082275e+01 3.754560e-01 3.724428e-01 8.468792e-04 9.597759e-05 9.080363e-05 9.218780e-05 4.411995e+01 
950 19600 1.658680e-04 2.003496e-04 1.241919e-07 2.754893e+01 5.715687e-01 5.503381e-01 3.761082e-04 2.195265e+01 5.657363e-01 5.529617e-01 1.163454e-03 1.140244e-04 9.876559e-05 9.505199e-05 5.174442e+01 
950 25600 1.660440e-04 2.581858e-04 1.301989e-07 2.551835e+01 6.616166e-01 6.505067e-01 1.233591e-02 2.149188e+01 6.374118e-01 6.607923e-01 1.543039e-03 1.685998e-04 1.432880e-04 1.366120e-04 4.963539e+01 
950 32400 1.658378e-04 3.364466e-04 1.542270e-07 2.006651e+01 8.129998e-01 8.560346e-01 6.068908e-04 2.006781e+01 8.496579e-01 8.460958e-01 1.973458e-03 2.018908e-02 1.290148e-04 1.438330e-04 4.352269e+01 
950 40000 1.660640e-04 4.551640e-04 1.221895e-07 2.425215e+01 1.119411e+00 1.124838e+00 7.990098e-04 2.125438e+01 1.105880e+00 1.150605e+00 2.509956e-03 1.839068e-04 1.282116e-04 1.227614e-04 5.001164e+01 
950 48400 1.664486e-04 5.972144e-04 2.142042e-07 2.113135e+01 1.263649e+00 1.248648e+00 1.026668e-03 2.216957e+01 1.305382e+00 1.259389e+00 3.205628e-03 2.249882e-04 1.598710e-04 1.583686e-04 4.838356e+01 
950 57600 1.634302e-04 7.529952e-04 3.306195e-07 2.118246e+01 1.443468e+00 1.458791e+00 1.069662e-03 2.147826e+01 1.441788e+00 1.450995e+00 3.640637e-03 2.441588e-04 1.614092e-04 1.591758e-04 4.846199e+01 
950 67600 1.639030e-04 9.104984e-04 4.225876e-07 2.091660e+01 1.686855e+00 1.737761e+00 1.285370e-03 2.198372e+01 1.711794e+00 1.742040e+00 4.393612e-03 2.712314e-04 1.809524e-04 1.744686e-04 4.978618e+01 
950 78400 1.659840e-04 1.098411e-03 3.546011e-07 2.530765e+01 2.004076e+00 2.010304e+00 1.534112e-03 1.951740e+01 1.999646e+00 1.989459e+00 5.415763e-03 2.905260e-04 2.028370e-04 2.014730e-04 5.283752e+01 
950 90000 1.657636e-04 1.318129e-03 2.763700e-07 2.636871e+01 2.308079e+00 2.590430e+00 1.764280e-03 2.091400e+01 2.303234e+00 2.592513e+00 6.098451e-03 3.524257e-03 2.504282e-04 2.457530e-04 5.709045e+01 
1000 400 1.747552e-04 6.058998e-06 1.382083e-07 2.430581e+01 1.037162e-02 1.039194e-02 2.843039e-05 2.936138e+01 1.055996e-02 1.092371e-02 2.405979e-05 4.731659e-05 4.433421e-05 4.091719e-05 5.370982e+01 
1000 1600 3.760238e-04 1.977757e-05 1.301989e-07 2.423715e+01 4.098462e-02 4.124996e-02 4.474297e-05 2.318346e+01 4.127021e-02 4.178313e-02 9.137662e-05 5.438924e-05 5.062958e-05 5.240217e-05 4.758661e+01 
1000 3600 1.740680e-04 3.933660e-05 1.122244e-07 2.690466e+01 1.208901e-01 1.515530e-01 1.989667e-03 2.244608e+01 9.649149e-02 1.399596e-01 2.124834e-04 1.040340e-02 8.262540e-05 8.704001e-05 4.987265e+01 
1000 6400 1.743406e-04 6.477083e-05 1.301989e-07 2.290774e+01 1.720182e-01 1.715440e-01 1.249488e-04 2.388907e+01 1.795786e-01 1.800622e-01 3.666478e-04 7.544677e-05 6.934563e-05 6.867261e-05 4.750099e+01 
1000 10000 1.744004e-04 1.037790e-04 1.241919e-07 2.411446e+01 2.665727e-01 2.910091e-01 2.066688e-04 2.371142e+01 2.961234e-01 2.789861e-01 6.010380e-04 9.704703e-05 8.970997e-05 8.752681e-05 4.895996e+01 
1000 14400 1.728362e-04 1.482856e-04 1.581851e-07 2.599058e+01 3.826256e-01 3.941083e-01 2.760604e-04 2.255646e+01 3.883612e-01 3.856409e-01 8.494030e-04 9.099399e-05 9.110197e-05 8.539362e-05 5.009952e+01 
1000 19600 1.740200e-04 1.995200e-04 1.402106e-07 2.492119e+01 5.152872e-01 5.444676e-01 3.750724e-04 2.233951e+01 5.390536e-01 5.448739e-01 1.178699e-03 1.259222e-04 1.077730e-04 1.059242e-04 4.940667e+01 
1000 25600 1.770706e-04 2.618892e-04 1.121778e-07 2.636986e+01 7.037980e-01 6.870974e-01 4.830436e-04 2.434816e+01 6.865607e-01 6.848477e-01 1.566454e-03 1.640992e-04 1.466992e-04 1.380062e-04 5.348329e+01 
1000 32400 1.731246e-04 3.374100e-04 1.701992e-07 2.457262e+01 8.779676e-01 8.691953e-01 5.986364e-04 2.735111e+01 9.132753e-01 8.924535e-01 1.944319e-03 1.519892e-04 1.293954e-04 1.203478e-04 5.548011e+01 
1000 40000 1.729124e-04 4.484880e-04 3.146008e-07 2.642742e+01 1.068451e+00 1.092275e+00 7.607006e-04 2.499782e+01 1.086995e+00 1.102181e+00 2.690235e-03 1.537698e-04 1.289868e-04 1.280552e-04 5.577968e+01 
1000 48400 1.729804e-04 6.028306e-04 3.186055e-07 2.881938e+01 1.291661e+00 1.294658e+00 8.895910e-04 2.455559e+01 1.330331e+00 1.286906e+00 3.095373e-03 2.001030e-04 1.586652e-04 1.571968e-04 5.858384e+01 
1000 57600 1.739900e-04 7.691130e-04 2.302229e-07 2.836966e+01 1.701608e+00 1.537643e+00 1.205395e-03 2.260265e+01 1.696909e+00 1.522916e+00 3.692114e-03 2.488678e-04 1.592738e-04 1.594422e-04 5.743784e+01 
1000 67600 1.743784e-04 9.671690e-04 2.843793e-07 2.512637e+01 1.848983e+00 1.785469e+00 1.257242e-02 2.946405e+01 1.809096e+00 1.799158e+00 4.622885e-03 2.975566e-04 1.878126e-04 1.845900e-04 6.185217e+01 
1000 78400 1.735572e-04 1.064755e-03 2.183951e-07 2.438385e+01 2.115230e+00 2.133861e+00 1.427546e-02 2.633737e+01 2.088606e+00 2.118603e+00 5.297112e-03 2.586555e-02 2.835643e-02 5.052789e-03 5.925764e+01 
1000 90000 1.731486e-04 1.351068e-03 2.763700e-07 2.904695e+01 2.439435e+00 2.470173e+00 1.298900e-02 2.165188e+01 2.405764e+00 2.473453e+00 6.155034e-03 2.737238e-02 2.847754e-02 3.913781e-03 6.056814e+01 
