50 400 9.760633e-06 5.201809e-06 8.023344e-08 1.241857e-01 6.395266e-04 7.084558e-04 3.487403e-05 7.632451e-02 5.559036e-04 5.916592e-04 2.514357e-05 4.189857e-05 4.322664e-05 4.108562e-05 2.032324e-01 
50 1600 1.049158e-05 1.705964e-05 1.841690e-07 7.928300e-02 1.882758e-03 2.009144e-03 5.333582e-05 7.957667e-02 1.852661e-03 1.994878e-03 1.009450e-04 5.883803e-05 5.517858e-05 5.389261e-05 1.669772e-01 
50 3600 2.548820e-05 3.793063e-05 1.661945e-07 1.732701e-01 3.663795e-03 4.048448e-03 8.538580e-05 6.968260e-02 3.660664e-03 4.002710e-03 2.040814e-04 7.962300e-05 7.812902e-05 7.578139e-05 2.589353e-01 
50 6400 1.013516e-05 7.301322e-05 1.664273e-07 1.208205e-01 6.558645e-03 7.338628e-03 1.648966e-04 7.192240e-02 6.425998e-03 7.179490e-03 3.597500e-04 1.017702e-04 9.564296e-05 8.904920e-05 2.211629e-01 
50 10000 1.440961e-05 1.088950e-04 2.384186e-07 1.283644e-01 1.038739e-02 1.128628e-02 2.129706e-04 7.652008e-02 9.993695e-03 1.114086e-02 5.609172e-04 1.241358e-04 1.167226e-04 1.037432e-04 2.489680e-01 
50 14400 1.415722e-05 1.433986e-04 1.803972e-07 1.291170e-01 1.410891e-02 1.586160e-02 2.802892e-04 7.348035e-02 1.425646e-02 1.601609e-02 8.084374e-04 1.273186e-04 1.291912e-04 1.173876e-04 2.644843e-01 
50 19600 1.437142e-05 2.114042e-04 1.722015e-07 7.701189e-02 1.957994e-02 2.331765e-02 3.794776e-04 7.491674e-02 3.485234e-02 3.733440e-02 1.121389e-03 1.425592e-04 1.409128e-04 1.338644e-04 2.691927e-01 
50 25600 1.437357e-05 2.575092e-04 2.401881e-07 7.896050e-02 2.540849e-02 2.948999e-02 4.945898e-04 7.453788e-02 2.676857e-02 2.877603e-02 1.440994e-03 1.488988e-04 1.335758e-04 1.275008e-04 2.665907e-01 
50 32400 1.402902e-05 3.360686e-04 1.981854e-07 1.013184e-01 3.203421e-02 3.630494e-02 5.593568e-04 1.205546e-01 3.202579e-02 3.617915e-02 1.834628e-03 1.415900e-04 1.234486e-04 1.212072e-04 3.615749e-01 
50 40000 1.382059e-05 4.457108e-04 2.664048e-07 7.697326e-02 3.966763e-02 4.490542e-02 6.931066e-04 6.506324e-02 3.970416e-02 4.485287e-02 2.261189e-03 1.534776e-04 1.375618e-04 1.314928e-04 3.150264e-01 
50 48400 1.045563e-05 5.873826e-04 2.364162e-07 7.695720e-02 4.800819e-02 5.435720e-02 8.485274e-04 6.483997e-02 4.847165e-02 5.456032e-02 2.711853e-03 1.680294e-04 1.569830e-04 1.498422e-04 3.518525e-01 
50 57600 1.007123e-05 7.820460e-04 3.106426e-07 7.868516e-02 5.706818e-02 6.536014e-02 1.026231e-03 6.696642e-02 5.739686e-02 6.564390e-02 3.224347e-03 1.801454e-04 1.637210e-04 1.672882e-04 3.967053e-01 
50 67600 1.026941e-05 9.766990e-04 2.806075e-07 7.708274e-02 6.815594e-02 8.084576e-02 1.188634e-02 9.947262e-02 7.974451e-02 9.931872e-02 4.618406e-03 2.107892e-04 1.947434e-04 1.856818e-04 5.227287e-01 
50 78400 1.286338e-05 1.102856e-03 2.903864e-07 7.661840e-02 7.923282e-02 1.036375e-01 1.426808e-03 6.504663e-02 7.923626e-02 9.915243e-02 4.519547e-03 2.150556e-04 2.032140e-04 1.947994e-04 5.106347e-01 
50 90000 1.526480e-05 1.313880e-03 3.183726e-07 7.976674e-02 9.243093e-02 1.348820e-01 1.452580e-02 1.046513e-01 9.415366e-02 1.464748e-01 5.611196e-03 2.496760e-02 2.127515e-02 2.718286e-04 7.203809e-01 
100 400 1.874203e-05 5.317992e-06 1.981854e-07 2.414482e-01 1.197579e-03 1.181009e-03 3.190963e-05 2.297758e-01 1.185908e-03 1.182687e-03 2.402598e-05 4.447461e-05 4.098918e-05 4.177839e-05 4.761932e-01 
100 1600 1.844163e-05 1.797681e-05 1.822133e-07 2.381571e-01 3.727718e-03 3.895333e-03 5.548904e-05 2.471377e-01 3.705200e-03 3.813170e-03 9.096796e-05 6.130980e-05 5.833320e-05 5.587758e-05 5.008113e-01 
100 3600 2.018418e-05 3.557322e-05 2.144370e-07 2.336283e-01 7.659648e-03 7.987038e-03 8.805580e-05 2.246534e-01 7.588499e-03 7.944119e-03 2.027474e-04 8.071880e-05 7.970519e-05 7.685502e-05 4.900639e-01 
100 6400 1.857379e-05 6.502117e-05 2.001878e-07 2.365022e-01 1.368086e-02 1.443482e-02 1.344670e-04 2.248876e-01 1.355991e-02 1.441666e-02 3.608296e-04 9.776838e-05 1.005004e-04 9.703701e-05 5.183791e-01 
100 10000 1.890217e-05 9.635203e-05 2.061948e-07 2.364155e-01 2.114743e-02 2.237763e-02 1.911500e-04 2.243656e-01 2.085597e-02 2.222342e-02 5.699126e-04 1.172174e-04 1.131132e-04 1.035390e-04 5.486211e-01 
100 14400 1.864978e-05 1.435046e-04 1.902226e-07 2.381477e-01 3.009194e-02 3.198386e-02 2.544908e-04 2.239012e-01 3.039921e-02 3.197692e-02 8.245234e-04 1.001058e-04 1.013456e-04 9.349780e-05 5.880607e-01 
100 19600 1.867800e-05 1.921194e-04 2.364162e-07 2.465859e-01 4.087621e-02 4.343701e-02 3.377952e-04 2.270813e-01 4.314260e-02 4.382062e-02 1.096618e-03 1.183692e-04 1.090552e-04 1.079496e-04 6.469468e-01 
100 25600 1.847162e-05 2.628692e-04 2.704095e-07 2.409062e-01 5.372689e-02 7.253894e-02 4.422838e-04 2.282097e-01 5.394349e-02 6.039386e-02 1.494442e-03 1.556970e-04 1.324062e-04 1.313566e-04 7.123817e-01 
100 32400 1.873998e-05 3.339916e-04 2.221670e-07 2.625557e-01 6.839052e-02 1.099286e-01 1.267942e-02 5.303930e-01 7.854613e-02 1.141019e-01 1.844447e-03 2.205190e-02 2.125538e-03 1.509158e-04 1.203159e+00 
100 40000 1.871004e-05 4.492820e-04 1.624227e-07 2.378827e-01 1.085383e-01 1.467105e-01 1.305365e-02 3.042673e-01 9.723976e-02 1.354069e-01 2.429953e-03 2.448919e-02 2.536340e-02 2.360076e-02 1.119497e+00 
100 48400 2.307664e-05 6.189520e-04 2.444256e-07 2.340025e-01 1.081214e-01 1.108402e-01 1.685023e-03 2.221443e-01 1.437094e-01 1.356036e-01 2.795087e-03 1.634567e-02 1.835226e-04 1.807064e-04 9.763355e-01 
100 57600 2.424223e-05 7.353560e-04 3.024004e-07 3.154928e-01 1.340898e-01 1.406436e-01 9.398398e-04 2.333757e-01 1.252687e-01 1.406242e-01 3.225173e-03 1.920692e-04 1.676306e-04 1.621786e-04 1.094976e+00 
100 67600 2.276204e-05 1.006089e-03 2.763700e-07 2.491660e-01 1.657569e-01 1.754248e-01 1.204013e-03 2.489955e-01 1.573623e-01 2.029483e-01 4.403505e-03 8.323290e-03 2.300462e-04 2.335112e-04 1.215127e+00 
100 78400 2.319477e-05 1.126633e-03 2.123881e-07 2.448769e-01 1.792327e-01 2.659269e-01 1.505597e-02 2.658002e-01 1.919858e-01 2.232490e-01 5.179321e-03 2.552698e-04 2.022184e-04 2.023488e-04 1.393151e+00 
100 90000 1.839739e-05 1.311033e-03 3.025867e-07 2.504529e-01 2.162634e-01 2.307990e-01 1.540364e-03 2.393757e-01 2.189411e-01 2.410143e-01 5.340855e-03 3.090702e-04 2.210846e-04 2.277606e-04 1.405855e+00 
150 400 3.093020e-05 6.023003e-06 2.023764e-07 6.525708e-01 1.794522e-03 1.765190e-03 3.567138e-05 8.127741e-01 1.820591e-03 1.793909e-03 2.405397e-05 5.122661e-05 4.493119e-05 4.714238e-05 1.472783e+00 
150 1600 3.064382e-05 1.691319e-05 2.381857e-07 6.857822e-01 5.575526e-03 5.723542e-03 5.484601e-05 7.092828e-01 5.626376e-03 5.767744e-03 9.392840e-05 6.356305e-05 6.062263e-05 6.286600e-05 1.418159e+00 
150 3600 2.699019e-05 3.806278e-05 1.821667e-07 6.976713e-01 1.154494e-02 1.196021e-02 8.793538e-05 7.041874e-01 1.152023e-02 1.187448e-02 2.032360e-04 8.912720e-05 9.477781e-05 8.884878e-05 1.449409e+00 
150 6400 2.686218e-05 6.569019e-05 1.882203e-07 6.900575e-01 2.082762e-02 2.157407e-02 1.374936e-04 7.028601e-01 2.078487e-02 2.161243e-02 3.607978e-04 1.038652e-04 1.142530e-04 1.075328e-04 1.478657e+00 
150 10000 2.848259e-05 9.983717e-05 2.123881e-07 6.955168e-01 3.263280e-02 3.357960e-02 1.889748e-04 7.009682e-01 3.207295e-02 3.355543e-02 5.679996e-04 9.631198e-05 9.417902e-05 8.719042e-05 1.529512e+00 
150 14400 2.798582e-05 1.419724e-04 3.424007e-07 6.937124e-01 4.613551e-02 5.889457e-02 3.869606e-03 6.971233e-01 4.595009e-02 4.778811e-02 8.076060e-04 1.073226e-04 1.131272e-04 1.063390e-04 1.594801e+00 
150 19600 2.696617e-05 1.931930e-04 1.822133e-07 6.994370e-01 6.369493e-02 6.903478e-02 1.174354e-02 6.992582e-01 6.705212e-02 8.698644e-02 1.101790e-03 1.452994e-04 1.483358e-04 1.382968e-04 1.698989e+00 
150 25600 2.684817e-05 2.587530e-04 1.981854e-07 6.936858e-01 8.509912e-02 1.323925e-01 1.028215e-02 7.006809e-01 9.337816e-02 8.700371e-02 1.439688e-03 1.662748e-04 1.434926e-04 1.367928e-04 1.804728e+00 
150 32400 3.080801e-05 3.419614e-04 2.021901e-07 6.799289e-01 1.250026e-01 1.277664e-01 5.504354e-04 8.670183e-01 1.276896e-01 1.167469e-01 1.817190e-03 1.725928e-02 1.665912e-04 1.596868e-04 2.064522e+00 
150 40000 3.051977e-05 4.500672e-04 3.165565e-07 6.949036e-01 1.342351e-01 1.506818e-01 1.082556e-02 7.102478e-01 1.392794e-01 1.396442e-01 2.312994e-03 1.397407e-02 1.764338e-04 1.745810e-04 1.996966e+00 
150 48400 2.675401e-05 5.976058e-04 2.824236e-07 7.738754e-01 1.752950e-01 1.743799e-01 8.758320e-04 7.333403e-01 1.719621e-01 1.720433e-01 2.715342e-03 1.824350e-04 1.669456e-04 1.575136e-04 2.205669e+00 
150 57600 3.020922e-05 7.852926e-04 2.403744e-07 6.780660e-01 1.864702e-01 2.221026e-01 9.630186e-04 6.693017e-01 1.870140e-01 2.230205e-01 3.307043e-03 7.391877e-03 2.047404e-04 2.028394e-04 2.178903e+00 
150 67600 3.032740e-05 9.954832e-04 2.221670e-07 5.867578e-01 2.197881e-01 3.192991e-01 1.424434e-02 6.466469e-01 2.210106e-01 2.355529e-01 3.773509e-03 2.042714e-04 1.888406e-04 1.773472e-04 2.248708e+00 
150 78400 3.281101e-05 1.100136e-03 2.123881e-07 5.968156e-01 2.592119e-01 3.402527e-01 1.505993e-03 5.929942e-01 2.597807e-01 2.673420e-01 4.394263e-03 4.515939e-03 2.464366e-04 2.419340e-04 2.328478e+00 
150 90000 3.160918e-05 1.262767e-03 2.843793e-07 6.021017e-01 2.972386e-01 3.221996e-01 1.274425e-02 6.109389e-01 3.019663e-01 3.132538e-01 5.426964e-03 2.024330e-03 2.327182e-04 2.217718e-04 2.469686e+00 
200 400 3.928081e-05 5.944818e-06 2.223998e-07 7.960214e-01 2.443900e-03 2.538147e-03 3.145719e-05 7.934620e-01 2.400729e-03 2.389254e-03 2.396600e-05 4.538004e-05 4.215501e-05 4.164018e-05 1.599507e+00 
200 1600 3.928281e-05 1.751017e-05 1.181848e-07 7.691799e-01 7.566723e-03 7.707998e-03 5.196580e-05 7.697314e-01 7.483010e-03 7.691039e-03 9.211381e-05 6.053839e-05 6.055660e-05 5.670879e-05 1.569757e+00 
200 3600 3.548902e-05 3.544702e-05 1.984183e-07 7.687688e-01 1.544475e-02 1.579581e-02 8.912738e-05 7.989438e-01 1.545933e-02 1.595170e-02 2.063006e-04 8.234298e-05 8.725659e-05 8.245520e-05 1.631009e+00 
200 6400 3.973739e-05 6.425022e-05 1.904089e-07 9.181550e-01 2.803590e-02 2.883331e-02 1.336358e-04 9.329985e-01 2.803575e-02 2.888721e-02 3.615448e-04 9.623002e-05 1.023512e-04 9.886581e-05 1.965872e+00 
200 10000 3.543701e-05 9.843321e-05 2.202112e-07 9.306689e-01 4.344748e-02 4.462364e-02 1.830378e-04 9.810038e-01 4.345265e-02 5.502606e-02 5.700326e-04 4.584056e-03 8.979039e-05 8.783918e-05 2.103897e+00 
200 14400 3.544502e-05 1.440014e-04 2.983958e-07 9.159886e-01 6.562919e-02 7.716057e-02 1.174825e-02 9.222949e-01 7.603384e-02 6.465725e-02 8.097030e-04 1.322738e-04 1.262548e-04 1.118754e-04 2.134900e+00 
200 19600 3.533079e-05 1.930106e-04 2.144370e-07 8.858019e-01 9.514337e-02 1.000907e-01 1.175245e-02 9.125488e-01 9.050278e-02 9.709817e-02 1.102553e-03 1.906357e-02 1.101066e-04 1.265834e-04 2.213607e+00 
200 25600 3.902838e-05 2.602752e-04 2.284069e-07 9.473839e-01 1.232131e-01 1.156747e-01 4.539850e-04 9.066832e-01 1.147653e-01 1.200291e-01 1.441718e-03 1.714463e-02 1.404962e-04 1.411270e-04 2.347407e+00 
200 32400 3.961120e-05 3.483670e-04 2.564397e-07 8.913566e-01 1.451487e-01 1.566804e-01 1.081303e-02 9.134980e-01 1.516005e-01 1.554557e-01 1.810570e-03 1.429898e-04 1.301166e-04 1.226194e-04 2.427185e+00 
200 40000 3.916658e-05 4.468644e-04 2.463814e-07 8.798102e-01 1.788049e-01 1.804937e-01 6.660862e-04 9.087346e-01 1.799948e-01 1.858599e-01 2.241318e-03 2.242002e-02 2.413111e-03 1.596548e-04 2.542115e+00 
200 48400 3.901641e-05 5.913646e-04 3.365800e-07 9.958017e-01 2.443295e-01 2.203021e-01 1.186383e-02 1.016318e+00 2.456728e-01 2.257210e-01 3.281412e-03 1.792922e-04 1.608204e-04 1.550540e-04 2.964512e+00 
200 57600 3.843959e-05 7.923430e-04 3.306195e-07 1.084000e+00 2.647125e-01 2.747715e-01 1.005704e-03 9.534204e-01 2.599689e-01 2.795022e-01 3.448766e-03 1.935416e-04 1.724098e-04 1.672100e-04 3.122228e+00 
200 67600 3.845743e-05 9.941370e-04 2.684072e-07 9.573526e-01 2.968074e-01 3.126968e-01 1.126797e-03 1.126074e+00 3.056750e-01 3.146857e-01 4.633612e-03 1.028158e-02 2.483916e-04 2.442954e-04 3.330900e+00 
200 78400 3.945702e-05 2.307716e-03 2.664048e-07 9.984173e-01 3.498793e-01 3.691157e-01 1.377689e-03 9.628375e-01 4.469038e-01 3.753504e-01 4.674718e-03 4.650796e-04 2.524976e-04 2.509314e-04 3.511924e+00 
200 90000 3.842362e-05 1.291688e-03 2.501998e-07 9.345022e-01 4.148233e-01 4.417801e-01 1.663859e-03 8.939617e-01 4.324920e-01 4.596821e-01 5.900147e-03 3.534726e-04 2.205318e-04 3.302840e-04 3.587071e+00 
250 400 4.343898e-05 5.357992e-06 1.941808e-07 1.483767e+00 2.975553e-03 2.942235e-03 3.038342e-05 1.410866e+00 3.002502e-03 2.949642e-03 2.440861e-05 4.815799e-05 4.106341e-05 4.511536e-05 2.906760e+00 
250 1600 4.747701e-05 1.810323e-05 1.181848e-07 1.498491e+00 9.437816e-03 9.575428e-03 5.278899e-05 1.414280e+00 9.438908e-03 9.532602e-03 9.216778e-05 5.399678e-05 5.446938e-05 5.394882e-05 2.951148e+00 
250 3600 4.514544e-05 3.520879e-05 2.164394e-07 1.555070e+00 1.951474e-02 1.985136e-02 9.149080e-05 1.651180e+00 1.945799e-02 1.998333e-02 2.041832e-04 8.465461e-05 8.447841e-05 7.987940e-05 3.285734e+00 
250 6400 4.760940e-05 6.735283e-05 2.043787e-07 1.404004e+00 3.515966e-02 3.573828e-02 1.250690e-04 1.497897e+00 3.536068e-02 3.572441e-02 4.393650e-04 9.113420e-05 1.009830e-04 8.617300e-05 3.044866e+00 
250 10000 4.571844e-05 9.863344e-05 1.641922e-07 1.919798e+00 5.497766e-02 5.546408e-02 2.167722e-04 1.795329e+00 5.359552e-02 5.529957e-02 5.658660e-04 9.980523e-05 9.023901e-05 7.572118e-05 3.935676e+00 
250 14400 4.945002e-05 1.455538e-04 2.101995e-07 1.573106e+00 8.066051e-02 8.923493e-02 4.925064e-04 1.758250e+00 8.110578e-02 8.994045e-02 8.134864e-04 1.864458e-02 1.276968e-04 1.183952e-04 3.692720e+00 
250 19600 4.802980e-05 3.117102e-04 2.004206e-07 1.965445e+00 1.260434e-01 1.386398e-01 1.203942e-02 1.564851e+00 1.082863e-01 1.108783e-01 1.099772e-03 1.695790e-02 1.555826e-04 1.456698e-04 4.044930e+00 
250 25600 4.801378e-05 2.642712e-04 1.823995e-07 1.569614e+00 1.419583e-01 1.478603e-01 1.177314e-02 1.729511e+00 1.431506e-01 1.531501e-01 1.448169e-03 1.437733e-02 1.536136e-04 1.538740e-04 3.913493e+00 
250 32400 4.361318e-05 3.478982e-04 2.163928e-07 1.807135e+00 1.766661e-01 1.895013e-01 5.459704e-04 1.632853e+00 1.840500e-01 1.901885e-01 2.202245e-03 2.362085e-02 2.244086e-03 1.604280e-04 4.209598e+00 
250 40000 4.741699e-05 4.473208e-04 2.845656e-07 1.678229e+00 2.230509e-01 2.323218e-01 1.068702e-02 1.458177e+00 2.231041e-01 2.302487e-01 2.242224e-03 1.618780e-04 1.351002e-04 1.349498e-04 4.059028e+00 
250 48400 4.703840e-05 6.110980e-04 3.805850e-07 1.402324e+00 2.728101e-01 2.820475e-01 9.002306e-04 1.540567e+00 2.735957e-01 2.735922e-01 2.829530e-03 5.645553e-03 2.124658e-04 1.816116e-04 4.055400e+00 
250 57600 4.713661e-05 8.072776e-04 3.586058e-07 1.510441e+00 3.302037e-01 3.477494e-01 1.059313e-03 1.606580e+00 3.168572e-01 3.290964e-01 3.349788e-03 1.863598e-04 1.619314e-04 1.606094e-04 4.446735e+00 
250 67600 4.861644e-05 1.000435e-03 2.264045e-07 1.567512e+00 3.764828e-01 3.862549e-01 1.195939e-03 1.616209e+00 3.856961e-01 3.849669e-01 4.165257e-03 2.110126e-04 1.865222e-04 1.862516e-04 4.724160e+00 
250 78400 4.767743e-05 1.150321e-03 4.846137e-07 1.556405e+00 4.933527e-01 4.719264e-01 1.733633e-03 1.610201e+00 4.965491e-01 4.414488e-01 4.625220e-03 2.754720e-04 2.123136e-04 2.146310e-04 5.078179e+00 
250 90000 4.676580e-05 1.270290e-03 2.483837e-07 1.709417e+00 4.924577e-01 5.171482e-01 1.590020e-03 1.628567e+00 5.072690e-01 5.122036e-01 5.409633e-03 1.826166e-02 2.696174e-04 2.678326e-04 5.394217e+00 
300 400 5.756421e-05 5.688379e-06 2.103858e-07 2.454175e+00 3.515674e-03 3.502346e-03 3.159940e-05 2.393540e+00 3.542120e-03 3.502905e-03 2.402179e-05 5.049161e-05 4.149401e-05 4.297420e-05 4.862050e+00 
300 1600 5.206601e-05 1.636040e-05 1.864042e-07 2.460266e+00 1.134600e-02 1.146155e-02 5.202359e-05 2.472725e+00 1.130401e-02 1.146172e-02 9.330763e-05 5.636220e-05 5.634418e-05 5.867779e-05 4.978971e+00 
300 3600 5.202778e-05 3.810101e-05 1.984183e-07 2.438144e+00 2.327873e-02 2.366509e-02 1.002780e-04 2.460362e+00 2.349068e-02 2.397219e-02 2.039250e-04 8.369102e-05 8.531162e-05 7.881401e-05 4.993584e+00 
300 6400 5.612196e-05 6.772722e-05 1.882203e-07 2.578848e+00 4.231082e-02 4.499798e-02 1.351280e-04 2.420893e+00 4.256129e-02 4.426025e-02 3.591812e-04 9.158100e-05 8.690604e-05 8.949200e-05 5.174786e+00 
300 10000 5.739578e-05 9.817677e-05 2.764165e-07 2.284820e+00 6.603709e-02 7.155722e-02 1.995444e-04 2.353185e+00 6.944011e-02 1.058689e-01 5.656494e-04 3.279293e-03 9.883777e-05 9.642220e-05 4.955329e+00 
300 14400 5.390262e-05 1.420864e-04 2.181623e-07 2.354660e+00 9.829083e-02 1.012117e-01 1.175160e-02 2.497711e+00 9.675786e-02 1.033765e-01 8.091334e-04 1.180064e-04 1.134696e-04 1.033384e-04 5.265134e+00 
300 19600 5.605184e-05 2.002514e-04 2.644025e-07 2.549633e+00 1.307012e-01 1.459842e-01 3.947420e-04 2.404594e+00 1.315648e-01 1.393549e-01 1.099537e-03 1.216158e-04 1.059482e-04 1.052354e-04 5.503950e+00 
300 25600 5.824100e-05 2.634196e-04 1.181848e-07 2.531563e+00 1.871740e-01 1.966902e-01 5.334312e-04 2.383520e+00 1.714693e-01 1.806148e-01 1.441542e-03 1.598008e-04 1.346532e-04 1.264330e-04 5.653783e+00 
300 32400 5.700300e-05 3.366812e-04 2.023764e-07 2.296338e+00 2.462460e-01 2.313273e-01 6.610960e-04 2.337997e+00 2.636364e-01 2.315493e-01 1.941672e-03 1.603538e-04 1.381426e-04 1.318032e-04 5.610567e+00 
300 40000 5.569519e-05 4.594090e-04 2.021901e-07 1.954077e+00 2.694330e-01 2.835285e-01 6.896232e-04 1.939434e+00 2.720775e-01 2.757986e-01 2.313944e-03 2.329108e-02 2.416478e-02 2.368109e-02 5.069049e+00 
300 48400 5.779043e-05 6.072260e-04 3.925990e-07 2.104396e+00 3.235628e-01 3.304354e-01 8.514472e-04 1.912694e+00 3.260397e-01 3.412076e-01 2.857653e-03 1.703168e-04 1.483558e-04 1.465512e-04 5.343210e+00 
300 57600 5.511041e-05 7.540696e-04 3.003981e-07 2.015366e+00 4.286509e-01 4.101533e-01 1.061840e-03 2.173774e+00 3.910483e-01 3.868459e-01 3.375065e-03 1.833842e-04 1.677688e-04 1.598670e-04 5.811632e+00 
300 67600 5.680099e-05 9.923252e-04 3.443565e-07 2.166347e+00 4.624920e-01 4.627736e-01 2.707433e-03 2.320319e+00 4.437100e-01 4.581345e-01 4.084724e-03 2.042572e-04 1.849924e-04 1.834722e-04 6.322238e+00 
300 78400 5.512242e-05 1.090454e-03 2.281740e-07 2.020749e+00 5.377383e-01 5.307362e-01 1.271080e-02 2.277161e+00 5.264162e-01 5.333186e-01 4.960785e-03 2.444009e-02 1.475353e-02 2.408600e-04 6.484423e+00 
300 90000 5.624401e-05 1.354843e-03 3.244262e-07 2.274025e+00 6.093852e-01 6.149103e-01 1.716823e-03 2.404733e+00 6.092758e-01 6.130676e-01 5.612240e-03 3.548506e-04 2.297918e-04 2.383424e-04 7.135012e+00 
350 400 6.516157e-05 5.760603e-06 1.944136e-07 2.885087e+00 4.149759e-03 4.110042e-03 3.286120e-05 3.076617e+00 4.086340e-03 4.036728e-03 2.519358e-05 5.208780e-05 4.465659e-05 4.518959e-05 5.978378e+00 
350 1600 6.446042e-05 1.707543e-05 2.182089e-07 2.986067e+00 1.306489e-02 1.319154e-02 5.377443e-05 3.040623e+00 1.299958e-02 1.320321e-02 9.234399e-05 6.002178e-05 5.560517e-05 5.709720e-05 6.079580e+00 
350 3600 6.630118e-05 3.609401e-05 2.003741e-07 2.806233e+00 2.746988e-02 2.787065e-02 8.185636e-05 3.128723e+00 2.835494e-02 2.862661e-02 2.038088e-04 9.428696e-05 9.956481e-05 9.175520e-05 6.047980e+00 
350 6400 6.429600e-05 6.498517e-05 1.922250e-07 3.577369e+00 4.951639e-02 6.064475e-02 3.796927e-03 3.659405e+00 4.929633e-02 6.044589e-02 3.628146e-04 3.853210e-03 8.417182e-05 8.703819e-05 7.465022e+00 
350 10000 6.441642e-05 9.974297e-05 2.223998e-07 3.467878e+00 8.004759e-02 8.692665e-02 1.172049e-02 3.520873e+00 8.077744e-02 8.822156e-02 5.711862e-04 1.913721e-02 1.097982e-04 1.043000e-04 7.356564e+00 
350 14400 6.444240e-05 1.474746e-04 2.004206e-07 3.428661e+00 1.139500e-01 1.293050e-01 2.579198e-04 3.591451e+00 1.136078e-01 1.170353e-01 8.130978e-04 1.903919e-02 9.418079e-05 1.041096e-04 7.514560e+00 
350 19600 6.397981e-05 1.945468e-04 1.783948e-07 3.270432e+00 1.541419e-01 1.707162e-01 1.182680e-02 3.096648e+00 1.536311e-01 1.560391e-01 1.102122e-03 1.198172e-04 1.147876e-04 1.030420e-04 7.015174e+00 
350 25600 6.518140e-05 2.572646e-04 1.641922e-07 3.353045e+00 2.249904e-01 2.267288e-01 4.480298e-04 3.469210e+00 2.277817e-01 2.252914e-01 1.516452e-03 1.658820e-04 1.428536e-04 1.369808e-04 7.729813e+00 
350 32400 6.414200e-05 3.419792e-04 2.004206e-07 3.682073e+00 2.562381e-01 2.742343e-01 5.820504e-04 3.427186e+00 2.573891e-01 2.939874e-01 2.075980e-03 1.619822e-04 1.406182e-04 1.338542e-04 8.194661e+00 
350 40000 6.399760e-05 4.665958e-04 1.884066e-07 3.271543e+00 3.162140e-01 3.225188e-01 7.488998e-04 3.206998e+00 3.154864e-01 3.197936e-01 2.377034e-03 1.583286e-04 1.543930e-04 1.323618e-04 7.756699e+00 
350 48400 6.473879e-05 6.019380e-04 3.585592e-07 3.087719e+00 3.802922e-01 3.882702e-01 8.305240e-04 3.143111e+00 3.790837e-01 3.891440e-01 2.905965e-03 1.736636e-04 1.547796e-04 1.507434e-04 7.772539e+00 
350 57600 6.345501e-05 7.791310e-04 2.443790e-07 3.339143e+00 4.478830e-01 4.536944e-01 1.067238e-03 3.446724e+00 4.561865e-01 4.594984e-01 3.483148e-03 1.862364e-04 1.656496e-04 1.621324e-04 8.609079e+00 
350 67600 6.457260e-05 1.000584e-03 3.365800e-07 3.560543e+00 5.306183e-01 5.375340e-01 1.271771e-02 3.420815e+00 5.342624e-01 5.541259e-01 4.076181e-03 2.072920e-02 2.338376e-04 2.326218e-04 9.177010e+00 
350 78400 6.550178e-05 1.083426e-03 2.883840e-07 3.531993e+00 6.117749e-01 6.106385e-01 1.350361e-03 3.278521e+00 6.112636e-01 6.087216e-01 4.664519e-03 2.552456e-04 2.210346e-04 2.090708e-04 9.260805e+00 
350 90000 6.369720e-05 1.371030e-03 2.844259e-07 3.567090e+00 7.158448e-01 7.183123e-01 1.721242e-03 3.350861e+00 7.009662e-01 7.259154e-01 5.519442e-03 1.317801e-02 2.735912e-04 2.616552e-04 9.801448e+00 
400 400 7.401463e-05 5.852804e-06 2.142042e-07 4.350856e+00 4.703862e-03 4.625377e-03 3.285920e-05 4.367965e+00 4.750594e-03 4.700403e-03 2.375538e-05 4.984639e-05 4.824619e-05 4.321882e-05 8.737902e+00 
400 1600 7.263664e-05 1.684520e-05 1.863576e-07 4.509434e+00 1.506507e-02 1.517961e-02 5.111839e-05 4.144944e+00 1.500956e-02 1.516091e-02 9.011081e-05 5.936259e-05 6.093322e-05 5.531460e-05 8.715230e+00 
400 3600 7.444541e-05 3.608796e-05 1.941808e-07 4.184588e+00 3.146030e-02 3.178899e-02 8.384744e-05 4.279279e+00 3.149720e-02 3.188606e-02 2.029496e-04 7.257443e-05 7.468159e-05 7.213778e-05 8.591139e+00 
400 6400 7.044738e-05 6.415402e-05 2.063811e-07 4.267025e+00 5.597432e-02 5.725089e-02 1.515766e-04 4.004290e+00 5.666851e-02 6.562521e-02 3.631250e-04 4.223406e-03 8.662557e-05 8.628299e-05 8.511904e+00 
400 10000 7.281080e-05 9.939657e-05 1.841690e-07 4.167899e+00 9.338156e-02 1.159976e-01 1.072809e-02 4.057053e+00 9.290535e-02 1.340593e-01 5.799012e-04 1.079996e-04 1.056560e-04 1.038292e-04 8.673132e+00 
400 14400 7.274877e-05 1.451470e-04 1.261942e-07 4.398809e+00 1.281913e-01 1.398181e-01 2.656594e-04 4.633239e+00 1.311586e-01 1.384398e-01 8.307784e-04 1.755046e-02 1.317830e-04 1.219122e-04 9.588807e+00 
400 19600 7.266863e-05 1.944006e-04 1.861714e-07 4.357810e+00 1.761939e-01 1.780494e-01 3.445052e-04 4.622514e+00 1.778646e-01 1.838448e-01 1.106601e-03 1.414319e-02 1.283500e-04 1.299744e-04 9.712433e+00 
400 25600 7.294901e-05 2.586968e-04 1.221895e-07 4.617024e+00 2.307855e-01 2.545762e-01 1.086138e-02 4.427277e+00 2.294980e-01 2.357355e-01 1.433972e-03 1.627012e-04 1.347134e-04 1.351440e-04 1.000799e+01 
400 32400 7.479177e-05 3.473514e-04 1.763925e-07 4.212765e+00 3.241114e-01 2.943443e-01 5.758872e-04 3.967596e+00 3.192626e-01 3.040339e-01 1.947711e-03 1.505332e-04 1.284322e-04 1.277110e-04 9.425509e+00 
400 40000 7.361802e-05 4.473810e-04 1.803972e-07 4.338708e+00 3.596664e-01 3.687235e-01 6.947050e-04 4.137567e+00 3.732476e-01 3.747610e-01 2.473554e-03 1.611350e-04 1.464310e-04 1.338302e-04 9.956859e+00 
400 48400 7.312139e-05 5.918894e-04 1.301989e-07 3.894398e+00 4.866442e-01 4.442485e-01 8.523850e-04 4.177739e+00 4.912730e-01 4.526110e-01 3.029616e-03 1.817618e-04 1.596386e-04 1.539744e-04 9.952000e+00 
400 57600 7.199980e-05 7.921564e-04 3.465917e-07 4.341635e+00 5.152008e-01 5.335619e-01 1.087698e-03 4.507903e+00 5.205097e-01 5.172577e-01 3.432895e-03 1.870036e-04 1.611170e-04 1.603238e-04 1.094201e+01 
400 67600 7.440918e-05 9.172938e-04 4.366040e-07 4.967371e+00 6.092853e-01 6.110003e-01 1.169084e-03 4.711636e+00 5.957217e-01 6.259156e-01 4.079687e-03 5.344647e-03 1.946190e-04 1.949976e-04 1.213296e+01 
400 78400 7.211003e-05 1.077700e-03 2.943911e-07 4.631406e+00 7.069861e-01 7.150801e-01 1.431040e-03 4.796335e+00 7.049975e-01 7.015468e-01 4.747708e-03 2.811806e-04 2.264988e-04 2.221102e-04 1.226445e+01 
400 90000 7.327762e-05 1.297448e-03 2.784189e-07 4.659280e+00 8.137596e-01 8.139239e-01 1.307813e-02 4.324856e+00 8.133392e-01 8.179748e-01 5.884139e-03 3.369518e-04 2.206958e-04 2.433478e-04 1.226433e+01 
450 400 8.178637e-05 6.589992e-06 1.823995e-07 6.041695e+00 5.321830e-03 5.289257e-03 3.161938e-05 5.813811e+00 5.076279e-03 4.919725e-03 2.385159e-05 4.158420e-05 3.971537e-05 3.921664e-05 1.187640e+01 
450 1600 8.164220e-05 1.742397e-05 1.963694e-07 5.151727e+00 1.713461e-02 1.728937e-02 5.926462e-05 4.830452e+00 1.701856e-02 1.718838e-02 9.011677e-05 7.735160e-05 7.488984e-05 7.116259e-05 1.005131e+01 
450 3600 8.072881e-05 3.820923e-05 1.881737e-07 5.502318e+00 3.541921e-02 3.589864e-02 8.674981e-05 5.153793e+00 3.529001e-02 3.585909e-02 2.023466e-04 7.592957e-05 7.451740e-05 7.178942e-05 1.079924e+01 
450 6400 8.090497e-05 6.624903e-05 2.081972e-07 5.000060e+00 6.547647e-02 6.795445e-02 1.178252e-02 5.808303e+00 6.453742e-02 6.445219e-02 4.448752e-04 1.141666e-04 1.113484e-04 1.056080e-04 1.108351e+01 
450 10000 8.946178e-05 1.005964e-04 1.442153e-07 6.946493e+00 1.277868e-01 1.146443e-01 1.172011e-02 6.837310e+00 1.175410e-01 1.469221e-01 6.173912e-04 1.372672e-04 1.342428e-04 1.057742e-04 1.430363e+01 
450 14400 7.826900e-05 1.461486e-04 1.322012e-07 6.731340e+00 1.520810e-01 1.670551e-01 3.104542e-04 6.773112e+00 1.657004e-01 1.551819e-01 1.000901e-03 1.016003e-02 1.367604e-04 1.235668e-04 1.415644e+01 
450 19600 7.836120e-05 1.945968e-04 1.002103e-07 6.906424e+00 2.415701e-01 2.339344e-01 1.380289e-02 6.678972e+00 2.284116e-01 2.353360e-01 1.363619e-03 2.437801e-02 2.345298e-02 1.201149e-02 1.459995e+01 
450 25600 7.830700e-05 2.582502e-04 1.080334e-07 6.881212e+00 2.742125e-01 2.844268e-01 1.452527e-02 7.116520e+00 2.802870e-01 2.610771e-01 1.814035e-03 1.828894e-04 1.583628e-04 1.626712e-04 1.511493e+01 
450 32400 7.854537e-05 3.314596e-04 1.581851e-07 6.920129e+00 3.387642e-01 3.505499e-01 6.437506e-04 6.917625e+00 3.335838e-01 3.459201e-01 2.202439e-03 1.702626e-04 1.589476e-04 1.469898e-04 1.521033e+01 
450 40000 7.976517e-05 4.367752e-04 1.241919e-07 6.922887e+00 4.478593e-01 4.398120e-01 1.125549e-02 7.163762e+00 4.167964e-01 4.208984e-01 2.712618e-03 2.075586e-02 2.178216e-04 2.188952e-04 1.584771e+01 
450 48400 7.956703e-05 5.789498e-04 1.141801e-07 7.040030e+00 5.159707e-01 5.331939e-01 1.016115e-03 7.020469e+00 4.966722e-01 5.930802e-01 3.283726e-03 2.051728e-04 1.910976e-04 1.845338e-04 1.620498e+01 
450 57600 7.958901e-05 7.538010e-04 1.422130e-07 6.719723e+00 5.821640e-01 5.891432e-01 1.106310e-03 6.668998e+00 5.977078e-01 5.900166e-01 3.907300e-03 2.583964e-04 2.019760e-04 1.927380e-04 1.575428e+01 
450 67600 7.859957e-05 9.916306e-04 1.621898e-07 6.834131e+00 7.073105e-01 6.873790e-01 1.309219e-03 6.830468e+00 6.981440e-01 6.891906e-01 4.611991e-03 2.992814e-04 2.288782e-04 2.210626e-04 1.645439e+01 
450 78400 7.788837e-05 1.042074e-03 1.161825e-07 6.922952e+00 8.036065e-01 8.221086e-01 1.610622e-03 6.401492e+00 7.961884e-01 7.999603e-01 5.313522e-03 3.156482e-04 2.452628e-04 2.464544e-04 1.655519e+01 
450 90000 7.774020e-05 1.259916e-03 1.142267e-07 7.057013e+00 9.048525e-01 9.372926e-01 9.284506e-03 7.047671e+00 9.254116e-01 9.303965e-01 6.091281e-03 2.426497e-02 2.521765e-02 2.342787e-02 1.789230e+01 
500 400 8.658157e-05 5.750824e-06 7.199124e-08 7.834209e+00 6.424898e-03 5.694718e-03 3.461177e-05 7.835286e+00 6.301419e-03 6.021457e-03 2.817223e-05 5.479781e-05 4.737480e-05 4.553022e-05 1.569425e+01 
500 1600 8.831020e-05 1.648879e-05 9.019859e-08 7.947779e+00 1.958967e-02 1.895519e-02 5.984143e-05 8.310848e+00 1.923369e-02 1.925504e-02 1.104952e-04 6.859857e-05 6.831419e-05 6.337278e-05 1.633615e+01 
500 3600 8.635898e-05 3.574938e-05 1.722015e-07 8.459208e+00 4.051246e-02 4.130747e-02 1.007666e-04 8.182178e+00 3.873056e-02 3.911006e-02 2.455170e-04 7.886803e-05 7.812879e-05 7.427316e-05 1.680176e+01 
500 6400 8.872282e-05 6.618300e-05 9.397045e-08 7.744791e+00 7.217996e-02 1.154343e-01 1.172511e-02 7.975137e+00 7.688265e-02 1.400061e-01 4.384736e-04 1.119020e-02 1.238452e-04 1.149438e-04 1.614820e+01 
500 10000 8.861441e-05 9.700102e-05 1.002103e-07 8.105938e+00 1.369965e-01 1.815083e-01 1.284575e-02 8.151099e+00 1.589109e-01 1.635467e-01 6.805578e-04 2.670942e-02 2.868740e-03 1.126844e-04 1.694143e+01 
500 14400 8.659940e-05 1.457520e-04 1.002103e-07 8.716331e+00 1.632819e-01 2.339868e-01 1.340313e-02 8.610215e+00 1.636000e-01 1.856481e-01 9.835186e-04 1.230318e-04 1.133816e-04 1.103410e-04 1.808805e+01 
500 19600 8.744881e-05 1.936494e-04 1.061708e-07 8.608813e+00 2.725726e-01 2.495041e-01 1.272722e-02 8.535651e+00 2.466909e-01 2.359907e-01 1.331281e-03 1.437530e-04 1.285764e-04 1.246826e-04 1.816398e+01 
500 25600 8.741482e-05 2.588390e-04 1.002103e-07 8.714132e+00 3.169238e-01 4.339672e-01 1.299812e-02 8.169785e+00 3.103453e-01 2.935917e-01 1.814970e-03 1.738440e-04 1.540804e-04 1.565440e-04 1.825441e+01 
500 32400 8.713622e-05 3.318240e-04 1.503620e-07 8.077567e+00 3.916617e-01 3.806669e-01 8.078298e-04 8.115501e+00 4.254998e-01 3.768715e-01 2.195495e-03 1.741886e-04 1.553764e-04 1.517308e-04 1.777170e+01 
500 40000 8.608480e-05 4.397596e-04 1.421664e-07 7.864038e+00 4.966866e-01 4.860600e-01 1.130031e-02 7.405212e+00 4.782186e-01 4.613935e-01 2.245357e-03 1.863026e-04 1.539282e-04 1.549858e-04 1.720630e+01 
500 48400 9.134859e-05 6.034462e-04 4.065689e-07 6.802950e+00 5.607652e-01 5.485159e-01 8.460192e-04 6.764830e+00 5.812907e-01 5.512406e-01 2.872030e-03 1.977018e-04 1.528606e-04 1.467134e-04 1.581454e+01 
500 57600 1.003560e-04 7.863778e-04 2.364162e-07 6.542045e+00 7.128160e-01 6.452616e-01 1.041101e-03 6.338165e+00 7.169806e-01 6.545690e-01 3.482667e-03 1.951998e-04 1.733852e-04 1.667954e-04 1.561582e+01 
500 67600 8.916520e-05 9.842616e-04 2.343673e-07 6.903720e+00 7.707781e-01 7.856879e-01 1.201403e-02 6.775326e+00 7.633709e-01 7.706574e-01 4.208577e-03 2.124096e-04 1.836968e-04 1.808444e-04 1.678745e+01 
500 78400 8.879881e-05 1.167780e-03 3.064051e-07 7.382696e+00 8.647675e-01 8.846932e-01 1.383717e-03 7.433919e+00 8.977625e-01 9.083330e-01 5.151897e-03 2.741900e-04 2.287060e-04 2.239710e-04 1.838074e+01 
500 90000 8.858461e-05 1.318151e-03 3.125984e-07 7.335533e+00 1.033466e+00 1.040310e+00 1.738365e-03 7.358849e+00 1.043516e+00 1.030718e+00 5.635216e-03 3.246994e-04 2.199028e-04 2.176954e-04 1.885199e+01 
550 400 9.954683e-05 6.143190e-06 2.324115e-07 8.664496e+00 6.405909e-03 6.311625e-03 2.969019e-05 9.165235e+00 6.753410e-03 6.591458e-03 2.336702e-05 6.606877e-05 5.632020e-05 5.640020e-05 1.785616e+01 
550 1600 9.861337e-05 1.749620e-05 1.984183e-07 8.626515e+00 2.074105e-02 2.076107e-02 6.812201e-05 8.610847e+00 2.020975e-02 2.012839e-02 9.424882e-05 6.021201e-05 6.107744e-05 6.211097e-05 1.731969e+01 
550 3600 9.748181e-05 3.611399e-05 9.797513e-08 8.590894e+00 4.256031e-02 4.294702e-02 8.453038e-05 8.469307e+00 4.261352e-02 4.530583e-02 2.047160e-04 6.518159e-05 6.510941e-05 6.280579e-05 1.723427e+01 
550 6400 9.792442e-05 6.682179e-05 1.904089e-07 8.336257e+00 7.807945e-02 8.848938e-02 1.392502e-04 8.055102e+00 7.828624e-02 7.868438e-02 3.598660e-04 1.155548e-04 1.182428e-04 9.446722e-05 1.671592e+01 
550 10000 9.768419e-05 1.011554e-04 2.023764e-07 8.536859e+00 1.336087e-01 1.355840e-01 1.916690e-04 8.271289e+00 1.390348e-01 1.287671e-01 5.678806e-04 1.065976e-04 1.002942e-04 9.176941e-05 1.734643e+01 
550 14400 9.947298e-05 1.461670e-04 2.021901e-07 8.025792e+00 1.849270e-01 1.819112e-01 2.619096e-04 8.561886e+00 2.054187e-01 1.888114e-01 8.523946e-04 1.869550e-02 1.174796e-04 1.142148e-04 1.736907e+01 
550 19600 9.779437e-05 1.948294e-04 1.701992e-07 8.601389e+00 2.575547e-01 2.425478e-01 3.520704e-04 8.365470e+00 2.686509e-01 2.548421e-01 1.177927e-03 1.355066e-04 1.157450e-04 1.135278e-04 1.799268e+01 
550 25600 9.838920e-05 2.624626e-04 1.602340e-07 8.851022e+00 3.390200e-01 3.268256e-01 4.638000e-04 8.289005e+00 3.495278e-01 3.278966e-01 1.535483e-03 2.341320e-02 2.577843e-02 2.275686e-02 1.855765e+01 
550 32400 9.737960e-05 3.406218e-04 1.983717e-07 8.114376e+00 4.946274e-01 4.971505e-01 6.357908e-04 8.549517e+00 4.153935e-01 4.033476e-01 1.902521e-03 1.527384e-04 1.410450e-04 1.372914e-04 1.847786e+01 
550 40000 9.884182e-05 4.511648e-04 2.483837e-07 8.133255e+00 4.941179e-01 5.008494e-01 7.211144e-04 7.868677e+00 5.123882e-01 5.046664e-01 2.383500e-03 1.663450e-04 1.607566e-04 1.533356e-04 1.801812e+01 
550 48400 9.907437e-05 6.017504e-04 2.164394e-07 8.209350e+00 5.924397e-01 6.005408e-01 9.535464e-04 8.687809e+00 6.291009e-01 5.897730e-01 2.873788e-03 1.731770e-04 1.523898e-04 1.483860e-04 1.931406e+01 
550 57600 9.847539e-05 7.427728e-04 2.223998e-07 9.068141e+00 6.985478e-01 7.091262e-01 9.986936e-04 8.726945e+00 7.104907e-01 7.139311e-01 3.708814e-03 1.963696e-04 1.746552e-04 1.691572e-04 2.063331e+01 
550 67600 9.747180e-05 9.396474e-04 2.282206e-07 9.151037e+00 8.335526e-01 8.273444e-01 1.183050e-03 8.682736e+00 8.292382e-01 8.237864e-01 4.099191e-03 2.369104e-04 1.840954e-04 1.813010e-04 2.115466e+01 
550 78400 9.843521e-05 1.130074e-03 2.021901e-07 8.713107e+00 9.823521e-01 9.654126e-01 4.250993e-03 8.853008e+00 1.012909e+00 9.781530e-01 5.312327e-03 2.868330e-04 2.312818e-04 2.235764e-04 2.151658e+01 
550 90000 9.644423e-05 1.266763e-03 2.304092e-07 8.866327e+00 1.101712e+00 1.108276e+00 1.265631e-02 9.522062e+00 1.079483e+00 1.133055e+00 5.877008e-03 2.993416e-04 2.235764e-04 2.283374e-04 2.283173e+01 
600 400 1.060166e-04 6.277394e-06 1.822133e-07 1.036963e+01 6.951723e-03 6.927679e-03 3.327779e-05 9.801145e+00 6.810995e-03 6.783852e-03 2.416400e-05 5.103219e-05 4.487298e-05 4.475899e-05 2.019858e+01 
600 1600 1.056020e-04 1.768838e-05 1.823995e-07 9.793199e+00 2.242777e-02 2.232500e-02 4.665758e-05 9.914863e+00 2.212414e-02 2.204839e-02 9.027100e-05 5.198182e-05 5.018697e-05 4.819422e-05 1.979743e+01 
600 3600 1.076150e-04 3.644060e-05 1.904089e-07 1.034784e+01 4.703486e-02 4.875842e-02 8.865660e-05 1.078730e+01 4.679568e-02 4.983615e-02 2.041014e-04 9.886981e-05 9.627403e-05 9.534657e-05 2.132832e+01 
600 6400 1.079594e-04 6.491900e-05 2.364162e-07 1.057305e+01 1.090538e-01 1.034094e-01 3.447562e-03 1.013710e+01 9.494922e-02 1.065634e-01 3.653764e-04 9.004883e-05 9.016078e-05 8.623498e-05 2.112842e+01 
600 10000 1.078574e-04 9.844936e-05 2.024230e-07 1.056159e+01 1.404361e-01 1.372883e-01 1.892330e-04 1.043557e+01 1.701169e-01 1.365043e-01 5.721338e-04 9.960700e-05 1.167386e-04 8.201660e-05 2.158280e+01 
600 14400 1.050870e-04 1.449568e-04 2.101995e-07 1.012595e+01 2.187045e-01 2.187057e-01 1.188976e-02 1.039227e+01 2.020705e-01 2.194488e-01 8.186584e-04 1.047708e-04 1.030122e-04 9.430498e-05 2.139045e+01 
600 19600 1.074568e-04 1.965018e-04 2.021901e-07 1.053549e+01 2.805779e-01 2.712373e-01 1.231176e-02 1.036253e+01 2.647678e-01 2.721618e-01 1.112828e-03 2.113643e-02 1.225772e-04 1.289748e-04 2.202192e+01 
600 25600 1.073524e-04 2.689200e-04 1.961831e-07 1.111186e+01 3.528892e-01 3.473819e-01 4.758476e-04 1.134788e+01 3.692091e-01 3.480908e-01 1.500857e-03 1.766000e-04 1.390558e-04 1.405984e-04 2.388016e+01 
600 32400 1.062090e-04 3.468248e-04 1.322012e-07 1.091558e+01 4.443812e-01 4.369574e-01 5.730170e-04 1.072183e+01 4.583769e-01 4.382799e-01 1.924070e-03 1.484982e-04 1.376358e-04 1.345032e-04 2.341881e+01 
600 40000 1.070020e-04 4.512270e-04 2.223998e-07 1.054487e+01 5.454457e-01 5.646382e-01 7.344624e-04 1.028725e+01 5.476075e-01 5.378080e-01 2.396238e-03 2.416027e-02 1.168628e-02 1.765562e-04 2.306738e+01 
600 48400 1.063750e-04 5.999214e-04 2.304092e-07 1.094961e+01 7.194854e-01 6.608480e-01 2.591480e-03 1.118166e+01 7.314056e-01 6.567787e-01 2.913059e-03 1.751900e-04 1.491892e-04 1.520152e-04 2.490651e+01 
600 57600 1.078894e-04 8.017292e-04 3.024004e-07 1.141775e+01 7.816189e-01 7.740655e-01 1.051108e-03 9.743083e+00 7.663714e-01 7.935183e-01 3.817289e-03 1.904808e-04 1.732290e-04 1.720554e-04 2.428277e+01 
600 67600 1.074426e-04 9.253800e-04 2.924353e-07 1.045743e+01 9.254826e-01 9.156005e-01 1.199238e-03 1.100649e+01 9.217572e-01 9.341018e-01 4.223164e-03 1.773027e-02 2.329484e-04 2.309936e-04 2.518556e+01 
600 78400 1.058582e-04 1.111140e-03 2.403744e-07 1.050367e+01 1.061199e+00 1.171485e+00 1.438165e-03 1.028450e+01 1.060503e+00 1.181334e+00 5.073947e-03 3.145324e-04 2.117268e-04 2.091688e-04 2.527119e+01 
600 90000 1.053776e-04 1.261290e-03 2.703629e-07 1.156322e+01 1.196063e+00 1.218314e+00 1.615011e-03 1.079819e+01 1.223666e+00 1.233049e+00 5.897176e-03 2.699884e-02 2.673144e-02 2.786026e-04 2.729545e+01 
650 400 1.156090e-04 6.313436e-06 2.101995e-07 1.152347e+01 8.754335e-03 8.717776e-03 4.166444e-05 1.160787e+01 8.670037e-03 8.071119e-03 2.562241e-05 5.376856e-05 5.170340e-05 5.281703e-05 2.316592e+01 
650 1600 1.159434e-04 1.739999e-05 1.862179e-07 1.191378e+01 2.799149e-02 2.679459e-02 5.820100e-05 1.200297e+01 2.501848e-02 2.450036e-02 9.243223e-05 6.569820e-05 6.348900e-05 6.236141e-05 2.402156e+01 
650 3600 1.148016e-04 3.848760e-05 1.924112e-07 1.227753e+01 5.514459e-02 5.503735e-02 8.706218e-05 1.316279e+01 5.488914e-02 5.561535e-02 2.077308e-04 2.067289e-02 7.544500e-05 7.141083e-05 2.568231e+01 
650 6400 1.156972e-04 6.452040e-05 1.983717e-07 1.216118e+01 1.099672e-01 1.271711e-01 1.548116e-04 1.165458e+01 1.198939e-01 1.064867e-01 3.646554e-04 5.095978e-03 8.827001e-05 8.776742e-05 2.428528e+01 
650 10000 1.139646e-04 9.994740e-05 2.244022e-07 1.127939e+01 1.639213e-01 1.610824e-01 2.011848e-04 1.181311e+01 1.599999e-01 1.567870e-01 5.755288e-04 1.113444e-04 1.017482e-04 1.013096e-04 2.373563e+01 
650 14400 1.191002e-04 1.452632e-04 2.001878e-07 1.159797e+01 2.303416e-01 2.354656e-01 2.639788e-04 1.209857e+01 2.202760e-01 2.303364e-01 8.140154e-04 1.059406e-04 9.858543e-05 9.536278e-05 2.461464e+01 
650 19600 1.140906e-04 1.969886e-04 2.223998e-07 1.224998e+01 2.913146e-01 2.888332e-01 3.507186e-04 1.203416e+01 3.029965e-01 2.906471e-01 1.146068e-03 2.184420e-02 2.471501e-03 1.299584e-04 2.548423e+01 
650 25600 1.167928e-04 2.634980e-04 2.063811e-07 1.140752e+01 3.749288e-01 3.816772e-01 1.125967e-02 1.161831e+01 4.087029e-01 3.866317e-01 1.543312e-03 1.638832e-04 1.413614e-04 1.403720e-04 2.459144e+01 
650 32400 1.161658e-04 3.411164e-04 2.163928e-07 1.274216e+01 4.988885e-01 4.790097e-01 1.159615e-02 1.297522e+01 4.839156e-01 4.953680e-01 1.989341e-03 1.573592e-04 1.399752e-04 1.340406e-04 2.768908e+01 
650 40000 1.160576e-04 4.514374e-04 3.184192e-07 1.264934e+01 6.000158e-01 5.906178e-01 7.094494e-04 1.223755e+01 6.007357e-01 5.862645e-01 2.386873e-03 1.694594e-04 1.483360e-04 1.443980e-04 2.726869e+01 
650 48400 1.148898e-04 6.085744e-04 2.804212e-07 1.292141e+01 6.966122e-01 7.176907e-01 8.975748e-04 1.386428e+01 6.960166e-01 7.142444e-01 3.154227e-03 1.713022e-04 1.540144e-04 1.482778e-04 2.961554e+01 
650 57600 1.160656e-04 7.874180e-04 1.862179e-07 1.369395e+01 8.324961e-01 9.381025e-01 1.364434e-02 1.295764e+01 8.562913e-01 9.363292e-01 3.698820e-03 2.374470e-04 1.658500e-04 1.571592e-04 3.023365e+01 
650 67600 1.138884e-04 9.617808e-04 3.003981e-07 1.189015e+01 9.782787e-01 9.857932e-01 1.250917e-03 1.258528e+01 9.893165e-01 9.784120e-01 4.134897e-03 2.558208e-04 1.940242e-04 1.955084e-04 2.841437e+01 
650 78400 1.143932e-04 1.116887e-03 2.061948e-07 1.352671e+01 1.136124e+00 1.146656e+00 1.567629e-03 1.272820e+01 1.141098e+00 1.139834e+00 5.027271e-03 2.744344e-04 2.160052e-04 2.129564e-04 3.082721e+01 
650 90000 1.148638e-04 1.298060e-03 3.186055e-07 1.254731e+01 1.309488e+00 1.333697e+00 1.644429e-03 1.226108e+01 1.309631e+00 1.329257e+00 5.548846e-03 3.548006e-04 2.213230e-04 2.207662e-04 3.009993e+01 
700 400 1.234006e-04 5.989010e-06 1.901761e-07 1.515644e+01 1.088556e-02 1.011772e-02 4.238342e-05 1.545367e+01 9.316209e-03 9.292644e-03 2.553822e-05 6.118361e-05 6.087320e-05 5.638436e-05 3.065012e+01 
700 1600 1.248808e-04 1.727180e-05 2.044253e-07 1.507823e+01 2.619750e-02 2.601434e-02 5.461760e-05 1.532379e+01 3.053088e-02 2.815994e-02 9.491597e-05 7.496821e-05 7.755198e-05 8.021798e-05 3.051347e+01 
700 3600 1.238632e-04 3.621019e-05 2.122018e-07 1.607702e+01 5.660944e-02 6.683889e-02 9.197961e-05 1.561956e+01 5.987018e-02 5.823417e-02 2.028956e-04 8.252342e-05 7.789060e-05 7.762820e-05 3.193886e+01 
700 6400 1.224472e-04 6.778939e-05 2.101995e-07 1.571987e+01 1.156821e-01 1.078856e-01 5.385023e-03 1.631248e+01 1.144956e-01 1.178776e-01 3.773886e-04 9.234822e-05 8.956599e-05 9.163301e-05 3.249455e+01 
700 10000 1.245924e-04 9.805057e-05 2.003741e-07 1.665568e+01 1.778964e-01 1.748732e-01 2.062366e-04 1.532260e+01 1.547223e-01 1.828692e-01 5.652514e-04 2.236943e-02 9.343333e-03 1.188878e-04 3.270151e+01 
700 14400 1.238012e-04 1.454014e-04 1.422130e-07 1.452097e+01 2.298341e-01 2.406147e-01 2.806898e-04 1.524133e+01 2.221028e-01 2.361091e-01 8.172584e-04 1.091570e-02 1.418722e-04 1.237852e-04 3.070361e+01 
700 19600 1.243580e-04 1.988236e-04 3.064051e-07 1.614842e+01 3.128783e-01 3.090788e-01 3.601206e-04 1.566422e+01 3.096761e-01 3.194649e-01 1.156582e-03 1.555040e-02 1.152342e-04 1.195066e-04 3.308141e+01 
700 25600 1.226314e-04 2.628230e-04 1.362059e-07 1.586019e+01 4.302586e-01 5.349109e-01 1.558672e-02 1.604155e+01 4.188804e-01 3.989166e-01 1.519916e-03 1.616740e-04 1.378322e-04 1.429098e-04 3.370267e+01 
700 32400 1.224090e-04 3.546264e-04 2.943911e-07 1.471266e+01 5.170485e-01 5.113178e-01 1.250198e-02 1.552767e+01 5.150492e-01 5.061698e-01 1.922215e-03 1.568686e-04 1.392064e-04 1.340586e-04 3.230530e+01 
700 40000 1.236110e-04 4.540672e-04 2.123881e-07 1.461972e+01 7.219600e-01 7.268008e-01 7.490704e-04 1.550936e+01 7.258448e-01 7.293280e-01 2.585285e-03 1.693352e-04 1.493234e-04 1.484922e-04 3.303743e+01 
700 48400 1.219104e-04 6.001338e-04 2.383720e-07 1.572642e+01 7.769009e-01 7.814106e-01 8.755538e-04 1.448174e+01 7.721453e-01 7.834843e-01 3.092654e-03 1.826412e-04 1.660444e-04 1.551020e-04 3.332734e+01 
700 57600 1.234646e-04 7.784084e-04 2.183951e-07 1.551847e+01 8.929795e-01 9.093269e-01 1.094139e-03 1.584932e+01 9.037710e-01 9.273094e-01 3.630976e-03 2.406900e-04 1.786830e-04 1.582626e-04 3.500743e+01 
700 67600 1.220404e-04 9.298148e-04 2.904329e-07 1.525154e+01 1.177060e+00 1.193910e+00 1.374324e-03 1.491455e+01 1.170468e+00 1.169080e+00 4.549228e-03 1.548937e-02 2.316624e-04 2.329826e-04 3.489958e+01 
700 78400 1.222008e-04 1.115400e-03 2.664048e-07 1.459237e+01 1.243149e+00 1.239400e+00 1.530335e-03 1.516045e+01 1.226896e+00 1.232496e+00 4.927254e-03 2.949632e-04 2.037708e-04 1.995046e-04 3.470320e+01 
700 90000 1.238674e-04 1.298751e-03 2.923887e-07 1.579062e+01 1.395051e+00 1.395249e+00 1.626191e-03 1.514294e+01 1.390088e+00 1.395293e+00 5.784994e-03 3.488800e-04 2.287080e-04 2.326720e-04 3.651893e+01 
750 400 1.316930e-04 6.087031e-06 2.084300e-07 1.777699e+01 8.595111e-03 8.560599e-03 4.060282e-05 1.785278e+01 8.719264e-03 8.658558e-03 2.578860e-05 6.257361e-05 5.510040e-05 5.503618e-05 3.566471e+01 
750 1600 1.327124e-04 1.721778e-05 2.041925e-07 1.782250e+01 2.857401e-02 2.809822e-02 5.550701e-05 1.805079e+01 3.050458e-02 2.917628e-02 8.989242e-05 6.787758e-05 6.036418e-05 6.031021e-05 3.599015e+01 
750 3600 1.320176e-04 3.583557e-05 2.023764e-07 1.751603e+01 5.964164e-02 6.865928e-02 2.802126e-03 1.779762e+01 6.455689e-02 7.087531e-02 2.034384e-04 1.019546e-04 9.747380e-05 9.609158e-05 3.558089e+01 
750 6400 1.306636e-04 6.696018e-05 1.782086e-07 1.779149e+01 1.299320e-01 1.402383e-01 1.151403e-02 1.711407e+01 1.143693e-01 1.081170e-01 3.614968e-04 8.329661e-05 7.903837e-05 7.878384e-05 3.541056e+01 
750 10000 1.330832e-04 9.931861e-05 2.064276e-07 1.722337e+01 1.694544e-01 1.783909e-01 1.891830e-04 1.833396e+01 1.772221e-01 1.781825e-01 5.738664e-04 1.334186e-02 1.240256e-04 1.210710e-04 3.627520e+01 
750 14400 1.316910e-04 1.448046e-04 2.284069e-07 1.845803e+01 2.564282e-01 2.508473e-01 2.736314e-04 1.847206e+01 2.637371e-01 2.541760e-01 8.650482e-04 1.076910e-04 9.942260e-05 8.517737e-05 3.795702e+01 
750 19600 1.316230e-04 1.993542e-04 1.342036e-07 1.740228e+01 3.413223e-01 3.340625e-01 1.830699e-03 1.830364e+01 3.341125e-01 3.335652e-01 1.159300e-03 1.272084e-04 1.154648e-04 1.122218e-04 3.705269e+01 
750 25600 1.298202e-04 2.951214e-04 1.921784e-07 1.747381e+01 4.366837e-01 4.324582e-01 4.604668e-04 1.703142e+01 4.870770e-01 4.374660e-01 1.531687e-03 1.544110e-04 1.317372e-04 1.310520e-04 3.630179e+01 
750 32400 1.317592e-04 3.463020e-04 2.344139e-07 1.796514e+01 5.527526e-01 5.484092e-01 6.369214e-04 1.806209e+01 5.675550e-01 5.539131e-01 1.935978e-03 1.594284e-04 1.436930e-04 1.359672e-04 3.825339e+01 
750 40000 1.316690e-04 4.492000e-04 2.122018e-07 1.808174e+01 6.798042e-01 6.815661e-01 1.667196e-03 1.804314e+01 6.856354e-01 6.736660e-01 2.525105e-03 1.719692e-04 1.576660e-04 1.513824e-04 3.885084e+01 
750 48400 1.329428e-04 5.941728e-04 3.306195e-07 1.809812e+01 8.048444e-01 8.109062e-01 1.214406e-02 1.694082e+01 8.389197e-01 8.114021e-01 2.995137e-03 1.820964e-04 1.612512e-04 1.585672e-04 3.832143e+01 
750 57600 1.325924e-04 7.906608e-04 3.003981e-07 1.761179e+01 9.771044e-01 9.776441e-01 1.345884e-02 1.762785e+01 9.956190e-01 9.740622e-01 3.568683e-03 1.722929e-02 2.075544e-04 2.103626e-04 3.919971e+01 
750 67600 1.313344e-04 9.528454e-04 2.483837e-07 1.772362e+01 1.135464e+00 1.129386e+00 1.196974e-02 1.766278e+01 1.136847e+00 1.150782e+00 4.331528e-03 3.305644e-04 2.527140e-04 2.414210e-04 3.995713e+01 
750 78400 1.301588e-04 1.104280e-03 2.244022e-07 1.885144e+01 1.317140e+00 1.317896e+00 1.407962e-03 1.755785e+01 1.328858e+00 1.322691e+00 5.222484e-03 3.106968e-04 2.290208e-04 2.268154e-04 4.170462e+01 
750 90000 1.315146e-04 1.346410e-03 3.365800e-07 1.780300e+01 1.687945e+00 1.510666e+00 1.543232e-02 1.760309e+01 1.572801e+00 1.497756e+00 5.691792e-03 3.272736e-04 2.410906e-04 2.414892e-04 4.169872e+01 
800 400 1.410810e-04 6.013038e-06 1.062173e-07 2.053418e+01 9.058235e-03 9.009717e-03 3.160718e-05 1.874648e+01 9.474811e-03 9.422242e-03 2.593081e-05 6.671180e-05 5.884399e-05 5.813497e-05 3.931804e+01 
800 1600 1.390702e-04 1.746598e-05 2.142042e-07 2.098735e+01 2.957761e-02 2.919631e-02 5.647438e-05 2.015118e+01 2.968095e-02 2.952065e-02 9.149681e-05 6.432217e-05 6.034845e-05 6.286199e-05 4.125702e+01 
800 3600 1.409890e-04 3.663078e-05 1.823995e-07 2.046601e+01 7.754922e-02 6.881482e-02 1.171037e-02 2.091352e+01 6.425762e-02 6.449463e-02 2.057538e-04 9.683478e-05 1.001338e-04 9.302325e-05 4.166706e+01 
800 6400 1.406984e-04 6.454661e-05 2.023764e-07 2.095841e+01 1.224712e-01 1.270922e-01 1.098454e-02 1.973356e+01 1.308684e-01 1.257685e-01 3.607536e-04 9.178738e-05 8.953800e-05 8.503520e-05 4.121002e+01 
800 10000 1.387616e-04 9.897421e-05 1.301989e-07 2.080007e+01 2.003743e-01 1.941501e-01 2.038328e-04 2.083202e+01 1.862034e-01 1.918849e-01 5.618184e-04 1.108578e-04 1.054038e-04 1.013316e-04 4.240606e+01 
800 14400 1.407888e-04 1.476488e-04 2.183951e-07 2.121618e+01 2.656379e-01 2.685366e-01 8.314241e-03 2.017054e+01 2.678333e-01 2.669575e-01 8.437382e-04 8.790123e-03 1.280536e-04 1.185054e-04 4.247420e+01 
800 19600 1.410930e-04 1.935196e-04 1.903623e-07 2.033436e+01 3.764936e-01 3.638306e-01 3.710652e-04 2.068986e+01 3.560948e-01 3.642658e-01 1.157425e-03 1.160756e-04 1.117994e-04 1.060988e-04 4.248714e+01 
800 25600 1.404040e-04 2.627010e-04 2.123881e-07 2.144390e+01 4.731172e-01 4.719960e-01 5.152788e-04 2.129550e+01 4.732574e-01 4.842875e-01 1.519916e-03 1.702286e-04 1.413936e-04 1.430300e-04 4.464499e+01 
800 32400 1.415238e-04 3.437002e-04 2.343673e-07 2.034899e+01 5.975791e-01 5.875853e-01 5.922280e-04 2.017018e+01 5.997431e-01 5.979399e-01 1.957851e-03 2.431063e-02 7.198699e-03 1.650828e-04 4.293677e+01 
800 40000 1.394446e-04 4.612440e-04 2.284069e-07 2.110591e+01 7.094025e-01 7.056964e-01 7.628596e-04 2.111338e+01 7.180778e-01 7.285462e-01 2.496999e-03 2.109411e-02 1.761136e-04 1.749178e-04 4.510636e+01 
800 48400 1.392584e-04 5.990486e-04 4.165806e-07 2.116787e+01 8.749849e-01 8.631088e-01 1.081652e-02 2.085914e+01 9.195040e-01 8.670789e-01 2.967962e-03 1.803338e-04 1.593926e-04 1.576338e-04 4.556675e+01 
800 57600 1.400936e-04 7.915520e-04 4.848000e-07 2.019214e+01 1.038636e+00 1.025817e+00 1.101666e-03 2.107452e+01 1.046664e+00 1.030979e+00 3.600450e-03 2.322394e-04 1.760776e-04 1.699384e-04 4.541501e+01 
800 67600 1.395026e-04 9.306562e-04 4.486181e-07 2.114948e+01 1.191997e+00 1.218421e+00 1.376269e-03 1.929254e+01 1.207690e+00 1.216889e+00 4.286102e-03 1.046250e-02 2.207302e-04 2.243496e-04 4.529470e+01 
800 78400 1.413214e-04 1.112278e-03 4.105736e-07 2.076769e+01 1.399276e+00 1.389528e+00 1.401194e-03 2.140556e+01 1.398423e+00 1.415508e+00 5.288019e-03 3.025446e-04 2.049786e-04 2.035366e-04 4.778469e+01 
800 90000 1.406424e-04 1.278565e-03 2.602115e-07 1.948976e+01 1.601411e+00 1.607595e+00 2.464843e-03 2.095763e+01 1.609018e+00 1.637692e+00 6.092747e-03 3.361830e-04 2.368344e-04 2.326040e-04 4.691393e+01 
850 400 1.450568e-04 5.826820e-06 1.421664e-07 2.845812e+01 9.130516e-03 9.131009e-03 3.447961e-05 2.818659e+01 9.368837e-03 9.486066e-03 2.889698e-05 6.453660e-05 4.837038e-05 5.080001e-05 5.668223e+01 
850 1600 1.531852e-04 1.820740e-05 8.619390e-08 2.720924e+01 3.276506e-02 3.253534e-02 6.144401e-05 2.789208e+01 3.153193e-02 4.077040e-02 9.279279e-05 6.529463e-03 6.634719e-05 6.603259e-05 5.524593e+01 
850 3600 1.482736e-04 3.851540e-05 2.323650e-07 2.296011e+01 7.849896e-02 8.005164e-02 8.761301e-05 2.238415e+01 9.150465e-02 7.888652e-02 2.513800e-04 7.419498e-05 7.374040e-05 7.333760e-05 4.567401e+01 
850 6400 1.463328e-04 6.501921e-05 1.601875e-07 2.851556e+01 1.420481e-01 1.527732e-01 4.929220e-03 2.864639e+01 1.400068e-01 1.336607e-01 4.389580e-04 3.874973e-03 9.572902e-05 9.649820e-05 5.774011e+01 
850 10000 1.457698e-04 9.764596e-05 1.281966e-07 2.957289e+01 2.471678e-01 2.557526e-01 2.282392e-04 2.837922e+01 2.000368e-01 2.231918e-01 6.874364e-04 2.231201e-02 2.340135e-02 1.296365e-02 5.893811e+01 
850 14400 1.461366e-04 1.419484e-04 1.059845e-07 2.886938e+01 3.038691e-01 3.536739e-01 2.827171e-03 2.902635e+01 2.945564e-01 3.152678e-01 9.927268e-04 2.400770e-02 2.168152e-02 4.685330e-03 5.921760e+01 
850 19600 1.464712e-04 1.953802e-04 1.002103e-07 2.876324e+01 3.835975e-01 3.768487e-01 4.033092e-04 2.824243e+01 4.047627e-01 3.859224e-01 1.329771e-03 1.454976e-04 1.297600e-04 1.247406e-04 5.855929e+01 
850 25600 1.466072e-04 2.604174e-04 6.021000e-08 2.786723e+01 5.625787e-01 6.059146e-01 5.167064e-04 2.782106e+01 5.509923e-01 5.035482e-01 1.773675e-03 1.693854e-04 1.520334e-04 1.525562e-04 5.791451e+01 
850 32400 1.465172e-04 3.331342e-04 7.199124e-08 2.759198e+01 6.629214e-01 6.808005e-01 6.922614e-04 2.780703e+01 6.227601e-01 6.282619e-01 2.196956e-03 1.722156e-04 1.606964e-04 1.462428e-04 5.799761e+01 
850 40000 1.446242e-04 4.483282e-04 1.701992e-07 2.727155e+01 8.336952e-01 8.231803e-01 7.222878e-04 2.748303e+01 7.762649e-01 7.752538e-01 2.299847e-03 2.047442e-04 1.680594e-04 1.676148e-04 5.796718e+01 
850 48400 1.571770e-04 6.057438e-04 2.644025e-07 2.347416e+01 9.446381e-01 9.224012e-01 8.782194e-04 2.356257e+01 9.454972e-01 9.286822e-01 2.944690e-03 2.103786e-04 1.680454e-04 1.627514e-04 5.078312e+01 
850 57600 1.487986e-04 7.422120e-04 1.982320e-07 2.203427e+01 1.099572e+00 1.098134e+00 1.017610e-03 2.280113e+01 1.085780e+00 1.096053e+00 3.582989e-03 2.568382e-04 1.762576e-04 1.647906e-04 4.922109e+01 
850 67600 1.486184e-04 9.906796e-04 2.503861e-07 2.360144e+01 1.419560e+00 1.434086e+00 1.426486e-03 2.390737e+01 1.451118e+00 1.437999e+00 4.562735e-03 2.672056e-04 1.942346e-04 1.890508e-04 5.325942e+01 
850 78400 1.471360e-04 1.110728e-03 2.384186e-07 2.407312e+01 1.664320e+00 1.660343e+00 1.568270e-03 2.289092e+01 1.659669e+00 1.669672e+00 5.317980e-03 3.090784e-04 2.123256e-04 2.142986e-04 5.362696e+01 
850 90000 1.479754e-04 1.267254e-03 2.744142e-07 2.408363e+01 1.902598e+00 1.920597e+00 1.447748e-02 2.332889e+01 1.925385e+00 1.912968e+00 6.098451e-03 3.342980e-04 2.498458e-04 2.425490e-04 5.509693e+01 
900 400 1.566926e-04 6.171223e-06 1.342036e-07 2.645229e+01 1.127345e-02 1.064431e-02 3.388859e-05 2.701595e+01 1.292472e-02 1.138722e-02 2.379762e-05 5.309940e-05 4.651160e-05 4.612901e-05 5.351486e+01 
900 1600 1.555848e-04 1.669680e-05 2.104323e-07 2.649705e+01 3.742832e-02 3.806139e-02 5.889819e-05 2.654552e+01 3.681700e-02 3.463010e-02 9.439318e-05 5.840543e-05 5.765422e-05 6.006984e-05 5.319003e+01 
900 3600 1.570568e-04 3.650282e-05 2.423767e-07 2.565354e+01 7.816968e-02 8.209130e-02 9.397659e-05 2.681039e+01 8.933837e-02 8.313359e-02 2.038672e-04 7.659658e-05 7.812879e-05 7.157121e-05 5.279742e+01 
900 6400 1.565804e-04 6.543798e-05 1.943670e-07 2.653721e+01 1.326427e-01 1.422046e-01 1.059076e-02 2.708485e+01 1.324601e-01 1.375361e-01 3.600166e-04 2.313088e-02 2.341436e-02 2.088064e-02 5.424554e+01 
900 10000 1.569068e-04 9.776424e-05 2.084300e-07 2.712185e+01 2.089956e-01 2.353773e-01 1.987154e-04 2.612992e+01 2.042678e-01 2.277439e-01 5.740508e-04 9.653042e-05 9.133681e-05 8.280179e-05 5.412949e+01 
900 14400 1.572172e-04 1.449148e-04 1.943670e-07 2.454755e+01 3.002699e-01 3.028434e-01 2.760068e-04 2.677719e+01 3.129900e-01 2.934305e-01 8.557724e-04 1.145976e-04 1.131934e-04 1.004744e-04 5.253607e+01 
900 19600 1.557972e-04 1.990898e-04 2.664048e-07 2.681884e+01 4.100132e-01 4.140042e-01 3.742158e-04 2.700907e+01 4.296147e-01 4.010286e-01 1.167463e-03 1.285484e-04 1.154948e-04 1.129010e-04 5.548486e+01 
900 25600 1.569830e-04 2.629674e-04 2.123881e-07 2.740110e+01 5.246850e-01 5.238249e-01 1.342405e-03 2.578777e+01 5.485657e-01 5.334045e-01 1.536309e-03 1.721976e-04 1.416640e-04 1.433506e-04 5.532314e+01 
900 32400 1.565942e-04 3.441970e-04 2.123881e-07 2.507221e+01 6.640651e-01 6.610409e-01 5.846868e-04 2.637279e+01 6.714352e-01 6.541951e-01 1.950532e-03 1.454016e-04 1.293476e-04 1.277090e-04 5.409922e+01 
900 40000 1.554766e-04 4.654202e-04 1.601875e-07 2.628532e+01 8.188887e-01 8.002412e-01 7.180422e-04 2.616753e+01 8.350324e-01 8.125974e-01 2.464703e-03 2.056138e-02 1.782106e-04 1.771672e-04 5.574437e+01 
900 48400 1.568226e-04 6.025874e-04 2.684072e-07 2.618363e+01 9.516075e-01 9.715687e-01 1.360059e-02 2.600457e+01 9.763777e-01 9.833055e-01 3.262912e-03 1.812172e-04 1.621506e-04 1.573554e-04 5.608923e+01 
900 57600 1.569288e-04 7.485018e-04 2.925750e-07 2.594271e+01 1.167508e+00 1.169765e+00 1.097332e-03 2.553523e+01 1.175294e+00 1.167430e+00 3.751150e-03 2.289666e-04 1.738202e-04 1.689288e-04 5.616430e+01 
900 67600 1.578282e-04 9.407214e-04 3.925990e-07 2.523324e+01 1.350236e+00 1.353038e+00 1.266907e-03 2.683943e+01 1.360673e+00 1.339724e+00 4.234747e-03 2.358168e-04 1.843598e-04 1.786032e-04 5.748360e+01 
900 78400 1.560074e-04 1.092332e-03 2.403744e-07 2.662425e+01 1.565610e+00 1.575059e+00 1.572384e-03 2.692302e+01 1.576880e+00 1.562154e+00 5.006653e-03 2.940576e-04 2.141560e-04 2.121370e-04 5.983558e+01 
900 90000 1.556348e-04 1.309399e-03 2.624001e-07 2.701861e+01 1.818859e+00 1.826702e+00 1.311563e-02 2.715931e+01 1.819707e+00 1.818896e+00 6.362556e-03 4.018610e-04 2.321132e-04 2.345028e-04 6.148395e+01 
950 400 1.660844e-04 6.417604e-06 2.183951e-07 2.842131e+01 1.293668e-02 1.299586e-02 4.177657e-05 2.933558e+01 1.160368e-02 1.233285e-02 2.559819e-05 5.542100e-05 5.337377e-05 5.057356e-05 5.780719e+01 
950 1600 1.667554e-04 1.757620e-05 1.261942e-07 2.992930e+01 3.792056e-02 3.805547e-02 5.603777e-05 2.997934e+01 3.900801e-02 3.893921e-02 9.264443e-05 6.081499e-05 6.164224e-05 5.951100e-05 6.006311e+01 
950 3600 1.651952e-04 3.659460e-05 2.183951e-07 3.015480e+01 8.630254e-02 7.692314e-02 1.469758e-04 2.914047e+01 8.815835e-02 8.561669e-02 2.078628e-04 7.931460e-05 7.604579e-05 7.407703e-05 5.963309e+01 
950 6400 1.664290e-04 6.445660e-05 1.942273e-07 2.985931e+01 1.607696e-01 1.484969e-01 1.380866e-04 2.822384e+01 1.525196e-01 1.424114e-01 3.654286e-04 1.582720e-02 1.059284e-04 1.012956e-04 5.870415e+01 
950 10000 1.652874e-04 1.008228e-04 1.922250e-07 2.854174e+01 2.476638e-01 2.430251e-01 1.991540e-04 2.766245e+01 2.329148e-01 2.646360e-01 6.300408e-04 1.116678e-02 1.138444e-04 1.145756e-04 5.720496e+01 
950 14400 1.659382e-04 1.445242e-04 2.123881e-07 2.848293e+01 3.030791e-01 3.179175e-01 2.715402e-04 2.875600e+01 3.158750e-01 3.309247e-01 9.264342e-04 2.487364e-02 2.686549e-02 2.616338e-02 5.858619e+01 
950 19600 1.655216e-04 1.918632e-04 1.983717e-07 2.834577e+01 4.855901e-01 4.746597e-01 6.330622e-03 2.912104e+01 4.885078e-01 4.685977e-01 1.204787e-03 1.239354e-04 1.218244e-04 1.167066e-04 5.939246e+01 
950 25600 1.638692e-04 2.648804e-04 2.163928e-07 2.989219e+01 5.582444e-01 5.501673e-01 1.178854e-03 2.925261e+01 5.595505e-01 5.524735e-01 1.575255e-03 1.660464e-04 1.425474e-04 1.383450e-04 6.136890e+01 
950 32400 1.649868e-04 3.464864e-04 2.103858e-07 2.929967e+01 7.099262e-01 7.155920e-01 6.464992e-04 3.038688e+01 7.262392e-01 6.981191e-01 1.980984e-03 1.458964e-04 1.304150e-04 1.227396e-04 6.253999e+01 
950 40000 1.652052e-04 4.650518e-04 2.782326e-07 3.046138e+01 9.659416e-01 9.547043e-01 8.004474e-04 3.046273e+01 9.865618e-01 9.566384e-01 2.556058e-03 2.031700e-04 1.472722e-04 1.470000e-04 6.479248e+01 
950 48400 1.648526e-04 6.232446e-04 1.642387e-07 3.056278e+01 1.048754e+00 1.040612e+00 8.763910e-04 3.032281e+01 1.032790e+00 1.023897e+00 3.009707e-03 2.218983e-02 2.035906e-04 2.031880e-04 6.505896e+01 
950 57600 1.648026e-04 7.870636e-04 2.523884e-07 2.982945e+01 1.234634e+00 1.240589e+00 1.176110e-03 2.859057e+01 1.243596e+00 1.238437e+00 3.809642e-03 2.375494e-04 1.769728e-04 1.740984e-04 6.338384e+01 
950 67600 1.662186e-04 1.006646e-03 2.884306e-07 2.942272e+01 1.436932e+00 1.449504e+00 1.242056e-03 2.937560e+01 1.432068e+00 1.430947e+00 4.279118e-03 2.642252e-04 1.897758e-04 1.911080e-04 6.455522e+01 
950 78400 1.647284e-04 1.109618e-03 2.242159e-07 2.728640e+01 1.680517e+00 1.676165e+00 1.555133e-03 2.726588e+01 1.667675e+00 1.655191e+00 5.201472e-03 2.987148e-04 2.036948e-04 1.989676e-04 6.124061e+01 
950 90000 1.642396e-04 1.280648e-03 2.624001e-07 2.980131e+01 1.890034e+00 2.193306e+00 1.509806e-02 2.975577e+01 1.885676e+00 2.163182e+00 6.226381e-03 3.637982e-04 2.245920e-04 2.377456e-04 6.771294e+01 
1000 400 1.734836e-04 6.323634e-06 1.962297e-07 3.278223e+01 1.308805e-02 1.246508e-02 3.487021e-05 3.371164e+01 1.479922e-02 1.321789e-02 2.576462e-05 5.553700e-05 5.166116e-05 5.101818e-05 6.654787e+01 
1000 1600 1.739162e-04 1.768460e-05 1.843553e-07 3.036811e+01 3.951843e-02 4.888212e-02 5.263081e-05 3.213805e+01 4.182962e-02 4.368429e-02 9.323941e-05 6.184862e-05 6.498722e-05 5.971342e-05 6.268063e+01 
1000 3600 1.725942e-04 3.586784e-05 2.002344e-07 3.186245e+01 1.087560e-01 9.379981e-02 1.093306e-02 3.138977e+01 9.181769e-02 1.088351e-01 2.101464e-04 6.961417e-05 6.454061e-05 6.308239e-05 6.366701e+01 
1000 6400 1.730590e-04 6.549996e-05 1.281966e-07 3.143289e+01 1.552306e-01 1.588263e-01 1.185916e-02 3.223100e+01 1.870760e-01 2.258117e-01 4.366954e-04 1.689603e-02 1.035410e-04 1.073446e-04 6.442051e+01 
1000 10000 1.721756e-04 9.942460e-05 1.241919e-07 3.210229e+01 2.337683e-01 2.413616e-01 1.252018e-02 3.130296e+01 2.462087e-01 2.332636e-01 5.858244e-04 1.137156e-02 1.196892e-04 9.369222e-05 6.438486e+01 
1000 14400 1.745712e-04 1.441456e-04 2.183951e-07 3.247699e+01 3.251481e-01 3.264889e-01 2.747690e-04 3.199000e+01 3.464170e-01 3.336218e-01 8.680528e-04 9.020035e-03 1.265352e-04 1.168028e-04 6.580943e+01 
1000 19600 1.719994e-04 1.981606e-04 1.883600e-07 3.157026e+01 4.437986e-01 4.428971e-01 3.879724e-04 3.234310e+01 4.492682e-01 5.315930e-01 1.343240e-03 2.705822e-02 2.809502e-02 1.425083e-02 6.585246e+01 
1000 25600 1.724520e-04 2.660560e-04 1.502223e-07 3.219028e+01 5.907176e-01 5.913800e-01 4.703778e-04 3.315076e+01 5.968800e-01 6.015712e-01 1.543710e-03 2.862235e-03 1.386874e-04 1.390080e-04 6.772722e+01 
1000 32400 1.743568e-04 3.552836e-04 1.882203e-07 3.327709e+01 7.452582e-01 7.341824e-01 1.298232e-02 3.354887e+01 7.413837e-01 7.566845e-01 2.028630e-03 1.815742e-02 1.675086e-04 1.681436e-04 6.983756e+01 
1000 40000 1.743728e-04 4.591170e-04 2.444256e-07 3.306216e+01 9.198843e-01 9.049970e-01 7.232460e-04 3.292499e+01 9.128581e-01 9.002760e-01 2.460476e-03 1.898720e-04 1.483940e-04 1.446864e-04 6.962950e+01 
1000 48400 1.736118e-04 6.253598e-04 2.884306e-07 3.229284e+01 1.115985e+00 1.072333e+00 9.291750e-04 3.208546e+01 1.098186e+00 1.101253e+00 2.972291e-03 2.184148e-04 1.755306e-04 1.654334e-04 6.877135e+01 
1000 57600 1.740746e-04 7.916584e-04 1.964159e-07 3.334423e+01 1.422853e+00 1.283647e+00 1.038910e-03 3.327733e+01 1.451180e+00 1.292249e+00 3.559169e-03 2.493090e-04 1.854894e-04 1.737718e-04 7.207769e+01 
1000 67600 1.734916e-04 9.933802e-04 3.525987e-07 3.495286e+01 1.513485e+00 1.489021e+00 1.390530e-03 3.373500e+01 1.553916e+00 1.496758e+00 4.400790e-03 2.569824e-04 2.020382e-04 2.041254e-04 7.474871e+01 
1000 78400 1.746634e-04 1.109712e-03 3.064051e-07 3.300002e+01 1.759616e+00 1.746752e+00 1.444806e-02 3.174164e+01 1.765750e+00 1.760444e+00 5.358824e-03 3.135312e-04 2.011470e-04 1.994644e-04 7.179608e+01 
1000 90000 1.722978e-04 1.302813e-03 3.323890e-07 3.296890e+01 2.012898e+00 2.037562e+00 1.502927e-02 3.087846e+01 2.033815e+00 2.051156e+00 6.250623e-03 3.855728e-04 2.356604e-04 2.304588e-04 7.200645e+01 
