50 2.76473002e-04 3.93390656e-05 9.17310012e-04 1.74135028e-05 
100 2.92025972e-04 3.93190421e-05 9.71490983e-04 2.17951243e-05 
150 2.93407938e-04 4.26239567e-05 1.00736495e-03 2.57467494e-05 
200 3.06688016e-04 4.81219031e-05 1.08858594e-03 3.18797908e-05 
250 3.12076067e-04 5.47120580e-05 1.15181098e-03 3.46607795e-05 
300 3.26607958e-04 6.42049126e-05 1.21863000e-03 4.43939148e-05 
350 1.71983801e-03 7.99590489e-05 1.36403693e-03 4.85187347e-05 
400 1.69695506e-03 8.55879625e-05 1.21872104e-03 7.68373845e-05 
450 1.72582804e-03 9.86870145e-05 1.58765109e-03 6.70962882e-05 
500 4.99506015e-04 1.24115963e-04 1.54328498e-03 8.10288449e-05 
550 1.99485000e-03 1.32017070e-04 1.68565800e-03 6.59168115e-05 
600 2.29098101e-03 1.55692920e-04 1.83310802e-03 7.45054876e-05 
650 2.61166110e-03 1.67730963e-04 1.79795502e-03 7.65400685e-05 
700 2.92305602e-03 1.99338072e-04 1.94463402e-03 8.14077708e-05 
750 3.34570697e-03 2.20117974e-04 2.03008205e-03 8.54466804e-05 
800 3.64536501e-03 2.46678945e-04 1.92807999e-03 9.74156692e-05 
850 4.14769491e-03 2.72396952e-04 2.16116791e-03 9.43212273e-05 
900 4.53977089e-03 3.02872038e-04 2.11109302e-03 1.02427668e-04 
950 5.05004299e-03 3.29923001e-04 2.35426601e-03 1.04206821e-04 
1000 4.56556845e-01 4.92405961e-04 2.09069670e-02 1.14666771e-04 
