0.00043897111280289
0.00150512684989521
0.000721188369064484
0.000554179222708399
0.0012284616441323
0.00117582660288968
0.000484230390290375
0.00137972567505789
0.00143440406170819
0.000483711667620465
0.000510454771845318
0.0014277926623022
0.00127349384772632
0.00060254257393763
0.000625287972352283
0.00144619263579416
0.00139251747939342
0.00108847997614639
0.000353166324611446
0.000910312742347934
0.00150585735441535
0.00183117774679594
0.0010066262668007
0.000403297606148429
0.000996826147973539
0.00125636369074622
0.00145252818734343
0.00159245096718023
0.000601254292121843
0.00017666261282773
0.000453956603363431
0.00127090300010968
0.00148376953699993
0.00125239953171568
0.00117477120683761
0.000852983718876438
0.000154841419112476
0.000415974318379767
0.000825004856019838
0.00121434272461573
0.00150284723258789
0.000663727318531428
0.000884818999554499
0.00071151869606592
0.000276869958628873
0.000338412348251863
0.00081997633616334
0.000735966666310106
0.000641242203939374
0.000884021621537613
0.000950396985535715
0.000671849592849619
0.00078465421742624
0.000968282803277318
0.000823877592655189
0.000507233906378752
0.000274109765360121
0.00037033529476366
0.000550174366285139
0.000347736695366558
0.000736245727459057
0.0010025243467671
0.00104361882855761
0.00102620221269453
0.000992165443256904
0.000946303602357584
0.00090518571419043
0.00092256773237479
0.000935940855805907
0.000541806707978106
0.000145221261626617
0.000237526141859701
0.00042752011154672
0.000564488373863474
0.000714059587591505
0.000946290663912622
0.00120335869795732
0.00141770233136363
0.00148898664137275
0.00138427550187054
0.0012172977810972
0.00105458005473738
0.000903259645029039
0.000761138012028391
0.000631559779253839
0.000525407281599843
0.000457647041765735
0.000464953073605989
0.0005913516502841
0.000722309209568217
0.00082824747423015
0.000922910659617317
0.00100737705054744
0.00107951976703167
0.00113813786454416
0.00118372015214672
0.00121813330699803
0.00124476854515575
0.00126881827024556
0.00129669576908778
0.000433981344765492
0.00151937896350239
0.000745055975651661
0.000564845054645585
0.00124835044738489
0.00117956219602748
0.000481853544001588
0.0013902733170283
0.00143939423775075
0.000476842504373912
0.000529826761683097
0.0014273907787439
0.00126540873509504
0.000597180402827847
0.000627904125977855
0.00144009434293806
0.00137614798642761
0.00108645510768441
0.000359819349768814
0.000899372338305152
0.00149357644147818
0.00181426178230397
0.00102523523924606
0.000412983034208639
0.000982794152741512
0.0012421067989597
0.00146012064016386
0.00159120309625933
0.000628930817154524
0.000231684716489889
0.000455814387910778
0.00126490321139128
0.00147995346294222
0.00127798488540662
0.00118984551026535
0.000859043692038936
0.000175611494859483
0.000413596856912286
0.000841147617791316
0.00122543372884626
0.00150449095597798
0.000706366887664437
0.000909055264107205
0.000731904889471724
0.000286455653089231
0.000338312768406803
0.000816412899572253
0.000749482393096487
0.000684006125067771
0.000914760718730084
0.00096385796492796
0.000686560689375228
0.000786369551845636
0.000959146758503004
0.000812584752493723
0.000503856867677773
0.000302883352823281
0.000393491040164944
0.000563881217746345
0.000382899343454251
0.000748010392439863
0.00100472866841649
0.00104152099851864
0.00101706100293627
0.000978422636148474
0.000934884181457424
0.000895944345162969
0.000912719533318064
0.000925474843111148
0.000541500440596311
0.000182311657407321
0.000267736711963816
0.000440059492012663
0.000566065856171037
0.000708796055626005
0.000936172164334158
0.00118914608519659
0.00140013317231531
0.00147030121696504
0.00136745845623761
0.00120397439703652
0.00104611617946278
0.000900782865587804
0.000763700896666891
0.000636405005441527
0.000529732247544047
0.000459452410648339
0.000462880862036357
0.000584879997438201
0.000713138269212724
0.0008174036506628
0.000910617394766715
0.000993736340692689
0.00106501046975282
0.00112389448596476
0.0011711231811655
0.00120784588647292
0.0012364352817966
0.0012615513892162
0.00128950978395955
0.000419282356184108
0.00155968909226207
0.000809860872795789
0.000594488295980673
0.00130392474541919
0.00119025292899679
0.000474943258101403
0.00142020659505392
0.001453667204936
0.000456486587366052
0.000582016064793083
0.00142623296868306
0.00124183462013595
0.000581464532938331
0.000635376880203329
0.00142238898975927
0.00132788734115379
0.00108060354011279
0.000378323091872432
0.00086710008575504
0.00145763718735576
0.00176464877034499
0.00107702335769151
0.00043968111764534
0.000941222990735123
0.001200110152684
0.00148176497378398
0.00158760451705934
0.000702558978998969
0.000344052622639061
0.000461121864188577
0.00124746635184627
0.00146891014710635
0.00134894737281035
0.0012322207111274
0.000876258652729317
0.000224949216553784
0.000406673609702599
0.000885987658644942
0.00125682248272483
0.00150921387027781
0.000816803843244395
0.000975483450296445
0.000787663192655867
0.000312418211851358
0.000338025875828284
0.000806064414189286
0.000787104221302766
0.000794384822546234
0.000997996424273131
0.00100160743076607
0.000727259489330281
0.000791287892677371
0.000932340694855868
0.000779154705274064
0.000494004153112472
0.000373553671537734
0.000453610839517177
0.000601606848487267
0.000469666344747878
0.000780896105314502
0.00101104891827094
0.00103545680009174
0.000990268761937515
0.00093772759225772
0.000901195463121273
0.000868786031481498
0.00088375004824592
0.000894655605662958
0.000540617609773377
0.000261184321636486
0.000340051005327773
0.000474317332089953
0.000570583677927205
0.000693417207463399
0.000906406452385398
0.00114723952741977
0.00134826672979458
0.00141512136554798
0.00131783765910452
0.00116476036497095
0.00102135375963409
0.000893612923727918
0.000771032851052567
0.000650154638170362
0.000541992770394457
0.000464611583902755
0.000456861674857546
0.000565832362030253
0.000686047230658915
0.000785344297281281
0.000874255434013751
0.000953370057754432
0.00102208288523841
0.0010818354547097
0.00113407042522174
0.00117772266335088
0.00121212067275445
0.00124038948453827
0.00126859124074476
0.00039570451306743
0.00161950279583197
0.000900143015808629
0.00063723520850173
0.00138475001774257
0.00120644834116197
0.000464156574750574
0.00146488109595967
0.00147526683412801
0.000423405480351717
0.000653945068420483
0.00142445727535737
0.00120482260604873
0.000556526244778862
0.000646658323804099
0.00139482694799442
0.00125033975581701
0.00107157643988585
0.000405036097981698
0.000815181677777134
0.00140078765560652
0.00168580745190328
0.00115185976603924
0.000477699404046521
0.000873704006042513
0.00113275143006262
0.00151432606556419
0.00158207529696054
0.000802363805848915
0.000466357992639397
0.000469136935322936
0.00122026833178169
0.00145182787889504
0.00145095185718177
0.00129445535076801
0.000901996433166148
0.000284394873564636
0.000395831771455544
0.000950592696008875
0.00130344748659774
0.00151642126299233
0.00096171089035672
0.00106928237135724
0.000866155272582364
0.000348463073400466
0.000337585857978027
0.000789946699093854
0.000841487899143832
0.00093864684705925
0.00111351706767268
0.0010568307301193
0.000785534188594499
0.000798764487801955
0.000889706220167125
0.00072495286431862
0.000478515576758458
0.000461283376499607
0.00053271793295061
0.000655205973501987
0.000577859921735499
0.000828752617088583
0.00102065619164398
0.00102609639434648
0.000947752688545446
0.00087170183520087
0.000846986212552752
0.000825445691431665
0.000837424596150832
0.000845260951953381
0.000539262231069622
0.000349011853593518
0.000427753033330403
0.000522464319126791
0.000577436824003327
0.00066917023837965
0.000858803949757377
0.00107988513107656
0.00126468348784368
0.00132613483209117
0.00123796226203286
0.001101977579398
0.000982205353243411
0.000882514952175133
0.00078213274927134
0.000670673751465611
0.000560256790958175
0.00047240661936919
0.000447482724652221
0.000535336718592612
0.000642328870999647
0.000733513630239658
0.000815406484035248
0.000887973079983669
0.000952568969687431
0.00101401910266857
0.00107482753605733
0.00113001469518249
0.0011738920608398
0.00120724825494999
0.00123585556740588
0.000364706181528788
0.00168998643407204
0.0009998179872921
0.000686044031186118
0.00147787222382084
0.00122602281342467
0.000450572214344563
0.00151788782048984
0.00150133836308568
0.000378901298129871
0.00073259670258766
0.00142227603734219
0.00115780589348208
0.000524317460423106
0.000660233851483998
0.00136025459685007
0.00114808212654353
0.00106039811612158
0.000435572762142767
0.00074657959446935
0.00132773120658105
0.00158374307306263
0.00123749480120349
0.000520557377680778
0.000782967840616866
0.00104420630271942
0.00155333627298433
0.00157526619927877
0.000909963451940772
0.000582301877496792
0.000478785665012013
0.00118605354120759
0.00143059483193085
0.00156703680537271
0.00136693320217795
0.000932598919455483
0.000343543694812706
0.000382112397410658
0.00102429249660407
0.00135845777207878
0.00152521592556398
0.00111401408498564
0.00117415434624963
0.000953657443614926
0.000388133682056228
0.000337045311644773
0.00076971460017084
0.000903740912684787
0.00108983548103154
0.00124061944298825
0.00112086247386698
0.00085158984427018
0.000807841392845351
0.000834437572469064
0.000652342661890683
0.000458802483029816
0.000550113191354399
0.000616036497773602
0.000715492228950097
0.000687712731320711
0.000883925816663281
0.00103231915569874
0.00101449621347787
0.00089283828254336
0.000783143492495611
0.000775329575511554
0.000768951951011142
0.000776834272147694
0.000780411366341409
0.00053759494610354
0.000433069998532357
0.000515339604230767
0.000576055473660161
0.000585733955997991
0.000638169997805809
0.000796535053828763
0.000991030531999325
0.00115391441365544
0.00120805759670755
0.00113231134991112
0.00101969746691857
0.000931939471556361
0.000868707665886755
0.000795537305082811
0.00069501732673051
0.000581878529419771
0.000481796437265547
0.000435702099552162
0.000495370951647584
0.00058424956237317
0.000664434854421876
0.000736826206460847
0.000800488168165189
0.000859654717311863
0.000924057653482399
0.000997360938696127
0.00106858723684026
0.00112522535109595
0.00116530799771172
0.00119447469468348
0.000328521494047592
0.00176189937479897
0.00109597831209171
0.000734431214837156
0.00157091951238834
0.00124651596877292
0.000435651054672841
0.00157233494802502
0.00152859478690349
0.000324913303297132
0.000807929782348354
0.00141995113219768
0.00110557785832075
0.000487710916826134
0.000674380542126694
0.00132247117605793
0.00102815154028208
0.00104837149162684
0.000465875976922226
0.000665856593039241
0.00124528764700204
0.00146735171563461
0.00132254958978794
0.000562591308853017
0.000673105773776325
0.000940870320366042
0.00159380170798241
0.00156798763281918
0.00101198012642485
0.00068444450112188
0.00048884450272158
0.00114852397981594
0.00140764736661651
0.00168179417407754
0.00144006161829349
0.000964099096499288
0.000396922884258805
0.000366949606644642
0.00109729884320979
0.00141465097359692
0.00153451965084606
0.00125596817565034
0.00127632731147599
0.00103871054458142
0.000426314849572162
0.000336469120465212
0.000747582905225006
0.000965591027569309
0.00123049059729749
0.00136292185505303
0.00118521020200927
0.000916671605382744
0.000817390133320801
0.000771284251248024
0.000564913354465774
0.000436848301824659
0.000631056703875208
0.000693798354469078
0.000774510603237466
0.000787970771769394
0.000939086369594358
0.00104458761012198
0.00100200406993294
0.00083042066034461
0.000676282555257573
0.000690959919738934
0.000703869945870256
0.000706672405667494
0.000704877177769408
0.000535814960352902
0.000507453488029231
0.000594540483290417
0.000628083639935633
0.000594436394576926
0.000603433589030444
0.000724414772958729
0.000886747854819426
0.00102294624636301
0.00106816140082186
0.00100778763912559
0.000924125339017807
0.000875282846521658
0.000853769044768212
0.000809558397796874
0.000720019811964992
0.000604038443431485
0.000491591923706965
0.00042280505505772
0.000448949530314084
0.000515302604778321
0.00058198586759609
0.000642736265531269
0.000695403776083329
0.000748210184523552
0.000817521142191
0.000907690084684982
0.00099907790253795
0.00107100921062494
0.00111895087513727
0.00114880211636876
0.000290439166151477
0.00182689743788888
0.00117921457732652
0.000777159514578013
0.00165359058194788
0.0012654708212962
0.000421148235057626
0.00162183353001234
0.00155377175645043
0.00026431543199731
0.00087281401760913
0.0014177629614671
0.00105414390656345
0.000450609893996894
0.000687408805945956
0.00128595504000107
0.000901020895482849
0.00103694304694705
0.000492655880230461
0.000579849054141002
0.0011624996449916
0.00134885744760249
0.00139776603186429
0.000599409912855264
0.000550228436157795
0.000832152606242299
0.00163091202352718
0.00156111709042323
0.00109924955456554
0.000768147104631465
0.000498111630839908
0.00111210410181494
0.00138573752635659
0.00178291186027094
0.00150554614295492
0.000992789125139785
0.000441236447025857
0.000352106669601644
0.00116172862416481
0.00146549293594407
0.00154321117530027
0.00137607979534698
0.00136538823971101
0.00111272510485042
0.000459309909090347
0.000335926777172691
0.00072617145254527
0.00102029985071898
0.00134936673378991
0.00146859535791968
0.00124264424359729
0.00097387275017229
0.000826262451688767
0.000706815605633711
0.000468104038748522
0.000415161414441384
0.000698623456071357
0.000759650397989759
0.000826136148890008
0.000871736570780041
0.000988117988192937
0.00105598629389861
0.000990121665671574
0.000767152861727676
0.000557501331739515
0.00060097913199548
0.000636678422879556
0.000633701365847449
0.000625641798122457
0.000534136914990385
0.000568550254764625
0.000660364018126747
0.000673320133909589
0.000602499467793727
0.000568862228080347
0.000649384809754613
0.000776087222586124
0.000882333934837283
0.000917462992323446
0.000874765315095749
0.00082427906728191
0.000818476562963079
0.000839489100442778
0.000822516118832189
0.000742747826097588
0.000624145329492987
0.000500622025477614
0.00041031651840326
0.000400453066205536
0.000440792408175204
0.000492076193393723
0.000539569301711795
0.000579544241958937
0.000625649319675088
0.000702843243057791
0.000814478912928367
0.000929032898636609
0.00101743316708752
0.00107356669165061
0.0011041635364945
0.00025522397357839
0.00187822083093365
0.00124295206464407
0.000810326655118147
0.00171804385352263
0.00128071541118988
0.000408945061543403
0.00166109417304884
0.00157399827201761
0.00020187828991482
0.000922337119587085
0.00141597664644183
0.00101027900305965
0.000417935084230065
0.000697849607255811
0.00125540118749632
0.000782242525228926
0.00102753245117908
0.000513454667083293
0.000498882285369552
0.00109036934602129
0.00124393645182122
0.00145621134710619
0.000627829179827383
0.000424510663992111
0.000731668903131338
0.00166055112050266
0.00155549371990986
0.00116556773341358
0.000830161155744753
0.000505540589097936
0.00108150729809594
0.00136761678171093
0.00186128369109658
0.00155689304795385
0.00101557795661284
0.000474307807510809
0.000339526837294269
0.0012117201569001
0.00150566999788709
0.00155026051752203
0.00146673614581971
0.00143390441558499
0.00116960198791003
0.00048454820917625
0.000335484006174452
0.000708237902175948
0.0010628173006637
0.00143902788001512
0.00154941786566426
0.00128757076034802
0.0010181285430426
0.000833425351754189
0.000649543137356641
0.000370939337123744
0.000396605665553464
0.000749209410838118
0.00080937897768952
0.000865947460339501
0.000934483955236567
0.00102635731186867
0.00106518833982822
0.000980328484982026
0.000711425646875509
0.000437422892750761
0.000516147555063606
0.000576134389848293
0.000567312283967567
0.000552707050534839
0.000532765049357631
0.000613874104579385
0.000709519984028274
0.000708062169564267
0.000608993563914871
0.000539041388822101
0.000581095687759985
0.000672536051158129
0.000748407858269109
0.000773177506099471
0.000749045274304584
0.000732887343626527
0.000769069397220534
0.000827665713389963
0.00083293021665658
0.000760773659207021
0.000640069450124594
0.000507864649802572
0.000399847276072861
0.000356064318044607
0.000369084709693914
0.000404246905467266
0.000437835815864844
0.000464169421807301
0.000504154032934446
0.000593174016475525
0.0007297358443366
0.000867758414714012
0.00097157413236137
0.00103509792635688
0.00106639221805015
0.000229340714423038
0.00191097648325104
0.00128284685813783
0.000831261502955407
0.0017588392720365
0.00129056848913367
0.000400779645079188
0.0016862267725106
0.00158706116181837
0.000147499404766162
0.000953274390954967
0.00141480949565079
0.000980590445056349
0.000395153519753886
0.000704580912900582
0.00123505095570724
0.000693833465987203
0.00102134335466423
0.000526587212649332
0.000438035946542601
0.00104059641272014
0.00117039197029045
0.00149312541491395
0.000645704249414406
0.000316584389173735
0.000657855958673953
0.0016796145919533
0.00155181233456848
0.00120688992347265
0.000868252235123745
0.000510331171530288
0.00106106088450924
0.00135565866995163
0.00191070422253839
0.0015895129774241
0.00103018044419806
0.000494702586576161
0.000331058209419276
0.00124326608374606
0.00153132526650165
0.00155484441080364
0.00152300008529352
0.00147691176501364
0.00120527895026598
0.000500335152598293
0.000335194692471996
0.000696283522218466
0.00108967417709209
0.0014946518345831
0.00159997044121759
0.00131606752551493
0.00104600502617499
0.000838067583178456
0.00060926427289373
0.000290489357105207
0.000384010955749204
0.000780460608480968
0.000840251108040396
0.000890973499318665
0.000973259898878949
0.00105056580551719
0.00107115191140425
0.00097388332615751
0.000672566419179765
0.000336691207868818
0.000452275500784057
0.000532920007162398
0.000519423169308799
0.000499389678732054
0.000531867719125745
0.000641732908393458
0.000739844812799822
0.000729846977782344
0.000613195189873484
0.000518653250253613
0.000531814379257193
0.000595310726800141
0.0006461923837157
0.000662258459032124
0.000654081255790303
0.000666510478188645
0.000735032093943007
0.000819856584799001
0.00083965787297687
0.000772312296371488
0.000650252881619477
0.000512536738941981
0.000392863515354878
0.000323826263768547
0.000313557227007878
0.000334712559870952
0.000356088087282921
0.000369940271327879
0.000405681417541209
0.000509003486536972
0.000668655835545352
0.000825314275053959
0.000940436395468117
0.00100919863400028
0.00104099981550663
0.000219639097205294
0.00192222181862421
0.00129641498163749
0.000838409810994268
0.00177278775188668
0.00129397287428354
0.000397904625376604
0.00169486804381891
0.00159157277269265
0.000123117305817942
0.00096378648452167
0.00141440392310768
0.000970067166537727
0.00038692787995695
0.000706903675103747
0.00122790449137162
0.000660365980844693
0.0010191851110855
0.000531072127073419
0.000414821412767971
0.00102274391167023
0.00114374439386109
0.00150573382755415
0.000651797518505947
0.000269161016582477
0.000630201585970285
0.00168618484345709
0.00155053175794329
0.00122091381200797
0.000881095949872162
0.000511984436408873
0.00105386711645052
0.0013514809073608
0.00192757137515383
0.00160068624510982
0.00103520364555599
0.000501591647878097
0.000328065945382798
0.0012540362265311
0.00154013526769373
0.00155643322180223
0.00154206014358323
0.00149155796832162
0.00121742484792116
0.000505702612333542
0.000335094156438318
0.000692083502211281
0.00109884791298113
0.00151349163249771
0.00161715749324423
0.0013258210581207
0.00105551419676231
0.000839673808761337
0.000594637596733329
0.000256717274247662
0.000379539090820972
0.000791025235591193
0.000850710816144666
0.000899502068312269
0.000986370076938107
0.00105884384482335
0.00107321528529093
0.000971634943794884
0.000658534502181062
0.000293733820985538
0.000427868032825376
0.000517067526043285
0.000501723185128986
0.000479487696284633
0.000531555725210482
0.000651129366036422
0.000750089745225972
0.000737262179764937
0.000614647679715867
0.000511382389057607
0.000513594036813704
0.000566031021616385
0.00060667750628807
0.000619104770601855
0.000617694304355287
0.000641854094316449
0.000722836183522887
0.000817127042898992
0.000841981787135172
0.000776279498187736
0.000653752439830643
0.000514149405891708
0.000390408854255244
0.000311851384818901
0.000291811122813203
0.000306899571983345
0.000322891127040255
0.000330997276716533
0.000365324220123929
0.000476304069035375
0.000646093440049528
0.000810053445434029
0.000929378334685754
0.00100004699269208
0.00103203497093951
