2.53e-07
2.58e-07
2.63e-07
2.68e-07
2.73e-07
2.78e-07
2.83e-07
2.88e-07
2.93e-07
2.98e-07
3.03e-07
3.08e-07
3.13e-07
3.18e-07
3.23e-07
3.28e-07
3.33e-07
3.38e-07
3.43e-07
3.48e-07
3.53e-07
3.58e-07
3.63e-07
3.68e-07
3.73e-07
3.78e-07
3.83e-07
3.88e-07
3.93e-07
3.98e-07
4.03e-07
4.08e-07
4.13e-07
4.18e-07
4.23e-07
4.28e-07
4.33e-07
4.38e-07
4.43e-07
4.48e-07
4.53e-07
4.58e-07
4.63e-07
4.68e-07
4.73e-07
4.78e-07
4.83e-07
4.88e-07
4.93e-07
4.98e-07
5.03e-07
5.08e-07
5.13e-07
5.18e-07
5.23e-07
5.28e-07
5.33e-07
5.38e-07
5.43e-07
5.48e-07
5.53e-07
5.58e-07
5.63e-07
5.68e-07
5.73e-07
5.78e-07
5.83e-07
5.88e-07
5.93e-07
5.98e-07
6.03e-07
6.08e-07
6.13e-07
6.18e-07
6.23e-07
6.28e-07
6.33e-07
6.38e-07
6.43e-07
6.48e-07
6.53e-07
6.58e-07
6.63e-07
6.68e-07
6.73e-07
6.78e-07
6.83e-07
6.88e-07
6.93e-07
6.98e-07
7.03e-07
7.08e-07
7.13e-07
7.18e-07
7.23e-07
7.28e-07
7.33e-07
7.38e-07
7.43e-07
7.48e-07
