5.96060711529561e-05
0.00151304322414592
0.00111615635349123
0.000538882067434634
0.00152602274060287
0.00110586519977204
0.000625439593581436
0.00140817545983852
0.00131196014287677
0.000406623236624352
0.000851638645027231
0.00143864162260168
0.00117562625674204
0.000535752919936019
0.000732247997735756
0.00141303915007461
0.00138209130194609
0.00096354790448504
0.00037267953880404
0.000990480950837656
0.00148796875273387
0.00184409182228278
0.000939818954302768
0.000273721919345896
0.00107645134799674
0.00133384615708577
0.00145775137133525
0.00153880638164911
0.000530175054116564
7.35531285145541e-05
0.000548409960148227
0.00132997617063902
0.00156015837361515
0.00124850181216951
0.00112928838931873
0.000797291356554731
0.000196549356001467
0.000530705835397095
0.000913547970504001
0.00126579803176503
0.00152651778933904
0.000682100980233663
0.000842339742416835
0.000638488268920527
0.000189538767628128
0.00040393904423258
0.000901472692319623
0.000808796618725479
0.000699357219941595
0.000916259374493802
0.00095544530819301
0.000649275768373924
0.000733831415020833
0.00089672505423603
0.000754094135813465
0.000437071058777621
0.000268013821610564
0.000436166541258807
0.000613955304350174
0.000368274248505716
0.000770818332262375
0.00101690294553231
0.00104214366859015
0.00101009979300913
0.000959856606306688
0.000897469852920921
0.000844581957341522
0.000857274249233845
0.000856397058661025
0.000446231794775427
0.000110134775265921
0.000302808984869448
0.000483281750794408
0.000608509833540915
0.000754071755926609
0.000974649750415858
0.00121153083547242
0.00141075594068012
0.00147271406463522
0.00135868433901554
0.00118178563718438
0.00100957771728356
0.000849831546421502
0.000701132667552685
0.000567835297220657
0.000461964548226864
0.000401176521573789
0.000450040559683087
0.00063147686858154
0.000776724550259555
0.000880981943445362
0.000968495776505857
0.00104390937245401
0.00110638166093776
0.00115563642120756
0.00119238254406983
0.00121872235744431
0.00123831442923151
0.00125662803651221
0.00128034720568733
6.77807233711812e-05
0.00151689015399946
0.00112044351186337
0.00054682696623747
0.00153177662410418
0.00111438968015085
0.000620084952725849
0.00142224619122308
0.00132042149492922
0.000402134991873907
0.000858682041832961
0.00144144092776932
0.00116823344062737
0.000530652068886424
0.000735776095175743
0.00140892150674913
0.00136525525886215
0.000962190290551883
0.000378381172030253
0.000980189587983043
0.00147572858061448
0.00182631656446744
0.000957041392824144
0.000286403622761791
0.00106200991174043
0.00131840009965417
0.00146453193455091
0.00153799648538387
0.000557720323180024
0.000152319367552649
0.000548292095400006
0.00132387223009518
0.0015548511909517
0.00127297067939674
0.0011451823788569
0.000803175754430673
0.000206591919772304
0.00052604432046476
0.000927975062076966
0.00127695165861085
0.00152818994508046
0.000722757190395422
0.000867300919352874
0.000661255086441809
0.00020629104113313
0.000404801363428794
0.000898302929611093
0.000822392926685663
0.000740525158950757
0.00094679188464202
0.000969550838040557
0.000665025187494943
0.000736308330165333
0.000888183431013159
0.000743620461900785
0.000438179015291781
0.000303306862052794
0.000458108447804551
0.000627502624584702
0.00040540926563224
0.000782754559546347
0.00101938886435018
0.00104022884275129
0.00100103510083441
0.000946381673248604
0.000886469443711694
0.000835821464681276
0.000848087317828492
0.000847316988448631
0.000450015502596029
0.000162578267725821
0.000328807765078909
0.000494731825085631
0.000609808933410836
0.000748606347462745
0.000964363831947806
0.00119730962276268
0.00139326782841394
0.00145412994209901
0.00134202493314925
0.00116875446841125
0.00100159577040411
0.000847943554195559
0.000704260133669511
0.000573215379595946
0.000466835183091679
0.00040352093380977
0.000447845980507517
0.000624400076304187
0.000767020461023794
0.000869704920371968
0.000955834178760108
0.00102995951037426
0.00109166811349857
0.00114135416682514
0.00117989921424883
0.00120860578169177
0.00123012712130659
0.00124944525009096
0.00127316378485819
8.71358329547672e-05
0.00152791285231629
0.00113269726897379
0.000569084239448321
0.00154822484392412
0.00113857854325872
0.000604401984738609
0.00146200510291653
0.00134448761018994
0.000388922430786274
0.000878647408814015
0.00144947101186814
0.00114668050466975
0.000515683034408044
0.000745841641691364
0.0013969974418274
0.00131557499040369
0.000958270454791944
0.000394338210386473
0.000949934284968936
0.00143990339542971
0.00177414036382523
0.00100498437756721
0.000320125451614558
0.00101928532620261
0.00127287853826234
0.00148388275106561
0.00153566209644236
0.00063034648000577
0.000272816235397131
0.000547952575785745
0.00130613732564322
0.00153946758518713
0.00134093453951536
0.00118976201448157
0.0008198833602508
0.000233104310764133
0.000512385218688057
0.000968316430072871
0.00130853637367083
0.00153299453869601
0.000828756614218324
0.000935461181511632
0.000722815491691336
0.000248292849082689
0.000407274115498862
0.000889112849365946
0.000860342710324713
0.000847973349273524
0.00102966245040979
0.00100906542695574
0.000708420967683183
0.000743394231422709
0.000863116825424033
0.000712603466730464
0.00044135371491303
0.000387367979447095
0.000516103603959525
0.000664970884759918
0.000497075016237272
0.000816149154293188
0.00102651315942407
0.00103469553017417
0.000974463525427853
0.000906464083550983
0.000854004004300925
0.000810067666721389
0.00082106068938954
0.000820611016744122
0.000460736741558562
0.000260024481844682
0.000394205142830076
0.000526311580167988
0.000613534179490663
0.000732641654152729
0.000934114339288983
0.00115538404463501
0.00134164026107482
0.00139924121697465
0.00129285769143236
0.00113039400978765
0.000978248989684504
0.000842483667146777
0.000713188720263917
0.000588432038341667
0.000480583997694287
0.000410196570962678
0.00044146601487657
0.000603560011797366
0.000738366681117638
0.000836385246926315
0.000918402140393253
0.000988693807814497
0.00104814920515413
0.00109919408423112
0.00114319382059552
0.00117899153287549
0.00120624237717649
0.00122852871442572
0.00125224982360827
0.000110392526699821
0.0015446480398998
0.00115121814575337
0.000601589210875832
0.00157309142120684
0.00117467227292197
0.000579551682938975
0.00152090458046322
0.00138054552165844
0.000367760011057477
0.000908385351971537
0.00146168824760142
0.00111285011336258
0.00049186629930206
0.000761004759375716
0.00137852866645834
0.00123559186938062
0.000952233619886011
0.000417604788540486
0.000901613300548164
0.00138321741701973
0.00169108208750731
0.00107429516871535
0.000365809420155047
0.00095010811929294
0.00119978999172649
0.00151304995722049
0.00153207870591156
0.000727689875264956
0.000391041934884003
0.000547431993113878
0.00127848877205604
0.0015155956873424
0.00143884769792762
0.00125499413137844
0.000844840245531699
0.000268696464806971
0.000490721347557859
0.00102705402272576
0.00135550017886905
0.00154032653422769
0.000968919090551865
0.00103118655240917
0.000808085548240343
0.000301499653349893
0.000411033737774684
0.000874845591710674
0.000915438658765274
0.000990231138995275
0.00114505258845945
0.00106676998108434
0.00077017885777412
0.000754121326770067
0.000823233411746557
0.000662270929507227
0.000446173822932066
0.000488881729360817
0.000594075170935956
0.000718596088288874
0.000611415189933969
0.000864814969913127
0.0010373333100393
0.00102616013045851
0.000932285676684097
0.000841642500844167
0.000801718027979159
0.000768939269421213
0.000777834118046699
0.000777918779756511
0.000476695145945509
0.000361532490705423
0.00047732554989791
0.000571318662494346
0.00061919811677388
0.000707483894454337
0.000885767913170414
0.00108802115900302
0.0012584406102445
0.00131069578136768
0.00121367171491788
0.00106895552215019
0.000941357179275753
0.000834049309787266
0.00072665534056197
0.00061101069385258
0.00050091696034886
0.000420218586603525
0.000431508409027365
0.000570155555479087
0.000692169526119329
0.000782589671411254
0.000857890738542368
0.000921895158610248
0.00097772429031315
0.00103126326178392
0.00108455097814246
0.00113211827008997
0.00116870238338085
0.00119577325139154
0.00121951227860974
0.000133497974742003
0.00156493239190269
0.00117353823666753
0.000639208990938896
0.00160306808742489
0.00121748729666219
0.000547530100192483
0.00159017881621861
0.00142353027666891
0.000340006307917975
0.000943585233881896
0.00147653685429007
0.00106989104402826
0.000460973261474945
0.00077920219785909
0.00135552974462352
0.00112977100994685
0.000944775666573815
0.000444485283622534
0.000838544605915188
0.00131033693829318
0.0015832563808368
0.00115364430419728
0.000415037474185266
0.00085766301570713
0.00110354226349541
0.00154807850378098
0.00152767154736088
0.00083168190741422
0.000499189361261556
0.000546792727043549
0.00124373366693035
0.00148578874823506
0.00155053459555445
0.00133065296117375
0.000874482213536986
0.000306767880771963
0.000462763668557514
0.00109481096261884
0.00141097658018017
0.0015492731700692
0.00111708866769532
0.00113766358501976
0.000901739037258914
0.000356069926071242
0.000415599151107099
0.000857019893651074
0.000978797452037797
0.00114076010017347
0.00127238741363147
0.00113355036932915
0.000839756009253754
0.00076707521082725
0.000771498431841333
0.000594739685100697
0.000452016369054468
0.000590017273559604
0.000677576405773833
0.000779354108702102
0.000727532987392733
0.000921007177744469
0.00105045398846988
0.00101559194849327
0.000877783392857728
0.000754559891908279
0.000732500301122187
0.000715265274988159
0.000721279512391832
0.000722110082899057
0.000495569689571849
0.000456180640674867
0.000562763655183486
0.000622096838853427
0.000626075988982945
0.000675344637055993
0.000822590698660719
0.00099920526506844
0.00114817675748006
0.00119313790135237
0.00110883941172735
0.000988388038415489
0.000894026013147809
0.00082358508164787
0.000742841258674448
0.000637616513974682
0.000524784210741949
0.000432195137391962
0.000418970510574188
0.000526291218605965
0.000630897226689941
0.000711062845440259
0.000777255077339984
0.000832667842804196
0.000883703406037141
0.000941261914404767
0.00100796605166747
0.00107182380611493
0.00112093708934741
0.00115432402129766
0.00117811197710389
0.000154332637857742
0.0015862336779842
0.00119683368629431
0.00067695082189535
0.00163436482319686
0.00126145503186567
0.000511255348856579
0.00166072816937638
0.00146789184475433
0.000307734464079635
0.000979656028255556
0.00149217613372645
0.00102219394542854
0.000425641980214052
0.000798111928018873
0.00133061826574851
0.00100499442882362
0.00093677386745144
0.000471410429460982
0.000765744141895585
0.00122803777666244
0.00145978917699538
0.00123248769720319
0.000461695402033171
0.000746820524399891
0.00099090233026383
0.00158450481761748
0.00152296753984095
0.000929658134507469
0.000592996657263796
0.000546111612412341
0.00120564816505529
0.00145339762076943
0.00166116215624309
0.00140670510186039
0.00090496077573238
0.000342667957995243
0.000431024574021466
0.00116258721380115
0.00146771206828791
0.00155873758225993
0.00125570945293035
0.00124098022042605
0.000991736448197997
0.00040616804743855
0.00042040311255279
0.00083763363664133
0.00104199969232655
0.0012816770990488
0.00139518798313616
0.0012005435670857
0.000907961282200969
0.000780624385699748
0.00071232824227335
0.00051320552599449
0.000458152051555098
0.000681350263054171
0.000756378837489229
0.000839193835884409
0.000833521473003817
0.000977263375238681
0.00106423907150216
0.00100422337931427
0.000815793762755247
0.000649182837951534
0.000650804287477539
0.00065332122366785
0.000655760054436865
0.000657537600142108
0.000514896205183809
0.000538946057570024
0.000641302758539584
0.000671932346478508
0.00063331323391537
0.000639370814687423
0.000749532824174715
0.00089506149364977
0.00101779986407152
0.00105372778324743
0.000985101527354658
0.000894716790022447
0.000840735695233419
0.000812301239274846
0.000759687281228209
0.000664761313236898
0.000549044851700842
0.000444586102345709
0.000405202083902862
0.000475185134327614
0.000558355842591601
0.000626033254451492
0.000681037798978135
0.000725764039920007
0.000771159310592204
0.000834895558060797
0.000919486526622232
0.00100368942878825
0.00106776206812161
0.00110851372771481
0.00113239349428595
0.000171620984780793
0.00160599287209836
0.0012183183682674
0.000710591986107126
0.00166323752024454
0.00130141813656537
0.000474648384758451
0.00172439437984363
0.001508389531627
0.00027396599072381
0.00101238089651158
0.00150672431551511
0.000975249677442361
0.000389531753168117
0.000815481741672755
0.00130677640530241
0.000871612912481798
0.000929191838130738
0.000495379855211681
0.000690372800181938
0.00114532495389637
0.00133338913376573
0.00130223308007415
0.00050159965845505
0.000624997044657586
0.000871892729179342
0.00161798714391566
0.00151853393867809
0.00101312708364389
0.000669269197770928
0.000545470798920171
0.00116872896425384
0.0014222877911835
0.0017587878051413
0.00147460037870748
0.000932694004985988
0.000373269436078296
0.000398904694630339
0.00122285735389183
0.00151909607671848
0.00156757914434973
0.00137327678114648
0.00133077595195407
0.00106942611746956
0.000448169871859249
0.000424867859287934
0.000818998411483486
0.00109808008494919
0.00140123948122297
0.00150145722826784
0.0012602551740558
0.000967681958130165
0.000793145532122164
0.000651849756353745
0.000422483633854154
0.000463843745206721
0.000757200910432482
0.000823585710621737
0.000891772831405558
0.000922081210751505
0.00102732321781124
0.00107703202695511
0.000993421857935136
0.000752905415823859
0.000531447916865118
0.000563339254230019
0.000589207463327397
0.000587570820236738
0.000590458330051526
0.000532418216411699
0.00060651289191677
0.000707200451866938
0.000715606414896761
0.000640039442860335
0.000603615735848864
0.000673698831850056
0.000784701342369202
0.000877811859232351
0.000903325446080265
0.000852614114710121
0.000796720239792703
0.000787378995434011
0.000801553141646786
0.000775183795548933
0.000689295549432508
0.000570903595940727
0.000455922996411833
0.000391823315369995
0.000421551896240572
0.000480306053171225
0.000533930156523446
0.000576160932041532
0.000608422957006258
0.000647822201137271
0.000720777822406136
0.000827768210167716
0.000935150770381304
0.00101525884949308
0.0010636695736616
0.00108768224165757
0.000184519969064182
0.00162192262088074
0.00123555645861646
0.000736881047234403
0.00168640905502762
0.00133311027892804
0.000442571444170508
0.00177460637865337
0.00154061610485386
0.00024298998464479
0.00103829560255377
0.00151848097844327
0.000935238540893536
0.0003574051638393
0.000829372630554864
0.00128701359947368
0.000745425235357252
0.000922964828345251
0.000514093703706513
0.00062221057624988
0.0010731905164484
0.00122070110108028
0.00135643927442763
0.000531919584585158
0.000504365113747294
0.000761231359229126
0.00164477796435006
0.00151491003349238
0.0010763932168683
0.000725538665838356
0.000544947845439513
0.00113774611347125
0.0013964141228869
0.00183453312918572
0.00152771819900652
0.00095470645907038
0.000396472246712367
0.000370666675083065
0.00126987533435985
0.00155973272838499
0.00157475012309072
0.00146214082634373
0.00139972237177726
0.00112881009871981
0.000479696712628745
0.000428473133684762
0.00080348711778047
0.0011417610221561
0.00149163366524621
0.0015828185230378
0.00130691555213017
0.0010137670233351
0.000803208458186512
0.000598039046170138
0.000330592655920716
0.000468432490941532
0.000813820995404881
0.000874560347513502
0.000932444552431357
0.00098842233986067
0.00106639508812906
0.00108734958349797
0.000984528699956178
0.000697455364692272
0.000411244273880616
0.000480395745590186
0.0005312470331506
0.000525475716213737
0.000529524528821213
0.00054628662285759
0.000656468505518899
0.000756686503825868
0.000749328816833163
0.000645470841192673
0.000572819015114784
0.000604884545325124
0.000681640630066883
0.000744464800769586
0.000758975829358479
0.000726958630114929
0.000706851067387182
0.000741045164349565
0.000792683392427995
0.000787591105928136
0.000708667876175205
0.000588122213645636
0.000464960441709459
0.000380569015080026
0.000372154095539575
0.000405718130993047
0.00044495811552183
0.000473788399402859
0.000492497444125901
0.000526309448793669
0.000612206623264548
0.000744687130616721
0.000875315775148537
0.000970358243071901
0.00102566262899089
0.00104982533583913
0.00019247349403935
0.00163223617564881
0.00124667927001831
0.000753545498531481
0.00170136299538684
0.00135339563902297
0.000420316420989973
0.00180662738041397
0.00156129177035798
0.000220436471839936
0.00105486690076608
0.00152610574597162
0.000908172855993086
0.000334777276561536
0.000838315127241657
0.00127394899643682
0.00064998031895773
0.000918877676112381
0.000525949283690441
0.000573366827228765
0.00102336935127169
0.00114116300986521
0.00139068072424448
0.000550810052654781
0.000406769826243283
0.000679348314691883
0.00166203152304763
0.00151254001433768
0.00111575404246988
0.00076002227874662
0.000544606240949487
0.00111706009262775
0.00137926452228578
0.00188232911329065
0.00156141405970176
0.000968804342941092
0.000410910745533751
0.000351012491592397
0.00129964701274121
0.00158569482776036
0.0015794130864346
0.00151733825016165
0.00144294818183396
0.00116594004333656
0.000499201643988339
0.000430810036572013
0.00079319925239422
0.00116939201513502
0.00154778948224075
0.00163373938124542
0.00133649259957996
0.00104274893672914
0.000809709116624067
0.000560135294324489
0.000253226802664036
0.000471403490435977
0.000848742311596626
0.000906286589061627
0.000958060320166019
0.00102942004111176
0.00109114308207048
0.001094031410172
0.000978680517815868
0.000658750237210237
0.000308481305927345
0.000417462378075797
0.00048973004204028
0.000480638414329879
0.000485646567486485
0.000555151751108
0.000687118575473121
0.000787310366583492
0.000770543948391559
0.000648991418252663
0.00055179158566895
0.00055538933341335
0.000604975955220554
0.000642675025209517
0.000647631379970371
0.000631600300029775
0.000641437480507238
0.000709172006027641
0.000786840148275668
0.000795585045719657
0.000721031588118302
0.000599094006689265
0.000470765647813702
0.000373040205974128
0.0003360177128947
0.000348528578415053
0.000375687845591943
0.000392834521906897
0.000399064637710325
0.000428811289642933
0.000529466949156175
0.000685046624814044
0.000833948922463012
0.000939895237683406
0.00100007659591761
0.00102436167119946
0.000195159905334201
0.00163580282255078
0.00125051903629272
0.000759247434476148
0.00170652578749522
0.00136036990369773
0.0004123063874493
0.00181761618457201
0.00156840858834428
0.000212043234373175
0.00106056147657466
0.00152874490280701
0.000898582334915168
0.000326552066131702
0.000841398588426456
0.00126938024959387
0.000613367728176285
0.000917453963233359
0.000530004643110226
0.000555399525552884
0.00100548926580699
0.0011122097642632
0.00140237706680338
0.000557220836030248
0.000366850432155428
0.000648496248771225
0.00166798186749503
0.00151171604602908
0.00112910294222347
0.000771637862736559
0.000544487552814213
0.00110978570800524
0.00137325842348734
0.00189864700941349
0.00157294764071435
0.000973652730787559
0.000415807903683152
0.00034392399250796
0.00130982830140139
0.0015946124820767
0.00158102929912048
0.00153604413166943
0.00145766048808132
0.00117856149795077
0.00050579969412641
0.000431618674282604
0.000789594954611968
0.00117883664706428
0.00156682139099808
0.0016510566305575
0.00134661262407953
0.00105262757975284
0.000811954595370563
0.000546356598001353
0.000220084618446478
0.000472430936557137
0.000860538875059401
0.000917048242869019
0.000966797809884568
0.00104328153994527
0.00109960766852876
0.00109634245679524
0.00097664127263962
0.000644764729409231
0.000263579746750094
0.000393256627205767
0.000474462171550131
0.000464054140797824
0.00046944940658373
0.000558197639431143
0.000697448178127995
0.000797670908575946
0.000777776513212311
0.000650209642128778
0.000544298819023558
0.000537133853013418
0.000575968118783129
0.000603319240168187
0.000604180086279485
0.000594917412006252
0.000617099470568196
0.000697762032636557
0.000784800632484076
0.00079834258519693
0.000725276152717023
0.000602857755366077
0.000472765097825719
0.00037038967611179
0.000322521818043579
0.000326330401012883
0.000348423336141476
0.00036049115076248
0.000361001939307614
0.000389278836433918
0.000497522910383245
0.000663079861367807
0.000819093740838862
0.000929081894534078
0.000991036128770546
0.0010153688440096
