1.880580e+01
1.877524e+01
1.880580e+01
1.890380e+01
1.877705e+01
1.890380e+01
1.882812e+01
1.877230e+01
1.882812e+01
1.873213e+01
1.879634e+01
1.873213e+01
1.872474e+01
1.876186e+01
1.872474e+01
1.854317e+01
1.872072e+01
1.854317e+01
1.882758e+01
1.888199e+01
1.882758e+01
1.869424e+01
1.873340e+01
1.869424e+01
1.858333e+01
1.875361e+01
1.858333e+01
1.881843e+01
1.898000e+01
1.881843e+01
1.866872e+01
1.865920e+01
1.866872e+01
1.857147e+01
1.880105e+01
1.857147e+01
1.872572e+01
1.838878e+01
1.872572e+01
1.881216e+01
1.880911e+01
1.881216e+01
1.868197e+01
1.888937e+01
1.868197e+01
1.859462e+01
1.938468e+01
1.859462e+01
1.875739e+01
1.856303e+01
1.875739e+01
1.862908e+01
1.849481e+01
1.862908e+01
1.868127e+01
1.853337e+01
1.868127e+01
1.864427e+01
1.836072e+01
1.864427e+01
1.870816e+01
1.862578e+01
1.870816e+01
1.860955e+01
1.948959e+01
1.860955e+01
1.877269e+01
1.840872e+01
1.877269e+01
1.841114e+01
1.882244e+01
1.841114e+01
1.871854e+01
1.900905e+01
1.871854e+01
1.899132e+01
1.938413e+01
1.899132e+01
1.858385e+01
1.936984e+01
1.858385e+01
1.881148e+01
1.733344e+01
1.881148e+01
1.881158e+01
1.858686e+01
1.881158e+01
1.886014e+01
1.902252e+01
1.886014e+01
1.874234e+01
1.864455e+01
1.874234e+01
1.879205e+01
1.958447e+01
1.879205e+01
1.918385e+01
1.818835e+01
1.918385e+01
1.885222e+01
1.742967e+01
1.885222e+01
1.889379e+01
1.976025e+01
1.889379e+01
1.863248e+01
1.925896e+01
1.863248e+01
1.872734e+01
1.753468e+01
1.872734e+01
1.877764e+01
1.809390e+01
1.877764e+01
1.883153e+01
1.888245e+01
1.883153e+01
1.887238e+01
1.839507e+01
1.887238e+01
1.893953e+01
1.989273e+01
1.893953e+01
1.879108e+01
1.755174e+01
1.879108e+01
1.902783e+01
2.088489e+01
1.902783e+01
1.886156e+01
1.816893e+01
1.886156e+01
1.826600e+01
1.840570e+01
1.826600e+01
1.855897e+01
1.660556e+01
1.855897e+01
1.863583e+01
1.937932e+01
1.863583e+01
1.830915e+01
1.864159e+01
1.830915e+01
1.877727e+01
1.883855e+01
1.877727e+01
1.894361e+01
1.967019e+01
1.894361e+01
1.898752e+01
1.847063e+01
1.898752e+01
1.881965e+01
2.085051e+01
1.881965e+01
1.875856e+01
2.003863e+01
1.875856e+01
1.875077e+01
1.919875e+01
1.875077e+01
1.883346e+01
1.856634e+01
1.883346e+01
1.863317e+01
1.849558e+01
1.863317e+01
1.894066e+01
1.929243e+01
1.894066e+01
1.882743e+01
1.938088e+01
1.882743e+01
1.889924e+01
1.995300e+01
1.889924e+01
1.906935e+01
1.888761e+01
1.906935e+01
1.890460e+01
1.878699e+01
1.890460e+01
1.883672e+01
1.926165e+01
1.883672e+01
1.878038e+01
1.915216e+01
1.878038e+01
1.883894e+01
1.819854e+01
1.883894e+01
1.892164e+01
1.956206e+01
1.892164e+01
1.902416e+01
1.904094e+01
1.902416e+01
1.863277e+01
1.978183e+01
1.863277e+01
1.871393e+01
1.830949e+01
1.871393e+01
1.838092e+01
1.883119e+01
1.838092e+01
1.854438e+01
1.824512e+01
1.854438e+01
1.871636e+01
1.899378e+01
1.871636e+01
1.842050e+01
1.906856e+01
1.842050e+01
1.885772e+01
1.935551e+01
1.885772e+01
1.894175e+01
1.910498e+01
1.894175e+01
1.892356e+01
1.842791e+01
1.892356e+01
1.873672e+01
1.890991e+01
1.873672e+01
1.881745e+01
1.879514e+01
1.881745e+01
1.883253e+01
1.905054e+01
1.883253e+01
1.873455e+01
1.857454e+01
1.873455e+01
1.873514e+01
1.870172e+01
1.873514e+01
1.858491e+01
1.864507e+01
1.858491e+01
1.881330e+01
1.894609e+01
1.881330e+01
1.874409e+01
1.874663e+01
1.874409e+01
1.865902e+01
1.874402e+01
1.865902e+01
1.876545e+01
1.871517e+01
1.876545e+01
1.865473e+01
1.876160e+01
1.865473e+01
1.851407e+01
1.875448e+01
1.851407e+01
1.879035e+01
1.877187e+01
1.879035e+01
1.875053e+01
1.877746e+01
1.875053e+01
1.855838e+01
1.877581e+01
1.855838e+01
