50 90000 9.930797e-06 1.212103e-03 6.810005e-08 7.064561e-03 4.160010e-05 1.831492e-04 5.948434e-02 1.130730e-01 1.286070e-01 1.680145e-03 4.396578e-04 3.656560e-05 1.372708e-04 5.211915e-02 1.136893e-01 1.272350e-01 5.722512e-03 3.061978e-04 2.740729e-04 2.528192e-04 6.115916e-01 
100 90000 1.805290e-05 1.191292e-03 8.209900e-08 1.874868e-03 4.750290e-05 4.346884e-04 1.924638e-01 2.596373e-01 2.747993e-01 1.769838e-03 1.707253e-03 3.945180e-05 3.995691e-04 1.902638e-01 2.575502e-01 2.724299e-01 6.115386e-03 3.171832e-04 2.774279e-04 2.480250e-04 1.461611e+00 
150 90000 2.700530e-05 1.190522e-03 8.509960e-08 3.814821e-03 5.294300e-05 6.621878e-04 5.508119e-01 3.509656e-01 3.684781e-01 1.748823e-03 3.615478e-03 5.192240e-05 7.191798e-04 5.428634e-01 3.480967e-01 3.671974e-01 5.924965e-03 2.979615e-04 2.783242e-04 2.425799e-04 2.547073e+00 
200 90000 3.470180e-05 1.175227e-03 6.610062e-08 6.593346e-03 5.270970e-05 1.158872e-03 7.348895e-01 4.696275e-01 4.870027e-01 1.690999e-03 6.463323e-03 4.812880e-05 1.205594e-03 7.111035e-01 4.700261e-01 5.253181e-01 6.166731e-03 3.348926e-04 2.816041e-04 2.432219e-04 3.423452e+00 
250 90000 4.294610e-05 1.172916e-03 7.110066e-08 1.018644e-02 5.320340e-05 1.731372e-03 1.175668e+00 5.939815e-01 6.085044e-01 1.766548e-03 1.008385e-02 5.198460e-05 1.809884e-03 1.203166e+00 5.955826e-01 6.060271e-01 6.133817e-03 3.126744e-04 2.754178e-04 2.539658e-04 4.816838e+00 
300 90000 5.212880e-05 1.180380e-03 9.920041e-08 1.464169e-02 5.654230e-05 2.540097e-03 1.724498e+00 7.185423e-01 7.219258e-01 1.694444e-03 1.452196e-02 6.283380e-05 2.520653e-03 1.745657e+00 7.100779e-01 7.265354e-01 6.154716e-03 3.025803e-04 2.695521e-04 2.499819e-04 6.391515e+00 
350 90000 5.969400e-05 1.180448e-03 1.011998e-07 1.986131e-02 6.715620e-05 3.307581e-03 2.360775e+00 8.410511e-01 8.439144e-01 1.714208e-03 1.974416e-02 6.575110e-05 3.401517e-03 2.365073e+00 8.410314e-01 8.458065e-01 6.006938e-03 3.014447e-04 2.814468e-04 2.486810e-04 8.153930e+00 
400 90000 6.799040e-05 1.177872e-03 8.610077e-08 2.907539e-02 7.179510e-05 4.318962e-03 3.036271e+00 9.637672e-01 9.732645e-01 1.732466e-03 2.593091e-02 7.238690e-05 4.330060e-03 3.006906e+00 9.530845e-01 9.756682e-01 6.086636e-03 3.108206e-04 2.811403e-04 2.493900e-04 9.982700e+00 
450 90000 7.723720e-05 1.172310e-03 7.820199e-08 3.293542e-02 7.131040e-05 5.657763e-03 4.288264e+00 1.079947e+00 1.099525e+00 1.741971e-03 3.287852e-02 6.896880e-05 5.561017e-03 4.281281e+00 1.074009e+00 1.099297e+00 6.215964e-03 3.045873e-04 2.825474e-04 2.489894e-04 1.300958e+01 
500 90000 8.528320e-05 1.185733e-03 8.810021e-08 4.698134e-02 7.337040e-05 7.082898e-03 5.354761e+00 1.182148e+00 1.198607e+00 1.742251e-03 4.031782e-02 7.354070e-05 7.171240e-03 5.356938e+00 1.192496e+00 1.220653e+00 6.092999e-03 2.920756e-04 2.824703e-04 2.458467e-04 1.561726e+01 
550 90000 9.360260e-05 1.228797e-03 5.709880e-08 4.921897e-02 8.572390e-05 8.422288e-03 6.809373e+00 1.319951e+00 1.337978e+00 1.767434e-03 4.922749e-02 8.665890e-05 8.211333e-03 6.038280e+00 1.309221e+00 1.324047e+00 6.100124e-03 3.102818e-04 2.751825e-04 2.590144e-04 1.826417e+01 
600 90000 1.023276e-04 1.190503e-03 1.000997e-07 5.791532e-02 8.661520e-05 1.018983e-02 7.419521e+00 1.427699e+00 1.474562e+00 1.747051e-03 5.908078e-02 8.900080e-05 9.857856e-03 8.195992e+00 1.423714e+00 1.458345e+00 6.088354e-03 3.018749e-04 2.704520e-04 2.472435e-04 2.154703e+01 
650 90000 1.102074e-04 1.190915e-03 6.610062e-08 7.543481e-02 8.781390e-05 1.187460e-02 1.039395e+01 1.530341e+00 1.549410e+00 1.739705e-03 6.818953e-02 8.976190e-05 1.211177e-02 1.028929e+01 1.544925e+00 1.568594e+00 6.097108e-03 3.194915e-04 2.657764e-04 2.516173e-04 2.705430e+01 
700 90000 1.186119e-04 1.195438e-03 9.310024e-08 8.660412e-02 1.140932e-04 1.367710e-02 1.226527e+01 1.688181e+00 1.687887e+00 1.811830e-03 8.040567e-02 9.861510e-05 1.333448e-02 1.219032e+01 1.692409e+00 1.690124e+00 6.207541e-03 3.157981e-04 2.695822e-04 2.462013e-04 3.141864e+01 
750 90000 1.271737e-04 1.177598e-03 6.009941e-08 1.112624e-01 1.034563e-04 1.669923e-02 1.389755e+01 2.030855e+00 1.797702e+00 1.749935e-03 9.220542e-02 1.156785e-04 1.551279e-02 1.370837e+01 1.896038e+00 1.811590e+00 6.091293e-03 3.049108e-04 2.810202e-04 2.519378e-04 3.538803e+01 
800 90000 1.349533e-04 1.188374e-03 8.509960e-08 1.049827e-01 1.083356e-04 1.843374e-02 1.461550e+01 1.932577e+00 1.900378e+00 1.744471e-03 1.032408e-01 1.120161e-04 1.750426e-02 1.436261e+01 1.916996e+00 1.928350e+00 6.098449e-03 3.051642e-04 2.664215e-04 2.467661e-04 3.691082e+01 
850 90000 1.433758e-04 1.210172e-03 7.210183e-08 1.286515e-01 1.104118e-04 2.408535e-02 1.656753e+01 2.292375e+00 2.280009e+00 1.788066e-03 1.268262e-01 1.077046e-04 2.395131e-02 1.720414e+01 2.285076e+00 2.305496e+00 6.119122e-03 3.266416e-04 2.671107e-04 2.538269e-04 4.324850e+01 
900 90000 1.518196e-04 1.178322e-03 6.610062e-08 1.319430e-01 1.138820e-04 2.421130e-02 2.092220e+01 2.204747e+00 2.172622e+00 1.746620e-03 1.315572e-01 1.123135e-04 2.418706e-02 2.162484e+01 2.165195e+00 2.175705e+00 6.112868e-03 3.039324e-04 2.719907e-04 2.565187e-04 5.158749e+01 
950 90000 1.599567e-04 1.184049e-03 7.110066e-08 1.530340e-01 1.254171e-04 2.727655e-02 2.404985e+01 2.240680e+00 2.553400e+00 1.799014e-03 1.518007e-01 1.311406e-04 2.670629e-02 2.324764e+01 2.262183e+00 2.550158e+00 6.243725e-03 3.134096e-04 2.631536e-04 2.441392e-04 5.727323e+01 
1000 90000 1.683732e-04 1.188646e-03 7.009949e-08 1.619276e-01 1.310375e-04 2.838811e-02 2.593133e+01 2.352499e+00 2.413828e+00 1.752403e-03 1.616918e-01 1.388952e-04 2.874178e-02 2.576408e+01 2.377479e+00 2.417146e+00 6.119376e-03 2.945815e-04 2.681071e-04 2.590144e-04 6.164747e+01 
