50 90000 1.006508e-05 1.231971e-03 6.109476e-08 3.559814e-02 7.264940e-05 1.225759e-04 8.612595e-02 7.955947e-02 1.002805e-01 1.011706e-02 3.572131e-04 7.365388e-05 1.281582e-04 8.791385e-02 8.878353e-02 9.964600e-02 6.162382e-03 3.113857e-04 2.605428e-04 2.444799e-04 5.970849e-01 
100 90000 1.818319e-05 1.242891e-03 8.409843e-08 2.967407e-03 8.442998e-05 4.066358e-04 2.844307e-01 2.291088e-01 2.409176e-01 1.695550e-03 1.279686e-03 6.256443e-05 3.757307e-04 2.824150e-01 2.158227e-01 2.198440e-01 6.218205e-03 1.989261e-02 2.645809e-04 2.555945e-04 1.507322e+00 
150 90000 2.663974e-05 1.231762e-03 5.210750e-08 1.505858e-02 7.952573e-05 6.409735e-04 8.745676e-01 2.904827e-01 2.780747e-01 1.734047e-03 2.589320e-03 6.155078e-05 5.543062e-04 8.113388e-01 2.822649e-01 2.806843e-01 5.174427e-03 1.152434e-02 2.598799e-04 2.437117e-04 2.856632e+00 
200 90000 3.611292e-05 1.245071e-03 1.342036e-07 4.853160e-03 8.000438e-05 9.361290e-04 1.116216e+00 3.709194e-01 3.563126e-01 3.340682e-03 4.599837e-03 7.839799e-05 9.603622e-04 1.177744e+00 3.575737e-01 3.683106e-01 5.514472e-03 3.060137e-04 2.634762e-04 2.476435e-04 3.769596e+00 
250 90000 4.949281e-05 1.250913e-03 1.642853e-07 7.439022e-03 6.693690e-05 1.344761e-03 1.891142e+00 4.368748e-01 4.432253e-01 1.615840e-03 7.241474e-03 7.280973e-05 1.367594e-03 2.058595e+00 4.389349e-01 4.433148e-01 5.474195e-03 3.594895e-04 2.708652e-04 2.473131e-04 5.738923e+00 
300 90000 5.290192e-05 1.259012e-03 1.592096e-07 4.937595e-02 7.340251e-05 1.982176e-03 2.928684e+00 5.175081e-01 5.653600e-01 1.623541e-03 1.042132e-02 7.666340e-05 1.967439e-03 3.071491e+00 5.245244e-01 5.388031e-01 5.564229e-03 6.447849e-03 2.644917e-04 2.467793e-04 8.225766e+00 
350 90000 6.177123e-05 1.230483e-03 1.483131e-07 1.432951e-02 8.414760e-05 2.564953e-03 4.213103e+00 6.136271e-01 6.167692e-01 1.746615e-03 1.403669e-02 7.678559e-05 2.577385e-03 4.209834e+00 6.066586e-01 6.159298e-01 5.485176e-03 2.908831e-04 2.420893e-04 2.271901e-04 1.091891e+01 
400 90000 7.014670e-05 1.242799e-03 1.281966e-07 1.983514e-02 8.825767e-05 3.281832e-03 5.871319e+00 7.008423e-01 7.226105e-01 1.674226e-03 1.831143e-02 9.192722e-05 3.377659e-03 5.733084e+00 6.917765e-01 7.069759e-01 6.102697e-03 2.997795e-04 2.598640e-04 2.479742e-04 1.448153e+01 
450 90000 7.854933e-05 1.250258e-03 1.362059e-07 2.833346e-02 7.800353e-05 4.117029e-03 6.842405e+00 8.003493e-01 7.852987e-01 1.317234e-02 2.637593e-02 8.275663e-05 4.207997e-03 6.948724e+00 7.805964e-01 7.948855e-01 5.900170e-03 3.127539e-04 2.560383e-04 2.449768e-04 1.703671e+01 
500 90000 8.663940e-05 1.235714e-03 1.322012e-07 3.204967e-02 8.695181e-05 5.376232e-03 8.619091e+00 8.714609e-01 8.794728e-01 1.127328e-02 2.854163e-02 8.991733e-05 5.383588e-03 9.038352e+00 8.704957e-01 8.753919e-01 5.673426e-03 5.407319e-03 2.562596e-04 2.469456e-04 2.125001e+01 
550 90000 9.499891e-05 1.261475e-03 1.462176e-07 3.539870e-02 9.511616e-05 6.673885e-03 1.034205e+01 9.840201e-01 9.747015e-01 1.750486e-03 3.480704e-02 1.006853e-04 6.733506e-03 1.054496e+01 9.623688e-01 9.544755e-01 5.646685e-03 3.126356e-04 2.591738e-04 2.483776e-04 2.485605e+01 
600 90000 1.033382e-04 1.254953e-03 1.872890e-07 4.221555e-02 9.960267e-05 8.510578e-03 1.309043e+01 1.036836e+00 1.053961e+00 1.969557e-03 4.122457e-02 1.071482e-04 8.519681e-03 1.242678e+01 1.037453e+00 1.055215e+00 6.213190e-03 3.070692e-04 2.416294e-04 2.357005e-04 2.981172e+01 
650 90000 1.112573e-04 1.254538e-03 1.522247e-07 4.944646e-02 9.685280e-05 1.152611e-02 1.561760e+01 1.132237e+00 1.130065e+00 1.585796e-03 4.903895e-02 1.019244e-04 1.105870e-02 1.516199e+01 1.152991e+00 1.137337e+00 5.615489e-03 2.936550e-04 2.461338e-04 2.382820e-04 3.546288e+01 
700 90000 1.196449e-04 1.256829e-03 1.742970e-07 5.684413e-02 1.061778e-04 1.490836e-02 1.885487e+01 1.208029e+00 1.213730e+00 1.557633e-03 5.702091e-02 9.174319e-05 1.378538e-02 1.753570e+01 1.210107e+00 1.223863e+00 5.764304e-03 2.834840e-04 2.409463e-04 2.315223e-04 4.139855e+01 
750 90000 1.281467e-04 1.257892e-03 1.423061e-07 7.106386e-02 1.106114e-04 1.759857e-02 2.012223e+01 1.449104e+00 1.324029e+00 1.295650e-02 6.522079e-02 1.210360e-04 1.746410e-02 1.885025e+01 1.351871e+00 1.302889e+00 5.963487e-03 3.119245e-04 2.479038e-04 2.498978e-04 4.459310e+01 
800 90000 1.365813e-04 1.287504e-03 1.372304e-07 7.619349e-02 1.169780e-04 2.032272e-02 2.442881e+01 1.389825e+00 1.385103e+00 1.709868e-03 7.525972e-02 1.132844e-04 1.976450e-02 2.380878e+01 1.382332e+00 1.381438e+00 5.952587e-03 3.167147e-04 2.620049e-04 2.479599e-04 5.397802e+01 
850 90000 1.451561e-04 1.248092e-03 1.402106e-07 9.212943e-02 1.171802e-04 2.406182e-02 2.693921e+01 1.621127e+00 1.630154e+00 1.656709e-03 9.637458e-02 1.128607e-04 2.379002e-02 2.769312e+01 1.632971e+00 1.646484e+00 6.093963e-03 3.102356e-03 2.561340e-04 2.370455e-04 6.141244e+01 
900 90000 1.526613e-04 1.256479e-03 1.742970e-07 9.494834e-02 1.101207e-04 2.566609e-02 3.158469e+01 1.542270e+00 1.561096e+00 1.594308e-03 9.699540e-02 3.760518e-03 2.739479e-02 3.098649e+01 1.557248e+00 1.563240e+00 5.990097e-03 3.036501e-04 2.476975e-04 2.363906e-04 6.905373e+01 
950 90000 1.616668e-04 1.234425e-03 2.543908e-07 1.208588e-01 1.255297e-04 3.165513e-02 3.439986e+01 1.640958e+00 1.829638e+00 1.686315e-03 1.079648e-01 1.180287e-02 3.277869e-02 3.444078e+01 1.646319e+00 1.884127e+00 6.108937e-03 5.384733e-03 2.462613e-04 2.432718e-04 7.616198e+01 
1000 90000 1.695386e-04 1.222504e-03 2.482906e-07 1.424980e-01 1.371822e-04 4.244263e-02 3.911450e+01 1.707829e+00 1.740926e+00 1.097487e-02 1.197545e-01 1.333505e-04 3.655977e-02 3.919099e+01 1.735422e+00 1.747383e+00 6.212996e-03 3.080698e-04 2.429785e-04 2.369684e-04 8.559798e+01 
