50 90000 9.538835e-05 4.081495e-04 3.634952e-09 5.618035e-05 9.204997e-06 3.404616e-05 1.716141e-02 4.367586e-03 5.071410e-03 3.688467e-05 5.534617e-05 9.030166e-06 3.407303e-05 1.712047e-02 4.370649e-03 5.052413e-03 3.675914e-05 3.421663e-05 3.439159e-05 3.375921e-05 5.402168e-02 
100 90000 9.602324e-05 4.153293e-04 3.996305e-09 8.618324e-05 9.300981e-06 6.331620e-05 3.161475e-02 9.438157e-03 1.031427e-02 3.817884e-05 7.639552e-05 9.177126e-06 6.307463e-05 3.158157e-02 9.440637e-03 1.034715e-02 3.798529e-05 3.506085e-05 3.508034e-05 3.544466e-05 1.037375e-01 
150 90000 9.596583e-05 4.151092e-04 4.075933e-09 1.156800e-04 9.272829e-06 1.297325e-04 4.745164e-02 1.743338e-02 1.788913e-02 3.824701e-05 1.154568e-04 9.303184e-06 1.278128e-04 4.719202e-02 1.731942e-02 1.786663e-02 3.802595e-05 3.524170e-05 3.530893e-05 3.479481e-05 1.663525e-01 
200 90000 9.574431e-05 4.160863e-04 4.127156e-09 1.913182e-04 9.364876e-06 2.268524e-04 7.055536e-02 2.329308e-02 2.392629e-02 3.799206e-05 1.825437e-04 9.179820e-06 2.260447e-04 7.061074e-02 2.339201e-02 2.391063e-02 3.784585e-05 3.455453e-05 3.477970e-05 3.450654e-05 2.372253e-01 
250 90000 9.533817e-05 4.102212e-04 3.937166e-09 2.929658e-04 9.243135e-06 3.412800e-04 9.398860e-02 2.575530e-02 2.541715e-02 3.685157e-05 2.757999e-04 9.115194e-06 3.394620e-04 9.402319e-02 2.545747e-02 2.524635e-02 3.674786e-05 3.414032e-05 3.396442e-05 3.366263e-05 2.918372e-01 
300 90000 9.539653e-05 4.101150e-04 4.006084e-09 3.584258e-04 9.305227e-06 4.969322e-04 1.231761e-01 3.028181e-02 3.016401e-02 3.703384e-05 3.718952e-04 9.164136e-06 4.969912e-04 1.230978e-01 3.024874e-02 3.023046e-02 3.689536e-05 3.390302e-05 3.379296e-05 3.385824e-05 3.696231e-01 
350 90000 9.615461e-05 4.160658e-04 4.075933e-09 5.064876e-04 9.376764e-06 7.042412e-04 1.553540e-01 4.130766e-02 4.243402e-02 3.812660e-05 5.019287e-04 9.272308e-06 7.051905e-04 1.560292e-01 4.136240e-02 4.228327e-02 3.812296e-05 3.487026e-05 3.507122e-05 3.485535e-05 4.819007e-01 
400 90000 9.671876e-05 4.149607e-04 4.165806e-09 6.505007e-04 9.399225e-06 9.456855e-04 1.886890e-01 4.746170e-02 4.796210e-02 3.785971e-05 6.380651e-04 9.269985e-06 9.425145e-04 1.884341e-01 4.755563e-02 4.806206e-02 3.788134e-05 3.474684e-05 3.469404e-05 3.484698e-05 5.720521e-01 
450 90000 9.580285e-05 4.146089e-04 4.026107e-09 7.474001e-04 9.331307e-06 1.176777e-03 2.231786e-01 4.218622e-02 4.662003e-02 3.791578e-05 7.401226e-04 9.256384e-06 1.178147e-03 2.229742e-01 4.233779e-02 4.644372e-02 3.790695e-05 3.461105e-05 3.521877e-05 3.456536e-05 6.282925e-01 
500 90000 9.560882e-05 4.154699e-04 4.327390e-09 9.255121e-04 9.338126e-06 1.425214e-03 2.638426e-01 4.694534e-02 5.187694e-02 3.791692e-05 9.124531e-04 9.247401e-06 1.426654e-03 2.635745e-01 4.707139e-02 5.186943e-02 3.788086e-05 3.472119e-05 3.517232e-05 3.450152e-05 7.305802e-01 
550 90000 9.569072e-05 4.152805e-04 4.095957e-09 1.247940e-03 9.380009e-06 1.747007e-03 3.101112e-01 6.580472e-02 6.687513e-02 3.788267e-05 1.241529e-03 9.262643e-06 1.741628e-03 3.097055e-01 6.563426e-02 6.717775e-02 3.798671e-05 3.467717e-05 3.519921e-05 3.457843e-05 8.919970e-01 
600 90000 9.575880e-05 4.148115e-04 4.115980e-09 1.456945e-03 9.330904e-06 2.045320e-03 3.550047e-01 7.141721e-02 7.272492e-02 3.802136e-05 1.421436e-03 9.298056e-06 2.046525e-03 3.545228e-01 7.151795e-02 7.261868e-02 3.789279e-05 3.486917e-05 3.496328e-05 3.474557e-05 1.005487e+00 
650 90000 9.572622e-05 4.097810e-04 3.966037e-09 1.523789e-03 9.274979e-06 2.470691e-03 4.010308e-01 6.649635e-02 6.172903e-02 3.719553e-05 1.510443e-03 9.186720e-06 2.473191e-03 4.010105e-01 6.656022e-02 6.171124e-02 3.713369e-05 3.430866e-05 3.447218e-05 3.412132e-05 1.067218e+00 
700 90000 9.533338e-05 4.090023e-04 3.935304e-09 1.769431e-03 9.312557e-06 2.891572e-03 4.519465e-01 7.188641e-02 6.705777e-02 3.712517e-05 1.750731e-03 9.190164e-06 2.891441e-03 4.519972e-01 7.183227e-02 6.681014e-02 3.691631e-05 3.394493e-05 3.403596e-05 3.397051e-05 1.191533e+00 
750 90000 9.651888e-05 4.214516e-04 4.236121e-09 2.264728e-03 9.383672e-06 3.586516e-03 5.129402e-01 8.944346e-02 9.020023e-02 3.788860e-05 2.231670e-03 9.286927e-06 3.589052e-03 5.129765e-01 8.949162e-02 9.042709e-02 3.785902e-05 3.481630e-05 3.533984e-05 3.498021e-05 1.397869e+00 
800 90000 9.493191e-05 4.087503e-04 4.045665e-09 2.575285e-03 9.312536e-06 3.950391e-03 5.729012e-01 9.590194e-02 9.626694e-02 3.688409e-05 2.575024e-03 9.213659e-06 3.942285e-03 5.725378e-01 9.595124e-02 9.606123e-02 3.674711e-05 3.409146e-05 3.403781e-05 3.412293e-05 1.543362e+00 
850 90000 9.619825e-05 4.142780e-04 3.965106e-09 2.695685e-03 9.386336e-06 4.195298e-03 6.361659e-01 8.508518e-02 8.792482e-02 3.786914e-05 2.688880e-03 9.271665e-06 4.179804e-03 6.349832e-01 8.529294e-02 8.778807e-02 3.782751e-05 3.475288e-05 3.470088e-05 3.448525e-05 1.631709e+00 
900 90000 9.568108e-05 4.099610e-04 4.115980e-09 3.067032e-03 9.307286e-06 4.742924e-03 7.040933e-01 9.059430e-02 9.396533e-02 3.672094e-05 3.115803e-03 9.214869e-06 4.733481e-03 7.039952e-01 9.078327e-02 9.405231e-02 3.664452e-05 3.366927e-05 3.385678e-05 3.385329e-05 1.793842e+00 
950 90000 9.548114e-05 4.126819e-04 4.115980e-09 3.710539e-03 9.780694e-06 5.549753e-03 7.901349e-01 1.136489e-01 1.149424e-01 3.783028e-05 3.720024e-03 9.247038e-06 5.546789e-03 7.897885e-01 1.137452e-01 1.149834e-01 3.776782e-05 3.479585e-05 3.497683e-05 3.454925e-05 2.056478e+00 
1000 90000 9.537209e-05 4.115030e-04 3.965572e-09 4.088604e-03 9.341228e-06 6.145073e-03 8.686713e-01 1.196018e-01 1.209906e-01 3.711968e-05 4.031205e-03 9.209289e-06 6.129869e-03 8.684975e-01 1.196138e-01 1.205414e-01 3.707242e-05 3.416211e-05 3.417972e-05 3.424250e-05 2.239014e+00 
