50 90000 4.548765e-02 2.152890e-03 1.591980e-07 5.903692e-04 3.296820e-05 1.694219e-04 5.396218e-02 1.426817e-01 1.609475e-01 1.947168e-03 5.315504e-04 3.605980e-05 1.782520e-04 5.539110e-02 1.507231e-01 1.535148e-01 6.309325e-03 7.337141e-04 4.753796e-04 2.877385e-04 7.761797e-01 
100 90000 1.615634e-02 1.203431e-03 2.083019e-07 2.823020e-02 3.328865e-03 5.212931e-03 1.960604e-01 3.220493e-01 3.438758e-01 1.924953e-03 2.086599e-03 3.378140e-05 4.636260e-04 1.813005e-01 3.125631e-01 3.484528e-01 6.180972e-03 3.789747e-04 2.762183e-04 2.715884e-04 1.770079e+00 
150 90000 4.465535e-04 1.194244e-03 1.623004e-07 4.495736e-03 5.016890e-05 1.042428e-03 5.826953e-01 4.445249e-01 4.520789e-01 2.750088e-03 4.467509e-03 4.510930e-05 8.275272e-04 5.740392e-01 4.338193e-01 4.541166e-01 6.172698e-03 3.528347e-04 2.750666e-04 2.726900e-04 2.963695e+00 
200 90000 1.108437e-03 1.189013e-03 1.331966e-07 7.993355e-03 5.280180e-05 1.421319e-03 7.716354e-01 5.838085e-01 5.942679e-01 1.822851e-03 7.947491e-03 4.596860e-05 1.308861e-03 8.424113e-01 6.872349e-01 6.377278e-01 6.128667e-03 3.979487e-04 3.217250e-04 3.235487e-04 4.147178e+00 
250 90000 4.204122e-04 1.184892e-03 1.332024e-07 1.246912e-02 5.063450e-05 2.264634e-03 1.303926e+00 7.185777e-01 7.427985e-01 1.856456e-03 1.254177e-02 5.749670e-05 2.251309e-03 1.566042e+00 7.247857e-01 7.437316e-01 6.181748e-03 3.710376e-04 3.248407e-04 3.189269e-04 5.840179e+00 
300 90000 4.259986e-04 1.188865e-03 1.521956e-07 1.793108e-02 5.595850e-05 3.142889e-03 1.827248e+00 9.085342e-01 9.033936e-01 1.754149e-03 1.790207e-02 5.784730e-05 3.041322e-03 2.343056e+00 9.387360e-01 9.502000e-01 6.230441e-03 4.010644e-04 2.985184e-04 2.889261e-04 7.923921e+00 
350 90000 2.297260e-02 1.194627e-03 1.773005e-07 2.444007e-02 7.176410e-05 4.183486e-03 2.224335e+00 1.042877e+00 1.044951e+00 2.003057e-03 2.450949e-02 7.154980e-05 4.329267e-03 2.277655e+00 1.031514e+00 1.127224e+00 6.094932e-03 3.918786e-03 3.379502e-04 3.278382e-04 8.843042e+00 
400 90000 1.810234e-03 2.079971e-03 9.909854e-08 3.198776e-02 6.508310e-05 5.431446e-03 3.456720e+00 1.176117e+00 1.173242e+00 1.811269e-03 3.235431e-02 6.883180e-05 5.514391e-03 2.893233e+00 1.188542e+00 1.206243e+00 6.105770e-03 3.724617e-04 3.166806e-04 3.090852e-04 1.118238e+01 
450 90000 3.213282e-03 1.203671e-03 1.893030e-07 4.025761e-02 6.622780e-05 6.774497e-03 4.212496e+00 1.315978e+00 1.342736e+00 1.725097e-03 4.001695e-02 6.354990e-05 6.808095e-03 5.151071e+00 1.525761e+00 1.386356e+00 5.038721e-03 3.687973e-04 2.752036e-04 2.765547e-04 1.504055e+01 
500 90000 1.321400e-02 1.177588e-03 2.032961e-07 5.016811e-02 7.931730e-05 9.009213e-03 6.241727e+00 1.518782e+00 1.893284e+00 1.392843e-02 8.656230e-02 1.182957e-02 4.216042e-02 6.699556e+00 1.495388e+00 1.511319e+00 6.110733e-03 6.146560e-03 3.213044e-04 3.047668e-04 1.960110e+01 
550 90000 6.900929e-03 1.172024e-03 1.682027e-07 6.068983e-02 8.931720e-05 1.084104e-02 7.571951e+00 1.599078e+00 1.660990e+00 1.787963e-03 6.042749e-02 7.846210e-05 1.050892e-02 7.852720e+00 1.602560e+00 1.655260e+00 6.114076e-03 2.272690e-02 3.805877e-03 3.047608e-04 2.212804e+01 
600 90000 2.869568e-02 1.163367e-03 1.722947e-07 7.183346e-02 8.798330e-05 1.268567e-02 9.209610e+00 1.745974e+00 1.824190e+00 1.358234e-02 1.358941e-01 8.438889e-03 1.428718e-02 1.062533e+01 1.780181e+00 1.898754e+00 5.284080e-03 1.529359e-02 2.910862e-04 2.943521e-04 2.739192e+01 
650 90000 2.885341e-02 2.192214e-03 1.573004e-07 8.502404e-02 8.362970e-05 1.563380e-02 1.117009e+01 1.942670e+00 1.967179e+00 1.631905e-03 8.492672e-02 9.243090e-05 1.839104e-02 1.136664e+01 1.918995e+00 1.947573e+00 5.147151e-03 4.001049e-04 3.003511e-04 3.048759e-04 3.055616e+01 
700 90000 3.280477e-02 2.210275e-03 8.420320e-08 9.801064e-02 9.119810e-05 1.789467e-02 1.283319e+01 2.180636e+00 2.071854e+00 1.635258e-03 9.807262e-02 8.531930e-05 1.758295e-02 1.364352e+01 2.075516e+00 2.136389e+00 6.138174e-03 3.845097e-04 2.751976e-04 2.913817e-04 3.521663e+01 
750 90000 3.363735e-02 2.172355e-03 9.410433e-08 1.158277e-01 9.455610e-05 2.351343e-02 1.558042e+01 2.420439e+00 2.459510e+00 1.461477e-02 1.983820e-01 1.427674e-02 5.446189e-02 1.741029e+01 2.254314e+00 2.287934e+00 5.191383e-03 2.416391e-02 2.864857e-02 2.880072e-02 4.295674e+01 
800 90000 9.626522e-03 1.170047e-03 2.143963e-07 1.287505e-01 1.063447e-04 2.415450e-02 1.954598e+01 2.551242e+00 2.413379e+00 1.501600e-02 1.458047e-01 1.170334e-02 5.653684e-02 1.998619e+01 2.688564e+00 2.388861e+00 5.970829e-03 3.837929e-04 2.731117e-04 2.816645e-04 4.997404e+01 
850 90000 4.513956e-02 1.165643e-03 1.712993e-07 1.538116e-01 1.070928e-04 3.017157e-02 1.907134e+01 2.724068e+00 2.767496e+00 1.225781e-02 1.693816e-01 1.483840e-02 5.701041e-02 1.993440e+01 2.879424e+00 2.781135e+00 6.108431e-03 1.685781e-02 3.077994e-04 2.970112e-04 5.066536e+01 
900 90000 5.294041e-04 1.192756e-03 1.321954e-07 1.631021e-01 1.125430e-04 3.514988e-02 2.139359e+01 2.729196e+00 2.748425e+00 1.877290e-03 1.659491e-01 4.190192e-03 3.302395e-02 2.289853e+01 2.912334e+00 2.687502e+00 6.127115e-03 4.204735e-04 3.247096e-04 3.091263e-04 5.578192e+01 
950 90000 1.122175e-01 1.181738e-03 1.382024e-07 1.943514e-01 1.245609e-04 3.914398e-02 2.683475e+01 2.826986e+00 3.170629e+00 1.496640e-02 3.019431e-01 1.490467e-02 6.557142e-02 2.712561e+01 2.932472e+00 3.070585e+00 5.418704e-03 3.794491e-04 2.919976e-04 2.965685e-04 6.671189e+01 
1000 90000 1.167181e-01 1.292400e-03 9.809737e-08 2.349074e-01 1.367420e-04 4.501259e-02 2.945982e+01 2.945521e+00 3.004953e+00 1.917534e-03 2.026099e-01 1.362844e-04 3.889214e-02 2.547219e+01 2.950464e+00 2.999261e+00 6.084504e-03 3.888543e-04 3.133066e-04 2.981189e-04 6.748096e+01 
