50 90000 1.000999e-05 1.253731e-03 7.608905e-08 5.417071e-03 1.590088e-03 1.685572e-04 8.125460e-02 9.113299e-02 1.033221e-01 1.824642e-03 3.814216e-04 5.276790e-05 1.390971e-04 6.731781e-02 9.069870e-02 1.027510e-01 6.299914e-03 3.243342e-04 2.716914e-04 2.618027e-04 5.544977e-01 
100 90000 1.795194e-05 1.221773e-03 7.222407e-08 1.816593e-03 1.335097e-04 4.691670e-04 2.461755e-01 2.151827e-01 2.298422e-01 1.772880e-03 1.483981e-03 5.474193e-05 3.889539e-04 2.575583e-01 2.175400e-01 2.250964e-01 6.107061e-03 3.183133e-04 2.707841e-04 2.589113e-04 1.405738e+00 
150 90000 2.663680e-05 1.210761e-03 1.010951e-07 7.697167e-03 6.850651e-05 6.404321e-04 7.074602e-01 2.899559e-01 3.062558e-01 1.827498e-03 3.052107e-03 6.373040e-05 6.506534e-04 7.155342e-01 2.918412e-01 3.091109e-01 6.103032e-03 3.985973e-04 2.652718e-04 2.678427e-04 2.642463e+00 
200 90000 3.432729e-05 1.250227e-03 9.923242e-08 1.138467e-02 5.979137e-05 1.060447e-03 1.086560e+00 3.979452e-01 4.132328e-01 1.764793e-03 5.404062e-03 7.152902e-05 1.098707e-03 1.096397e+00 4.085073e-01 4.111212e-01 6.297879e-03 3.141139e-04 2.819628e-04 2.715983e-04 3.843083e+00 
250 90000 4.260479e-05 1.259555e-03 6.905757e-08 8.624351e-03 7.234723e-05 1.663418e-03 1.728310e+00 5.540850e-01 5.108137e-01 1.702575e-03 8.440336e-03 6.246939e-05 1.618299e-03 1.687583e+00 5.088978e-01 5.774644e-01 6.122360e-03 3.278625e-04 2.731667e-04 2.641903e-04 5.597681e+00 
300 90000 5.196570e-05 2.188816e-03 8.014031e-08 1.759271e-02 7.460266e-05 2.277650e-03 2.869446e+00 5.896051e-01 5.998129e-01 1.754536e-03 1.206657e-02 7.020100e-05 2.234717e-03 2.841560e+00 5.940916e-01 6.048977e-01 6.377096e-03 3.409912e-04 2.633223e-04 2.506793e-04 8.145009e+00 
350 90000 6.098808e-05 1.238709e-03 1.742039e-07 1.664151e-02 8.034199e-05 2.929804e-03 3.841466e+00 7.326940e-01 7.039717e-01 1.829413e-03 1.636408e-02 7.555196e-05 2.993463e-03 3.948238e+00 9.105254e-01 9.159966e-01 6.230941e-03 2.720814e-02 2.864061e-02 2.856889e-02 1.118578e+01 
400 90000 7.452150e-05 1.208403e-03 2.042856e-07 7.332166e-02 1.417272e-02 3.459719e-02 4.875632e+00 7.987770e-01 8.055434e-01 1.775629e-03 2.231357e-02 7.947283e-05 3.916117e-03 4.899525e+00 7.994256e-01 8.048772e-01 6.101008e-03 3.299767e-04 2.639809e-04 2.515854e-04 1.314221e+01 
450 90000 7.844130e-05 1.240031e-03 1.371838e-07 2.954015e-02 8.071270e-05 4.916906e-03 6.335477e+00 8.934402e-01 9.033556e-01 1.760734e-03 2.742132e-02 7.511629e-05 5.103030e-03 6.378331e+00 9.036241e-01 9.043432e-01 6.085472e-03 3.296668e-04 2.673887e-04 2.530583e-04 1.639574e+01 
500 90000 8.689277e-05 1.229849e-03 1.853332e-07 3.447005e-02 8.109324e-05 6.711493e-03 7.727071e+00 9.934619e-01 1.005211e+00 1.728916e-03 3.369837e-02 8.023693e-05 6.619248e-03 7.814839e+00 1.029255e+00 1.002674e+00 6.165560e-03 3.391268e-04 2.660185e-04 2.568528e-04 1.966427e+01 
550 90000 9.498289e-05 1.241253e-03 1.362059e-07 4.086870e-02 9.676558e-05 8.788831e-03 9.921198e+00 1.083092e+00 1.123064e+00 1.707279e-03 4.061517e-02 9.940052e-05 8.883384e-03 9.942656e+00 1.086829e+00 1.100528e+00 6.155554e-03 3.419351e-04 2.704262e-04 2.563281e-04 2.436681e+01 
600 90000 1.031199e-04 1.239084e-03 1.702923e-07 4.895662e-02 9.631668e-05 1.200296e-02 1.233816e+01 1.200179e+00 1.202246e+00 1.767471e-03 4.826783e-02 9.831190e-05 1.142401e-02 1.202656e+01 1.363161e+00 1.206722e+00 6.223467e-03 3.526580e-04 2.696730e-04 2.627206e-04 2.946811e+01 
650 90000 1.112463e-04 1.254291e-03 1.762994e-07 5.727545e-02 9.883074e-05 1.605950e-02 1.430836e+01 1.297381e+00 1.293452e+00 1.705244e-03 5.706902e-02 8.915518e-05 1.503093e-02 1.413578e+01 1.284051e+00 1.301195e+00 6.204308e-03 3.558590e-04 2.590673e-04 2.483843e-04 3.377601e+01 
700 90000 1.195658e-04 1.190803e-03 2.022833e-07 6.619298e-02 9.376211e-05 1.923695e-02 1.688846e+01 1.378479e+00 1.395032e+00 1.761719e-03 6.606474e-02 9.801346e-05 1.888373e-02 1.673934e+01 1.381449e+00 1.397404e+00 6.087242e-03 3.284299e-04 2.808548e-04 2.592274e-04 3.936078e+01 
750 90000 1.283208e-04 1.264219e-03 2.173241e-07 8.023433e-02 1.120224e-04 2.260193e-02 1.909078e+01 1.659341e+00 1.492166e+00 1.706347e-03 7.535103e-02 1.042708e-04 2.184697e-02 1.893127e+01 1.536893e+00 1.496945e+00 6.090992e-03 3.353552e-04 2.630481e-04 2.542951e-04 4.441772e+01 
800 90000 1.361765e-04 1.223488e-03 1.652632e-07 9.251406e-02 1.066804e-04 2.715327e-02 2.178410e+01 1.594344e+00 1.591669e+00 1.703573e-03 8.655796e-02 1.107876e-04 2.657711e-02 2.155579e+01 1.597361e+00 1.593044e+00 6.356091e-03 1.768068e-02 2.633556e-04 3.885426e-04 4.997710e+01 
850 90000 1.455906e-04 1.230914e-03 1.482200e-07 1.061391e-01 1.085602e-04 2.957505e-02 2.560760e+01 1.952209e+00 1.899584e+00 1.735356e-03 1.048679e-01 1.154956e-04 3.399855e-02 2.474375e+01 1.872852e+00 1.893419e+00 6.108534e-03 3.461653e-04 2.609681e-04 2.446907e-04 5.825432e+01 
900 90000 1.534062e-04 1.212353e-03 1.791865e-07 1.099012e-01 1.129808e-04 3.238613e-02 2.886914e+01 1.793212e+00 1.808486e+00 1.705429e-03 1.093169e-01 1.199142e-04 3.235686e-02 2.845014e+01 1.790820e+00 1.806432e+00 6.090787e-03 3.251079e-04 2.616561e-04 2.546175e-04 6.481246e+01 
950 90000 1.613491e-04 1.247611e-03 1.773238e-07 1.272479e-01 1.257269e-04 3.873078e-02 3.314235e+01 1.873905e+00 2.117375e+00 1.746703e-03 1.269338e-01 1.294395e-04 4.150278e-02 3.360936e+01 1.920810e+00 2.124318e+00 6.244718e-03 3.535965e-04 2.696941e-04 2.575659e-04 7.513309e+01 
1000 90000 1.703306e-04 1.200843e-03 1.722947e-07 1.351799e-01 1.300133e-04 4.558475e-02 3.666742e+01 1.985317e+00 2.011457e+00 1.831424e-03 1.344183e-01 1.404409e-04 4.592223e-02 3.556995e+01 2.002399e+00 2.006866e+00 6.115697e-03 3.463717e-04 2.671353e-04 2.576130e-04 8.061500e+01 
