50 90000 9.917794e-06 1.253117e-03 6.007031e-08 1.434344e-02 5.510310e-06 2.071044e-03 1.847525e-02 4.102832e+00 4.697823e+00 6.120021e-03 1.438961e-02 5.465094e-06 2.159664e-03 1.831595e-02 4.104645e+00 4.696968e+00 6.188259e-03 7.076519e-03 7.214190e-03 7.213827e-03 1.770714e+01 
100 90000 1.898236e-05 1.220851e-03 4.908070e-08 6.398188e-02 7.509207e-06 9.674263e-03 1.223057e-01 9.554148e+00 1.014553e+01 6.195312e-03 6.451127e-02 9.857723e-06 9.718651e-03 1.224815e-01 9.549481e+00 1.014378e+01 6.114696e-03 6.678692e-03 7.277079e-03 7.214528e-03 3.982039e+01 
150 90000 2.718461e-05 1.251505e-03 6.807968e-08 1.386377e-01 1.243958e-05 2.266878e-02 5.214138e-01 1.345538e+01 1.402949e+01 6.190376e-03 1.391092e-01 1.184568e-05 2.266745e-02 5.231138e-01 1.341162e+01 1.403134e+01 6.247170e-03 6.408950e-03 6.465831e-03 6.482182e-03 5.632857e+01 
200 90000 3.528572e-05 1.223110e-03 7.706694e-08 2.491651e-01 1.450060e-05 4.085807e-02 9.214747e-01 1.808871e+01 1.873317e+01 6.185471e-03 2.494040e-01 1.452970e-05 4.041071e-02 9.234223e-01 1.816707e+01 1.869209e+01 6.119086e-03 6.158184e-03 6.475324e-03 6.480369e-03 7.613852e+01 
250 90000 4.293220e-05 1.245483e-03 6.109476e-08 3.908929e-01 1.774351e-05 6.422160e-02 1.767305e+00 2.276188e+01 2.351869e+01 6.190809e-03 3.908497e-01 1.868191e-05 6.409447e-02 1.762003e+00 2.277697e+01 2.329222e+01 6.118101e-03 6.186502e-03 6.479510e-03 6.478701e-03 9.682195e+01 
300 90000 5.131271e-05 1.230952e-03 7.906929e-08 5.655501e-01 2.103737e-05 9.329564e-02 3.009748e+00 2.744327e+01 2.801600e+01 6.120111e-03 5.658705e-01 2.161833e-05 9.313075e-02 3.016393e+00 2.749396e+01 2.803913e+01 6.117055e-03 6.142000e-03 6.441351e-03 6.473897e-03 1.183690e+02 
350 90000 6.067171e-05 1.224814e-03 5.797483e-08 7.697338e-01 2.513151e-05 1.264444e-01 4.773667e+00 3.205203e+01 3.287467e+01 6.121802e-03 7.703045e-01 2.416610e-05 1.265664e-01 4.784866e+00 3.207280e+01 3.263274e+01 6.122978e-03 6.387292e-03 6.534119e-03 6.478013e-03 1.410168e+02 
400 90000 6.780927e-05 1.250056e-03 7.809140e-08 1.008194e+00 2.792371e-05 1.658869e-01 7.164461e+00 3.673595e+01 3.728408e+01 6.182940e-03 1.009718e+00 2.801893e-05 1.660500e-01 7.166048e+00 3.676396e+01 3.729413e+01 6.114696e-03 6.340456e-03 6.527873e-03 6.478895e-03 1.647915e+02 
450 90000 7.711728e-05 1.228813e-03 8.218922e-08 1.279613e+00 3.087912e-05 2.071025e-01 1.022669e+01 4.136466e+01 4.212596e+01 6.241368e-03 1.277416e+00 3.219009e-05 2.098547e-01 1.027342e+01 4.129781e+01 4.195890e+01 6.186009e-03 6.485109e-03 6.539488e-03 6.483430e-03 1.902548e+02 
500 90000 8.533048e-05 1.280938e-03 6.412156e-08 1.579359e+00 3.420212e-05 2.590559e-01 1.396878e+01 4.611753e+01 4.671007e+01 6.193398e-03 1.582364e+00 3.496530e-05 2.590933e-01 1.401138e+01 4.603244e+01 4.672233e+01 6.164014e-03 6.268666e-03 6.485417e-03 6.481564e-03 2.172755e+02 
550 90000 9.328942e-05 1.278253e-03 6.612390e-08 1.916549e+00 3.886102e-05 3.155360e-01 1.838755e+01 5.083205e+01 5.131917e+01 6.120200e-03 1.917161e+00 3.757519e-05 3.140093e-01 1.845156e+01 5.059277e+01 5.127565e+01 6.104947e-03 6.498663e-03 6.482499e-03 6.491401e-03 2.453552e+02 
600 90000 1.028427e-04 1.214912e-03 6.007031e-08 2.282730e+00 4.077689e-05 3.763752e-01 2.384636e+01 5.545018e+01 5.599396e+01 6.115160e-03 2.277194e+00 4.086113e-05 3.719963e-01 2.402382e+01 5.534969e+01 5.599665e+01 6.123355e-03 6.145470e-03 6.449318e-03 6.474731e-03 2.760017e+02 
650 90000 1.215950e-04 1.300477e-03 7.012859e-08 2.677113e+00 4.511042e-05 4.398771e-01 3.060581e+01 6.010952e+01 6.084349e+01 6.107138e-03 2.683870e+00 4.440341e-05 4.377624e-01 3.017923e+01 5.983558e+01 6.054450e+01 6.100731e-03 6.150093e-03 6.244563e-03 7.179994e-03 3.083901e+02 
700 90000 1.183048e-04 1.237071e-03 6.812625e-08 3.109383e+00 4.841327e-05 5.110456e-01 3.724567e+01 6.469926e+01 6.540158e+01 6.143222e-03 3.109899e+00 4.737084e-05 5.091966e-01 3.730771e+01 6.462000e+01 6.520837e+01 6.165992e-03 6.122580e-03 6.491522e-03 6.482507e-03 3.417550e+02 
750 90000 1.275847e-04 1.244073e-03 6.412156e-08 3.688387e+00 5.061361e-05 5.967733e-01 4.640903e+01 7.569615e+01 6.995042e+01 6.115128e-03 3.572361e+00 5.144784e-05 5.881550e-01 4.615732e+01 7.044876e+01 6.980803e+01 6.235847e-03 6.471089e-03 6.467437e-03 7.160622e-03 3.869493e+02 
800 90000 1.351948e-04 1.227572e-03 7.110648e-08 4.065230e+00 5.467171e-05 6.654311e-01 5.606884e+01 7.398428e+01 7.474225e+01 6.115078e-03 4.070771e+00 5.409881e-05 6.643638e-01 5.611066e+01 7.397830e+01 7.448407e+01 6.121140e-03 6.408093e-03 6.492325e-03 6.526092e-03 4.188674e+02 
850 90000 1.435364e-04 1.217020e-03 6.607734e-08 4.883280e+00 5.773823e-05 7.815493e-01 6.658476e+01 8.567501e+01 8.650708e+01 6.122325e-03 4.896696e+00 5.796663e-05 7.828654e-01 6.669784e+01 8.583198e+01 8.648425e+01 6.104161e-03 6.709443e-03 7.143827e-03 7.210791e-03 4.891601e+02 
900 90000 1.528413e-04 1.217944e-03 6.607734e-08 5.136696e+00 6.151279e-05 8.449584e-01 7.875621e+01 8.308897e+01 8.392151e+01 6.169415e-03 5.148634e+00 6.101411e-05 8.413388e-01 7.888185e+01 8.325211e+01 8.402294e+01 6.292931e-03 6.109690e-03 6.454552e-03 6.647302e-03 5.039284e+02 
950 90000 1.602564e-04 1.214742e-03 8.507632e-08 5.912814e+00 6.367709e-05 9.581495e-01 9.223045e+01 8.787680e+01 9.671698e+01 6.244187e-03 5.930666e+00 6.500799e-05 9.577384e-01 9.230433e+01 8.760749e+01 9.674926e+01 6.109736e-03 6.330625e-03 6.482093e-03 6.698762e-03 5.672781e+02 
1000 90000 1.691456e-04 1.259927e-03 7.911585e-08 6.345697e+00 6.708424e-05 1.042238e+00 1.081569e+02 9.232129e+01 9.329200e+01 6.169002e-03 6.358135e+00 6.792550e-05 1.038532e+00 1.081798e+02 9.210291e+01 9.319396e+01 6.176226e-03 7.035739e-03 7.214920e-03 7.210650e-03 6.020669e+02 
