50 90000 2.301372e-04 1.211095e-03 5.909824e-08 9.965759e-04 1.344600e-05 1.619946e-04 2.570418e-02 2.600766e-01 2.953105e-01 2.181161e-03 9.399435e-04 1.335190e-05 1.619935e-04 2.560082e-02 2.604133e-01 2.951699e-01 6.230889e-03 5.127515e-04 4.611556e-04 4.743543e-04 1.175894e+00 
100 90000 1.780115e-04 1.185502e-03 7.909839e-08 4.103442e-03 1.625020e-05 6.590747e-04 9.530504e-02 6.072089e-01 6.451546e-01 2.055767e-03 4.124559e-03 1.775240e-05 6.656966e-04 9.422402e-02 6.086129e-01 6.441674e-01 6.217599e-03 5.359612e-04 4.645678e-04 4.715081e-04 2.715397e+00 
150 90000 1.435421e-04 1.189680e-03 7.710187e-08 8.850122e-03 2.375940e-05 1.381660e-03 3.019132e-01 8.465343e-01 8.874343e-01 1.931335e-03 8.770736e-03 2.151910e-05 1.413337e-03 3.023216e-01 8.494258e-01 8.885321e-01 6.686416e-03 5.732948e-04 4.694681e-04 4.708261e-04 4.108116e+00 
200 90000 1.459066e-04 1.186977e-03 7.409835e-08 1.572935e-02 2.430630e-05 2.571947e-03 3.682531e-01 1.139414e+00 1.178583e+00 1.929703e-03 1.579687e-02 2.633520e-05 2.532511e-03 3.683566e-01 1.140532e+00 1.176816e+00 6.101205e-03 5.505810e-04 4.703193e-04 4.694471e-04 5.419524e+00 
250 90000 1.496061e-04 1.215190e-03 7.509952e-08 2.464603e-02 2.959809e-05 4.036614e-03 5.775182e-01 1.439446e+00 1.471739e+00 2.179963e-03 2.475230e-02 3.102920e-05 3.961496e-03 5.763712e-01 1.427922e+00 1.467819e+00 6.177335e-03 5.878947e-04 4.715912e-04 4.747539e-04 7.029562e+00 
300 90000 7.966699e-04 1.187741e-03 7.500057e-08 3.555842e-02 3.335570e-05 5.838108e-03 8.314560e-01 1.745583e+00 1.773920e+00 1.996302e-03 3.555724e-02 3.549390e-05 5.732412e-03 8.307097e-01 1.728319e+00 1.754447e+00 6.135635e-03 5.193134e-04 4.548733e-04 4.614081e-04 8.758772e+00 
350 90000 1.637051e-04 1.191302e-03 1.192035e-07 4.836411e-02 3.825000e-05 7.881462e-03 1.187611e+00 2.026313e+00 2.048828e+00 1.996423e-03 4.860559e-02 3.907320e-05 7.819453e-03 1.156324e+00 2.021951e+00 2.054487e+00 6.230454e-03 5.404580e-04 4.197480e-04 4.349296e-04 1.061927e+01 
400 90000 1.902458e-04 1.257553e-03 6.309710e-08 6.371691e-02 4.567110e-05 1.017354e-02 1.560605e+00 2.311888e+00 2.350052e+00 1.929312e-03 6.375714e-02 4.346880e-05 1.000208e-02 1.554744e+00 2.310946e+00 2.343613e+00 6.097524e-03 5.937641e-04 4.712713e-04 4.720936e-04 1.259063e+01 
450 90000 2.019464e-04 1.195297e-03 7.410417e-08 8.010997e-02 4.811080e-05 1.284050e-02 2.036639e+00 2.594676e+00 2.629635e+00 2.051772e-03 8.079487e-02 4.779230e-05 1.308224e-02 2.063778e+00 2.609227e+00 2.641631e+00 6.102535e-03 5.474353e-04 4.641622e-04 4.710154e-04 1.477358e+01 
500 90000 1.832923e-04 1.286728e-03 7.110066e-08 9.936103e-02 5.365510e-05 1.627172e-02 2.689435e+00 2.921473e+00 2.938749e+00 1.992730e-03 9.917757e-02 5.172920e-05 1.624892e-02 2.683686e+00 2.897649e+00 2.932690e+00 6.094931e-03 5.471059e-04 4.514171e-04 4.662072e-04 1.730590e+01 
550 90000 1.947705e-04 1.184289e-03 6.509945e-08 1.201479e-01 5.942660e-05 1.976371e-02 3.283802e+00 3.226944e+00 3.224442e+00 2.119907e-03 1.203302e-01 5.723630e-05 1.950736e-02 3.289675e+00 3.185353e+00 3.229017e+00 6.096008e-03 5.301627e-04 4.283518e-04 4.295807e-04 1.973012e+01 
600 90000 1.999352e-04 1.186610e-03 7.009949e-08 1.431870e-01 6.169000e-05 2.357387e-02 4.044298e+00 3.496047e+00 3.522276e+00 1.931062e-03 1.440180e-01 6.301200e-05 2.345212e-02 4.094103e+00 3.479026e+00 3.533872e+00 6.099391e-03 5.500583e-04 4.082568e-04 4.242156e-04 2.251481e+01 
650 90000 2.372848e-04 1.313268e-03 8.309726e-08 1.687943e-01 6.239110e-05 2.779310e-02 5.036030e+00 3.774594e+00 3.823788e+00 1.929651e-03 1.692145e-01 6.498900e-05 2.743683e-02 5.033008e+00 3.779422e+00 3.814657e+00 6.224465e-03 5.673840e-04 4.676832e-04 4.773466e-04 2.566612e+01 
700 90000 2.477955e-04 1.327111e-03 6.009941e-08 1.959480e-01 6.832590e-05 3.210384e-02 6.090085e+00 4.073866e+00 4.114756e+00 1.928482e-03 1.960807e-01 6.835090e-05 3.197156e-02 6.009953e+00 4.071807e+00 4.104185e+00 6.108591e-03 4.953578e-04 4.710646e-04 4.731457e-04 2.893198e+01 
750 90000 2.772365e-04 1.221034e-03 8.509960e-08 2.315937e-01 7.414460e-05 3.751489e-02 6.904910e+00 4.782098e+00 4.405287e+00 1.931432e-03 2.252753e-01 7.494680e-05 3.682194e-02 6.846161e+00 4.431706e+00 4.394597e+00 6.094287e-03 5.079687e-04 4.731788e-04 4.722364e-04 3.230713e+01 
800 90000 2.331137e-04 1.189420e-03 6.000046e-08 2.547551e-01 7.581610e-05 4.197731e-02 8.207146e+00 4.658080e+00 4.701027e+00 2.006428e-03 2.561667e-01 7.770600e-05 4.180540e-02 8.138989e+00 4.651269e+00 4.689531e+00 6.099180e-03 5.551613e-04 4.741564e-04 4.732831e-04 3.565197e+01 
850 90000 1.023375e-02 1.181270e-03 7.420313e-08 3.068205e-01 8.140950e-05 4.924987e-02 9.570781e+00 5.420801e+00 5.460438e+00 1.930670e-03 3.086904e-01 8.211550e-05 4.924973e-02 9.506663e+00 5.417574e+00 5.473204e+00 6.416155e-03 4.912188e-04 4.186556e-04 4.313976e-04 4.158478e+01 
900 90000 2.448823e-04 1.218055e-03 6.110058e-08 3.225241e-01 9.219850e-05 5.330486e-02 1.102169e+01 5.241190e+00 5.285604e+00 1.930193e-03 3.245690e-01 9.018260e-05 5.315196e-02 1.092350e+01 5.234820e+00 5.279803e+00 6.162600e-03 5.015622e-04 4.852499e-04 4.267346e-04 4.375135e+01 
950 90000 6.360115e-02 1.260733e-03 6.110058e-08 3.703007e-01 9.525920e-05 6.049392e-02 1.234795e+01 5.528824e+00 6.098257e+00 1.929909e-03 3.726096e-01 9.195820e-05 6.007161e-02 1.220797e+01 5.521801e+00 6.112850e+00 6.218682e-03 5.321680e-04 4.102020e-04 4.293376e-04 4.875574e+01 
1000 90000 2.642132e-04 1.257243e-03 7.610070e-08 3.993855e-01 9.774290e-05 6.579001e-02 1.419411e+01 5.815188e+00 5.879097e+00 1.928802e-03 4.007610e-01 9.672630e-05 6.550644e-02 1.353095e+01 5.093837e+00 4.864113e+00 5.057298e-03 4.623852e-04 3.480195e-04 3.585963e-04 5.031865e+01 
