50 90000 1.057080e-05 1.197084e-03 1.613022e-07 2.164671e-03 2.573441e-03 2.105071e-04 1.138261e+01 1.203379e-01 1.610942e-01 9.431188e-03 2.744455e-03 1.696135e-03 9.165965e-04 1.142210e+01 1.371218e-01 1.615418e-01 6.143605e-03 7.633033e-03 2.726408e-03 1.844942e-03 2.342416e+01 
100 90000 1.976950e-05 1.213615e-03 9.409850e-08 1.295769e-02 3.168667e-03 4.924336e-03 3.370630e+01 2.363385e-01 2.692742e-01 1.269443e-02 1.900215e-02 1.714199e-03 9.459671e-03 3.503345e+01 2.679789e-01 3.004429e-01 6.154443e-03 2.776957e-02 2.723511e-02 2.559645e-02 6.996573e+01 
150 90000 2.720350e-05 1.209489e-03 1.401990e-07 2.080614e-02 9.159750e-05 5.117694e-03 3.852079e+01 3.472617e-01 3.684887e-01 9.884836e-03 1.667276e-02 2.462684e-03 2.747511e-03 3.084263e+01 3.429006e-01 3.650677e-01 6.110383e-03 3.085011e-03 4.364124e-03 3.383615e-03 7.086313e+01 
200 90000 3.585250e-05 1.194529e-03 1.362001e-07 3.773831e-02 2.312825e-03 9.974992e-03 4.690378e+01 4.097166e-01 4.550236e-01 9.812458e-03 2.786672e-02 7.044730e-04 1.011745e-02 8.147533e+01 4.162758e-01 4.464784e-01 6.110187e-03 1.842795e-03 3.428467e-03 3.190128e-03 1.302210e+02 
250 90000 4.826000e-05 1.194540e-03 1.240987e-07 5.095484e-02 1.170844e-02 2.133725e-02 1.301977e+02 5.341918e-01 5.696887e-01 9.021306e-03 2.904367e-02 2.396037e-03 1.302721e-02 1.267092e+02 5.113119e-01 5.539697e-01 6.089008e-03 2.779383e-02 2.653676e-02 2.074124e-02 2.592961e+02 
300 90000 5.377510e-05 1.208541e-03 8.020143e-08 5.882867e-02 8.551719e-03 2.938421e-02 1.499053e+02 6.144133e-01 6.406449e-01 8.944593e-03 3.794071e-02 2.315843e-03 1.539803e-02 1.653657e+02 6.111531e-01 6.344317e-01 6.277982e-03 7.881624e-03 1.021271e-02 2.958654e-03 3.179616e+02 
350 90000 6.102490e-05 1.201292e-03 1.122011e-07 4.711965e-02 1.034960e-03 1.970272e-02 1.901952e+02 6.695126e-01 7.053897e-01 9.393270e-03 5.128740e-02 1.397659e-02 2.799082e-02 1.895773e+02 6.815798e-01 7.302120e-01 6.093203e-03 8.183018e-04 2.030341e-03 1.841093e-03 3.827418e+02 
400 90000 6.898890e-05 1.208143e-03 1.552020e-07 6.401918e-02 1.358142e-02 3.048131e-02 2.312659e+02 7.506293e-01 8.045173e-01 1.025130e-02 5.029880e-02 2.058986e-03 2.360888e-02 2.261624e+02 7.721460e-01 8.049200e-01 6.091937e-03 1.980149e-02 3.414705e-03 2.923828e-04 4.607858e+02 
450 90000 7.807540e-05 1.213541e-03 8.109782e-08 6.619803e-02 3.066350e-03 2.494533e-02 2.623758e+02 8.465997e-01 8.557154e-01 1.040769e-02 5.681183e-02 1.864962e-03 2.826295e-02 2.635778e+02 8.555000e-01 8.809146e-01 6.101316e-03 4.731703e-04 3.353879e-03 9.826148e-04 5.295961e+02 
500 90000 8.649700e-05 1.182548e-03 1.232023e-07 6.914152e-02 1.686294e-04 2.903476e-02 2.979384e+02 9.785435e-01 9.700058e-01 1.029640e-02 6.559900e-02 1.821856e-04 2.805843e-02 3.234720e+02 9.206586e-01 9.470474e-01 6.137082e-03 1.510417e-03 4.061604e-03 2.569189e-04 6.254424e+02 
550 90000 9.535410e-05 1.188816e-03 8.109491e-08 7.894795e-02 2.096876e-04 3.215026e-02 3.217393e+02 1.069823e+00 1.047604e+00 7.920170e-03 7.399678e-02 4.758793e-04 3.445684e-02 3.334654e+02 1.005772e+00 1.010163e+00 6.110769e-03 3.757752e-04 2.674295e-03 3.102976e-03 6.595798e+02 
600 90000 1.031407e-04 1.181195e-03 1.230976e-07 9.187028e-02 7.273061e-04 3.503909e-02 3.681996e+02 1.140620e+00 1.075235e+00 1.009335e-02 8.732021e-02 1.483738e-03 3.455917e-02 3.803394e+02 1.127733e+00 1.152054e+00 6.215890e-03 5.205639e-04 3.690855e-03 2.590583e-03 7.533101e+02 
650 90000 1.120100e-04 1.192106e-03 1.291977e-07 1.012480e-01 4.859313e-04 3.600900e-02 4.068513e+02 1.226962e+00 1.233712e+00 8.885224e-03 1.003192e-01 3.047593e-04 3.923782e-02 4.141105e+02 1.183342e+00 1.168950e+00 6.115482e-03 2.250779e-02 2.303651e-02 1.788179e-02 8.261321e+02 
700 90000 1.199538e-04 1.205774e-03 1.292035e-07 1.133134e-01 7.455253e-04 4.142968e-02 4.658984e+02 1.283085e+00 1.276492e+00 1.230990e-02 1.090353e-01 2.375335e-03 4.297419e-02 4.524068e+02 1.208510e+00 1.233154e+00 6.115318e-03 7.860265e-04 3.876869e-03 2.514699e-04 9.236410e+02 
