50 90000 1.003710e-05 1.241068e-03 6.919727e-08 8.659804e-04 2.223821e-05 1.089901e-04 3.057923e-02 1.744072e-01 1.978378e-01 1.898042e-03 6.415557e-04 2.069599e-05 1.090081e-04 2.999180e-02 1.746320e-01 2.003861e-01 6.172752e-03 3.948766e-04 3.003343e-04 3.580375e-04 8.200038e-01 
100 90000 1.794789e-05 1.236666e-03 6.412156e-08 2.906099e-03 2.082409e-05 5.044906e-04 1.070901e-01 4.080745e-01 4.334510e-01 1.773776e-03 2.780630e-03 2.225433e-05 4.921932e-04 1.072739e-01 4.033308e-01 4.339988e-01 6.299965e-03 3.768487e-04 3.084454e-04 3.601988e-04 1.910354e+00 
150 90000 2.617119e-05 1.232273e-03 7.110648e-08 1.179792e-02 2.715858e-05 8.720495e-04 3.232913e-01 5.647318e-01 5.912605e-01 2.034140e-03 5.924306e-03 2.868692e-05 8.701691e-04 3.234243e-01 5.643784e-01 5.941222e-01 6.248279e-03 3.844318e-04 3.169479e-04 3.676066e-04 2.991377e+00 
200 90000 3.499431e-05 1.229806e-03 5.410984e-08 1.600923e-02 2.906350e-05 1.715320e-03 3.860627e-01 7.612564e-01 7.906654e-01 1.836716e-03 1.057800e-02 3.264877e-05 1.606890e-03 3.862071e-01 7.596293e-01 7.856820e-01 6.236477e-03 3.783457e-04 3.223239e-04 3.611139e-04 3.909911e+00 
250 90000 4.291818e-05 1.254447e-03 7.608905e-08 2.130026e-02 3.369842e-05 2.652946e-03 5.941666e-01 9.507625e-01 9.800270e-01 1.901166e-03 1.655118e-02 3.403383e-05 2.646768e-03 5.947036e-01 9.543892e-01 9.835536e-01 6.290420e-03 3.586002e-04 2.961868e-04 3.491581e-04 5.111348e+00 
300 90000 5.220398e-05 1.248416e-03 5.913898e-08 2.431774e-02 3.780047e-05 3.922358e-03 8.621571e-01 1.150121e+00 1.181495e+00 1.965711e-03 2.423440e-02 3.868788e-05 3.857806e-03 8.631374e-01 1.146860e+00 1.176000e+00 6.103502e-03 3.558420e-04 2.973245e-04 3.639512e-04 6.446601e+00 
350 90000 6.041429e-05 1.262154e-03 6.211922e-08 3.504245e-02 4.333081e-05 5.153930e-03 1.171024e+00 1.349546e+00 1.374959e+00 2.035034e-03 3.249619e-02 4.646750e-05 5.256638e-03 1.167363e+00 1.342427e+00 1.367780e+00 6.164197e-03 4.006070e-04 3.262829e-04 3.608746e-04 7.861786e+00 
400 90000 6.782538e-05 1.292251e-03 5.811453e-08 4.562983e-02 4.838528e-05 6.771536e-03 1.586328e+00 1.538886e+00 1.560674e+00 2.027627e-03 4.243357e-02 4.962822e-05 6.934477e-03 1.588603e+00 1.538363e+00 1.558967e+00 6.095871e-03 4.086811e-04 3.256990e-04 3.668515e-04 9.484304e+00 
450 90000 7.709228e-05 1.240294e-03 6.309710e-08 5.398034e-02 5.179751e-05 8.740893e-03 2.081640e+00 1.729390e+00 1.766257e+00 1.902016e-03 5.373210e-02 5.237930e-05 8.738134e-03 2.072188e+00 1.728576e+00 1.752313e+00 6.142151e-03 3.720983e-04 3.089750e-04 3.583438e-04 1.126610e+01 
500 90000 8.497299e-05 1.224900e-03 6.509945e-08 6.682933e-02 5.587852e-05 1.086807e-02 2.682046e+00 1.927323e+00 1.951519e+00 1.774509e-03 6.639877e-02 5.597067e-05 1.085434e-02 2.692430e+00 1.923859e+00 1.949634e+00 6.102203e-03 3.680974e-04 3.158112e-04 3.621095e-04 1.329214e+01 
550 90000 9.329650e-05 1.260205e-03 7.511117e-08 8.370338e-02 6.373129e-05 1.328840e-02 3.295632e+00 2.119934e+00 2.142812e+00 1.894511e-03 8.053952e-02 6.246842e-05 1.304284e-02 3.290890e+00 2.113781e+00 2.144393e+00 6.093011e-03 3.865071e-04 3.141388e-04 3.645863e-04 1.530859e+01 
600 90000 1.021408e-04 1.257780e-03 9.620562e-08 9.613778e-02 6.672880e-05 1.570808e-02 4.091851e+00 2.315953e+00 2.337840e+00 1.842558e-03 9.607350e-02 6.669681e-05 1.570099e-02 4.203332e+00 2.310623e+00 2.358671e+00 6.152086e-03 4.141292e-04 1.555109e-03 3.607093e-04 1.785374e+01 
650 90000 1.100727e-04 1.259525e-03 6.807968e-08 1.125154e-01 6.732070e-05 1.848021e-02 5.110398e+00 2.525385e+00 2.549074e+00 1.837680e-03 1.126324e-01 6.896122e-05 1.837266e-02 5.107914e+00 2.507857e+00 2.531090e+00 6.115836e-03 3.704849e-04 3.069720e-04 3.634905e-04 2.060426e+01 
700 90000 1.181718e-04 1.237449e-03 6.011687e-08 1.307787e-01 7.092808e-05 2.146321e-02 6.165093e+00 2.703321e+00 2.732429e+00 1.896450e-03 1.308813e-01 7.299222e-05 2.119738e-02 6.161531e+00 2.703280e+00 2.724737e+00 6.099686e-03 4.033252e-04 3.177141e-04 3.596839e-04 2.350533e+01 
750 90000 1.274837e-04 1.230422e-03 5.299225e-08 1.577370e-01 7.646242e-05 2.516057e-02 7.148017e+00 3.167974e+00 2.923565e+00 1.767155e-03 1.565396e-01 7.814891e-05 2.506186e-02 7.142219e+00 3.171745e+00 2.915653e+00 6.157364e-03 3.864120e-04 3.232435e-04 3.624011e-04 2.684422e+01 
800 90000 1.349950e-04 1.234445e-03 5.811453e-08 1.707837e-01 8.086888e-05 2.803978e-02 8.262706e+00 3.090809e+00 3.120446e+00 1.773385e-03 1.706616e-01 8.276189e-05 2.807140e-02 8.259888e+00 3.092729e+00 3.112438e+00 6.097605e-03 3.721126e-04 3.180086e-04 3.656419e-04 2.934707e+01 
850 90000 1.444330e-04 1.220438e-03 6.910414e-08 2.086500e-01 8.589337e-05 3.301929e-02 9.548229e+00 3.591831e+00 3.625821e+00 1.829453e-03 2.054797e-01 8.548889e-05 3.302950e-02 9.507339e+00 3.593016e+00 3.630777e+00 6.101207e-03 3.905492e-04 3.232676e-04 3.656359e-04 3.398778e+01 
900 90000 1.520275e-04 1.253402e-03 6.007031e-08 2.186384e-01 9.198762e-05 3.555389e-02 1.081211e+01 3.479268e+00 3.509762e+00 1.768098e-03 2.162862e-01 9.182831e-05 3.632322e-02 1.081486e+01 3.476159e+00 3.512272e+00 6.096779e-03 3.946343e-04 3.103933e-04 3.526074e-04 3.612178e+01 
950 90000 1.603619e-04 1.267136e-03 8.321367e-08 2.499241e-01 9.471374e-05 4.050659e-02 1.191124e+01 3.670633e+00 4.047515e+00 1.772560e-03 2.489479e-01 9.604571e-05 4.044602e-02 1.192118e+01 3.667007e+00 4.040194e+00 6.108699e-03 3.592625e-04 3.192566e-04 3.668738e-04 3.984819e+01 
1000 90000 1.681666e-04 1.220732e-03 6.109476e-08 2.672990e-01 9.917440e-05 4.402639e-02 1.363283e+01 3.865355e+00 3.899648e+00 1.769392e-03 2.674743e-01 1.012284e-04 4.406867e-02 1.362425e+01 3.898804e+00 3.906847e+00 6.207665e-03 3.946464e-04 2.985757e-04 3.519846e-04 4.346125e+01 
