50 90000 7.458372e-03 1.167172e-03 8.619973e-08 3.186632e-02 1.053204e-02 2.338884e-02 3.080590e+00 4.272545e-01 4.887990e-01 2.029104e-03 1.513017e-03 8.107099e-06 2.194471e-04 1.951836e-02 4.343030e-01 4.862421e-01 5.073964e-03 7.839637e-04 7.424628e-04 7.300022e-04 5.022258e+00 
100 90000 4.715480e-04 1.246049e-03 1.082022e-07 3.506038e-02 2.353564e-03 7.999301e-03 6.527605e-01 1.006148e+00 1.058620e+00 2.142287e-03 6.806656e-03 1.258280e-05 1.012839e-03 8.421767e-02 9.917703e-01 1.054786e+00 5.103966e-03 6.929701e-04 6.905274e-04 7.328877e-04 4.912662e+00 
150 90000 2.310787e-03 1.187844e-03 7.609488e-08 5.863555e-02 7.444196e-03 1.909384e-02 3.341728e-01 1.729783e+00 1.530019e+00 2.080591e-03 1.453589e-02 1.599580e-05 2.347539e-03 2.787597e-01 1.400411e+00 1.728764e+00 5.056629e-03 4.621946e-03 8.763024e-03 5.960253e-03 7.133999e+00 
200 90000 6.430237e-04 1.192381e-03 7.209601e-08 7.746405e-02 2.439165e-03 2.768596e-02 3.577096e+00 2.053861e+00 2.455670e+00 1.146609e-02 6.195453e-02 1.209717e-02 2.473758e-02 9.201551e-01 1.877999e+00 1.935317e+00 5.059123e-03 4.334385e-03 8.232630e-03 2.266603e-02 1.308011e+01 
250 90000 1.415814e-03 1.183764e-03 7.610070e-08 4.929509e-02 2.639850e-05 7.423020e-03 1.654540e+00 2.355523e+00 2.749421e+00 9.063120e-03 4.551962e-02 2.523160e-05 7.329316e-03 3.898935e+00 2.375960e+00 2.411785e+00 5.096593e-03 7.360182e-04 6.758035e-04 7.298089e-04 1.557472e+01 
300 90000 6.567760e-04 1.203366e-03 7.210183e-08 1.502451e-01 1.634150e-03 3.507030e-02 7.406784e+00 2.856998e+00 2.909128e+00 2.010963e-03 5.876902e-02 2.566320e-05 9.619119e-03 1.220805e+00 2.876867e+00 3.240629e+00 5.150395e-03 7.364941e-04 6.721412e-04 6.864805e-04 2.077772e+01 
350 90000 8.553554e-04 1.640921e-03 7.409835e-08 1.775943e-01 2.635441e-03 4.366393e-02 9.024888e+00 3.329826e+00 3.388204e+00 2.073126e-03 8.009345e-02 2.944090e-05 1.297848e-02 1.899758e+00 3.430499e+00 3.537499e+00 5.041410e-03 1.695593e-02 7.518866e-03 3.966259e-03 2.496577e+01 
400 90000 9.225293e-04 1.612533e-03 5.910406e-08 1.901727e-01 3.792060e-05 2.054366e-02 3.579417e+00 3.808859e+00 4.297638e+00 8.813711e-03 2.019760e-01 4.376979e-03 5.044266e-02 3.872306e+00 3.810109e+00 4.016125e+00 5.051209e-03 7.000477e-04 6.710825e-04 6.823502e-04 2.387050e+01 
450 90000 5.474702e-04 1.195914e-03 7.610070e-08 2.674197e-01 1.219342e-02 5.608668e-02 8.761030e+00 4.279175e+00 4.345098e+00 2.023641e-03 1.328909e-01 3.488710e-05 2.165028e-02 4.976432e+00 4.393538e+00 4.465531e+00 5.061298e-03 7.680052e-04 6.759700e-04 7.421768e-04 3.172213e+01 
500 90000 6.575590e-02 1.168115e-03 8.310308e-08 2.892715e-01 2.397292e-03 6.458267e-02 7.546304e+00 5.090085e+00 4.822103e+00 2.091324e-03 1.642965e-01 3.952600e-05 2.691896e-02 5.387942e+00 4.762732e+00 5.191014e+00 6.096351e-03 9.012258e-04 8.308468e-04 8.355218e-04 3.342541e+01 
550 90000 9.587126e-04 1.716419e-03 6.110058e-08 3.279622e-01 4.530060e-05 3.289947e-02 4.541263e+00 5.360156e+00 5.629546e+00 2.081572e-03 1.985889e-01 4.631710e-05 3.271020e-02 9.463789e+00 5.244497e+00 5.340673e+00 5.050543e-03 7.470656e-04 7.003471e-04 7.297369e-04 3.618420e+01 
600 90000 7.940499e-04 1.730240e-03 6.210175e-08 4.245431e-01 1.110603e-02 8.391807e-02 1.724989e+01 5.750826e+00 5.986453e+00 2.134884e-03 2.366387e-01 4.751190e-05 3.889819e-02 1.085558e+01 6.581999e+00 6.627222e+00 5.127343e-03 2.393895e-02 2.448699e-02 1.125155e-02 5.391663e+01 
650 90000 1.244603e-03 1.194379e-03 6.409828e-08 4.852455e-01 1.571984e-03 9.130620e-02 1.582469e+01 6.627050e+00 6.281969e+00 2.039539e-03 2.778152e-01 5.026890e-05 4.587252e-02 5.866789e+00 6.203394e+00 6.270189e+00 5.052454e-03 6.704590e-04 6.790930e-04 6.762277e-04 4.798753e+01 
700 90000 1.901086e-04 1.186829e-03 6.509945e-08 3.312055e-01 5.441820e-05 5.348536e-02 7.136670e+00 6.701829e+00 6.766247e+00 2.029616e-03 3.238362e-01 5.368000e-05 5.297530e-02 7.127327e+00 7.251647e+00 8.141325e+00 6.118692e-03 8.017665e-04 8.219236e-04 8.216432e-04 4.389866e+01 
750 90000 2.018399e-04 1.220563e-03 6.509945e-08 4.617871e-01 6.702590e-05 7.515705e-02 9.452114e+00 9.453086e+00 8.740500e+00 2.395347e-03 4.475611e-01 6.903700e-05 7.407709e-02 9.559138e+00 8.807642e+00 8.715614e+00 6.092058e-03 8.605613e-04 7.797437e-04 8.298714e-04 5.579923e+01 
800 90000 2.144108e-04 1.190977e-03 6.210175e-08 5.093871e-01 6.994630e-05 8.395391e-02 1.136790e+01 9.246806e+00 9.338147e+00 2.414776e-03 5.091375e-01 7.499090e-05 8.372076e-02 1.141774e+01 9.248158e+00 9.307674e+00 6.092191e-03 9.069004e-04 7.956536e-04 8.196794e-04 6.112524e+01 
850 90000 3.204465e-02 1.239121e-03 7.709605e-08 6.123001e-01 8.145840e-05 9.867395e-02 1.327046e+01 1.071691e+01 1.080615e+01 2.390066e-03 6.127032e-01 7.717430e-05 9.822221e-02 1.337803e+01 1.071882e+01 1.080005e+01 6.296056e-03 8.443033e-04 7.774956e-04 8.913104e-04 7.115701e+01 
900 90000 2.286261e-04 1.194464e-03 8.509960e-08 6.442088e-01 8.277240e-05 1.063445e-01 1.553639e+01 1.040880e+01 1.048981e+01 2.396192e-03 6.444883e-01 8.098780e-05 1.077895e-01 1.549287e+01 1.040953e+01 1.050045e+01 6.097298e-03 8.790565e-04 8.362156e-04 8.339403e-04 7.435334e+01 
950 90000 2.669183e-04 1.312310e-03 7.810304e-08 7.432842e-01 8.483850e-05 1.225449e-01 1.744016e+01 1.098843e+01 1.206807e+01 2.476699e-03 7.423330e-01 8.597620e-05 1.199275e-01 1.757633e+01 1.095005e+01 1.208244e+01 6.163451e-03 9.626932e-04 8.868631e-04 8.871454e-04 8.284672e+01 
1000 90000 2.458948e-04 1.201453e-03 5.509937e-08 7.962925e-01 9.263010e-05 1.313313e-01 2.050847e+01 1.156291e+01 1.167231e+01 2.403308e-03 7.960578e-01 8.951750e-05 1.309746e-01 2.025051e+01 1.153595e+01 1.167202e+01 6.092345e-03 8.810014e-04 8.124732e-04 8.715974e-04 8.906955e+01 
