5.14229214690327e-05
0.000158180662130241
0.000135421899653831
0.000228471764213278
4.86359459943338e-05
0.000145701263315085
0.000235470068142601
0.000246734422625548
4.25174319953427e-05
0.000116808949361484
0.000360083708547869
0.000279705080110501
3.91007725478086e-05
9.92575786053173e-05
0.000408371570076535
0.000294810888715566
8.16042772591701e-05
0.000172151948037445
0.000139487770067343
0.000227026383308575
7.39529570743339e-05
0.000155066047330212
0.000235257855054887
0.000237738323732447
5.55751495905032e-05
0.000113418869601205
0.000356546058130883
0.000257830438052739
4.35702316699558e-05
8.52818776565864e-05
0.000403750551356974
0.00026731074174016
0.000110167818352962
0.000178904694451121
0.000138800538858269
0.000220803367910508
0.000102868136810421
0.000160058181909106
0.000226942764871661
0.000224355343007162
8.64387773316654e-05
0.000113322925278829
0.000340555245355275
0.000231295697047668
7.69192070023829e-05
8.03356539144707e-05
0.000384987406758025
0.000234688914719755
0.0001344356564144
0.000178652059418675
0.000133264068622473
0.000209369305947931
0.000128529666989819
0.000161113389658951
0.000210640361108358
0.000206821487065622
0.000115817646161357
0.000118488153163023
0.000312393103412754
0.000201629211096979
0.000108906600060561
8.98909010983063e-05
0.000352419487259142
0.000198982228128086
0.000151648891971176
0.000172626418070388
0.000123050014821253
0.00019265519263866
0.000147098892688146
0.000159423604970192
0.000186854681928702
0.000185847959813181
0.000137548096758064
0.000129026679280081
0.000272876162700898
0.000171424447591836
0.000132514813063916
0.000110742346242516
0.00030697681321812
0.000163736912326274
0.000159229976635537
0.000162913965673356
0.00010865768413256
0.000170963076879235
0.000155860937000618
0.000156571240270583
0.000156523278199152
0.000162794655144074
0.000148894334852307
0.000143044359646874
0.00022335086504369
0.000145084635806317
0.000145285814439388
0.000135776360496022
0.00025015723761085
0.000135363500075706
0.000155119801071386
0.000152222396829587
9.10443347762436e-05
0.000145051129753873
0.000152986486532175
0.000154052213382639
0.000121194165029671
0.000140033718243033
0.000148628019682626
0.000157647948667238
0.000165788700676227
0.000129416514338617
0.000146400132971556
0.000159415317154742
0.000184078303911712
0.000123766748881391
0.000138106608301996
0.000143352385772814
7.19547404983535e-05
0.000116408126753743
0.000137641831924157
0.000152727671051134
8.37476723150689e-05
0.00012150691564731
0.000136707526015047
0.000169933458771679
0.000103372885083328
0.000131110292225996
0.000136237963711501
0.000177913433380463
0.000111902073445576
0.000135657038371747
0.000108106837393954
0.000138242098417853
5.48806302644715e-05
8.81711515420108e-05
0.000110188246900019
0.000152444334386213
5.23356672802863e-05
0.000112727063249468
0.000114237298934724
0.000177471304324947
4.68317726230469e-05
0.00015024500256331
0.000116208909046122
0.000188744421575821
4.38206019520907e-05
0.000165851145320564
6.63686922371053e-05
0.000136960875130304
4.67065904942246e-05
6.7868553127949e-05
7.25620485160317e-05
0.000152072801514177
5.14189570466473e-05
0.000117970944530368
8.35828550311661e-05
0.000178498872966862
5.97366633278008e-05
0.000180385735666074
8.85804736288175e-05
0.000190341017231563
6.34876483278178e-05
0.000204572581340518
1.61679116787553e-05
0.000137575319087306
5.33126421935005e-05
6.85982580927604e-05
3.1439976005792e-05
0.000149945019565161
8.29437315722195e-05
0.000136119705512419
4.94225572125541e-05
0.000172036592595516
0.000122288628886555
0.000214882015495219
5.6299614833069e-05
0.00018208000757599
0.000137811217142038
0.000244943123515529
4.2129086511605e-05
0.000137114753307243
6.98055306304388e-05
9.16401125119333e-05
3.83149118588042e-05
0.000144423593332114
0.000122130319822052
0.000162159842123306
2.92268324672168e-05
0.000158030348527588
0.000187087720961859
0.00024918175749447
2.33885027602062e-05
0.000164411958878429
0.000212237638494959
0.000282823993493683
9.92796051096557e-05
0.000132752823563775
8.8767254889505e-05
0.000124942946404152
8.63656717674011e-05
0.000134400026500248
0.000159977573894358
0.000191299415355608
5.16159497474554e-05
0.000137635227103927
0.000247020689002312
0.00028029416586352
1.63329939165178e-05
0.000139224603984287
0.000280592977619865
0.000315514640121782
0.000152069504283818
0.00012253970274587
0.00010609620920333
0.000160819896032194
0.000133455461690034
0.000119724790302353
0.000193089572287774
0.000220184141987056
8.47396591622395e-05
0.000113886375540616
0.00029889452543068
0.000306132303044391
4.31974321274973e-05
0.000110851881494267
0.00033965440454106
0.000341079082708653
0.000194970298047417
0.000105800568046405
0.000119540249453044
0.000195704683214904
0.000172089993908564
0.000101807905637182
0.000219410270561304
0.000246535465644329
0.000113216882850211
9.33114583180328e-05
0.000340356956099152
0.000325174537038423
6.64801146649433e-05
8.87587592425633e-05
0.000386902898558125
0.00035807518650213
0.000223147022001476
8.37324748877943e-05
0.000127659697455044
0.00022755337468911
0.000197687083951823
8.4860395710312e-05
0.000237478644168997
0.000268746222039126
0.0001328584274577
8.70720172006741e-05
0.000369586689546613
0.00033632192244494
8.32883417867423e-05
8.81568471339314e-05
0.000420349174314847
0.000365453651181322
0.000232955500914218
6.16477523083144e-05
0.000129499882872709
0.000254949412110654
0.000207066077546566
7.74453213426019e-05
0.000246295976701454
0.00028566827866841
0.000141748190711685
0.000101942692130414
0.000385285195191853
0.000338851916247556
9.32772261208297e-05
0.000112203209844008
0.000438561475999368
0.000362529628775188
0.000222447910695458
5.50657156157837e-05
0.000124507037248363
0.00027683811721732
0.000198664503556828
8.77436188900125e-05
0.000245322165557135
0.000296523799041712
0.000139415227814165
0.00013050806933092
0.000386710330931526
0.000332415874070526
9.70623905187141e-05
0.000147306016550672
0.000440710604837358
0.000348980314357601
0.000191743842435635
7.66715135264649e-05
0.000112523600225807
0.000292454504181067
0.000172825261344359
0.000112815752932518
0.000234509214368664
0.000300882120254816
0.000126784482175961
0.00016255801741331
0.000373711897219529
0.000317065961412479
9.57974971037415e-05
0.000182411522951501
0.000426607063903786
0.000324855643609005
0.00014321850362292
0.000113121581911007
9.38121095862155e-05
0.000301314010894809
0.000132056538685719
0.000144115221330804
0.000214349899301665
0.000298668687210145
0.000106271751723794
0.000191610406938866
0.000346750903583804
0.000293306364368122
9.06699177446936e-05
0.000211393507871937
0.000396713175153094
0.000290588038268168
8.16129963778543e-05
0.000152484818278636
6.91452737263723e-05
0.000303234582650701
8.18143847878371e-05
0.000175291386905274
0.000185978544123186
0.000290202971210461
8.22148296704653e-05
0.000213723871292468
0.000306923212607532
0.000262203694043209
8.24139035604645e-05
0.000230549967469903
0.000352148799588918
0.000247016627394587
1.87580940752883e-05
0.000188908326545513
4.03498128931324e-05
0.000298374897907588
3.90762176338581e-05
0.000202185700399022
0.000151429526433651
0.000276262867493645
6.22643335683878e-05
0.00022641639059837
0.000256000757169487
0.000225628577235064
7.10759164145844e-05
0.000237606858711641
0.000294684797388238
0.000195452495590126
6.11437036370583e-05
0.000218589875921755
1.83548689832112e-05
0.00028729344970626
5.99443172676231e-05
0.000221873915597728
0.00011448827601868
0.000258190259344465
5.74701487945664e-05
0.000228300295469691
0.000196593217831244
0.000186846366903641
5.619201989432e-05
0.000231446571426408
0.000226758808587539
0.000137971789901021
0.000122496805629842
0.000238702506584886
4.08161332390703e-05
0.000271034481105431
0.000107717451054462
0.00023232288722749
8.36592876878892e-05
0.000238045553339981
6.92690479164844e-05
0.000219006771384841
0.00013290761300156
0.000151913320574718
3.73592474123098e-05
0.000212035294988489
0.000151648284455967
7.92687182848789e-05
0.000170532893569006
0.000247276008319283
7.71989220391198e-05
0.00025125647381097
0.000147897956098484
0.0002323686519452
7.66943975905794e-05
0.000218778173855915
8.63624903218624e-05
0.000199235211586168
7.56723151112864e-05
0.000131651191394267
1.58354531446906e-05
0.000180400551884906
7.51544783151144e-05
4.545437654859e-05
0.000199432369739585
0.00024328083105241
0.000114178056247061
0.000230394010897622
0.00017293259332584
0.000221795249515208
0.00010084214984995
0.000204209944432577
0.000100848919552647
0.000170904138747284
6.6589427999663e-05
0.000137630717242309
1.74031199463345e-05
0.000138620693152159
3.95805853998735e-05
8.69606752136524e-05
0.000205956806248834
0.000226740360817661
0.000148894039684637
0.000211780437733245
0.000179723567646946
0.0002014519741055
0.000138896632329967
0.000198342844249043
0.000109842016716318
0.000137572899391995
0.000116352622148805
0.000168278621843429
4.41316788443535e-05
8.99887672373717e-05
0.000103250860216079
0.000151018379220403
0.000189630954234507
0.000198863796589185
0.000179350307858518
0.000199429688114448
0.000168043559135378
0.000173450012332611
0.000178225238948692
0.000203672539536785
0.000113119836675718
0.000105646079627414
0.000175953384387459
0.000211903199485137
7.12373711292279e-05
4.12202065736615e-05
0.00017480631308214
0.00021590075597084
0.000153260048548106
0.000162369743396436
0.000203839992813769
0.000196943948779885
0.000140879518408914
0.000141672694846764
0.000213114054769059
0.000219663939013916
0.000112088306039498
8.65192534581135e-05
0.000230545636187533
0.000259196531743308
9.44569066527972e-05
3.4535452222647e-05
0.000238784685798481
0.000276853978359008
0.00010396380205339
0.000122614196975548
0.000220929490136722
0.000205679810057177
0.000105683258965039
0.000113102866206907
0.000240385711784074
0.000243189805724577
0.000109040439070933
9.11493699106264e-05
0.000275202064430887
0.000304656302514347
0.000110680664377075
7.78850171000288e-05
0.00029105259769983
0.000331138265012451
5.98548177356005e-05
9.14496655158424e-05
0.00022952285982678
0.00022389036875597
7.83692005399651e-05
9.91985341161702e-05
0.000257984954169292
0.000270269980455732
0.000106112824298481
0.000113114321459296
0.000307094785566428
0.000344795290334104
0.000117554340829202
0.000119465754146288
0.000328911369201656
0.000376567068567269
6.70573671487899e-05
8.98644067857076e-05
0.000228939895001202
0.000247909163634642
8.13555616889145e-05
0.000108496395196975
0.000264616376452266
0.000297301868216622
0.000104224074845781
0.000138431137242083
0.000324404862532215
0.000377156850875038
0.000113949980802862
0.000151192049036164
0.000350495158145426
0.00041131099403394
0.000109427475419967
0.000119727803569784
0.00021899017168973
0.000273847722512244
0.000107286548410381
0.000134061887811914
0.000259663683264754
0.000321422389922035
0.00010287060035307
0.000158896885860917
0.000326132311414065
0.000399939858910303
0.000100589645509473
0.000169958883195728
0.000354726388499793
0.000433902818975341
0.00014525812702777
0.000160120191515927
0.000200040575649882
0.000298436705750598
0.0001321477467163
0.000163744382295096
0.000243189850666799
0.000340476015439875
0.000100941575234492
0.000170761954559257
0.000312076014190672
0.00041187715153725
8.09458891311414e-05
0.000174164652250923
0.000341345140363065
0.000443285705731659
0.000162027296466388
0.000197914623556091
0.000173096550268141
0.000319159030945379
0.000143814368442691
0.000189896519456396
0.000215972093815247
0.000352913021345932
9.76832856468481e-05
0.000172747217667504
0.000282855082956307
0.00041221085433532
6.30217228489659e-05
0.000163499262886029
0.000310947782215687
0.000438865437134879
0.000155413486492624
0.000227026583694689
0.000139988150108224
0.000334153353472698
0.000137830563006351
0.000208534289270598
0.000179601777935884
0.000357714580417915
9.31938082183433e-05
0.000165461343729781
0.000239952135014266
0.000400702118490985
5.94052781514958e-05
0.000139006610859298
0.000265022905998465
0.000420551311902151
0.000125529998306843
0.000244357382166651
0.000104037958946286
0.000342109155677882
0.000114501711143873
0.000217837521673004
0.000136853124829031
0.000354354555135014
8.84099962605389e-05
0.000151454488873405
0.000185845470175905
0.000377655992222641
7.18965474262565e-05
0.000103348937347058
0.000206018006969109
0.000388783327881408
7.66217568687829e-05
0.000248577872655369
7.27968195591437e-05
0.000342200804471964
7.93491954127764e-05
0.000217520508863544
9.3349487135717e-05
0.00034279042771043
8.4539640936388e-05
0.000135512312595764
0.00012467402914903
0.000343966562330191
8.70185148631615e-05
6.23514873504766e-05
0.00013768934291205
0.000344553084905556
2.2641466766089e-05
0.000239756915539833
6.42122763871665e-05
0.000334053036143981
5.09067026216083e-05
0.000208526728417884
6.52661320359862e-05
0.000323478514594645
8.21534851322655e-05
0.000124432440656432
6.73243001655886e-05
0.00030121783114237
9.395768300975e-05
3.85155818559475e-05
6.83301096399369e-05
0.000289446186718552
5.86849755476824e-05
0.000219163506713039
8.74197108924872e-05
0.000317720602955973
6.69525540775352e-05
0.000192776437790921
8.00249274265552e-05
0.000297416117799194
8.09926925836196e-05
0.000124189187261094
6.26701040950886e-05
0.000251944858400689
8.71684708535416e-05
6.74753297891365e-05
5.18584553694189e-05
0.000225800969937917
0.000117649283878194
0.000189099795962012
0.000124065380380199
0.000293674878612132
0.000106889486801425
0.0001728883286031
0.000122341074105741
0.000266231509913288
8.11991985159379e-05
0.000134735215781301
0.000118817272188918
0.000200368977429221
6.4631018118587e-05
0.000110838018733258
0.000117015503386042
0.00015742263735294
0.000162782561487755
0.000152734497768069
0.000161851288367995
0.00026278396989792
0.000141638656840127
0.000151809474218943
0.000169060017689191
0.000232351174701583
8.47832312223043e-05
0.000149941993423475
0.000182625781378331
0.000154435618018336
2.74122009852442e-05
0.000148999309032488
0.000189043947922015
9.37120362592547e-05
0.000185913005280444
0.000113973786370663
0.000195952999912987
0.000226300952578019
0.000161416377911619
0.000132247763161479
0.000212018243574499
0.000199294001870373
9.50707396319466e-05
0.000162752070470877
0.000240956515380363
0.000129344675060753
2.30194584082477e-05
0.000176032929769636
0.00025419322025614
7.23599852823219e-05
0.000182860513115998
7.74685816770618e-05
0.000224056307461459
0.000185881126043662
0.000163074624800942
0.000115828914746527
0.000247616864378856
0.000171980908276908
0.000113595944519897
0.000168066062263529
0.000289032653961293
0.000140102210568145
7.78416158273211e-05
0.000188841544811898
0.00030765688091206
0.000121054240204326
0.000153748724685543
4.90633521687842e-05
0.000245039276876809
0.000143711868203851
0.000148724581526645
0.000102317019891606
0.000273848800403379
0.000156226240984515
0.000138128859593052
0.000163070154096466
0.000323868803197177
0.000178643655121489
0.000132513461081471
0.000186154306548584
0.000346179028395184
0.000188857004585214
0.000104104173100556
3.54584980725557e-05
0.000258702541787411
0.000103056346966532
0.00012721361725362
8.97435163783587e-05
0.000289750003982434
0.000155737383143147
0.000163933730941148
0.000147129487219014
0.000343527559420292
0.000226982187916961
0.000179498472288661
0.000168652541183587
0.000367476861443336
0.000255253369712676
5.32424219164243e-05
3.4222804410028e-05
0.000265727258017209
7.03186830384054e-05
0.000115701982279236
7.5805242112267e-05
0.000295344323580563
0.000168442539262892
0.000185718208687181
0.000122052854821606
0.000347077592453223
0.000274279328389307
0.000212234310694471
0.000139542579754429
0.000370243362591953
0.000314097561898175
7.13553501566206e-05
3.208201547717e-05
0.000267630744360383
5.88113159472371e-05
0.000128771530075426
5.99943658345985e-05
0.000291702802524981
0.000188018220049514
0.00019890459189209
9.34850780213567e-05
0.000334692603064502
0.000314857127690596
0.000225950206856692
0.000106346263348044
0.00035423642340054
0.000361976643919591
0.000131789791402755
2.25509803065247e-05
0.000266608568026987
7.34885802793107e-05
0.000158010855588967
4.70696538756832e-05
0.000281020310262635
0.000208221971584279
0.000200412095313223
7.50303596194059e-05
0.000307826186567835
0.000345351996948082
0.000218549223326317
8.56536971688836e-05
0.000320389177838024
0.000396514574211347
0.00018299390867273
1.57093650446551e-05
0.00026517215657843
9.78399090923621e-05
0.000185070025422343
5.03664259507834e-05
0.000266636962839381
0.000224644499315717
0.000189153649761367
8.43608953903412e-05
0.000269542606431113
0.000363662100952662
0.000191162633747345
9.69884145341017e-05
0.000270983702644403
0.00041610408437026
0.000211213272667489
3.95709783928399e-05
0.000265549095652607
0.000120756870010305
0.000197424924556505
7.36734464600251e-05
0.000252843518739093
0.000234561627163152
0.000166456246330831
0.000114680373751688
0.000225292815914659
0.000368636690590476
0.000148570504565418
0.000130435781263948
0.000210167378370471
0.000419916581321031
0.000210763918575199
7.65176409805312e-05
0.000268979796911423
0.00013830129610693
0.000189321965926182
0.000105920203027116
0.000244141115237897
0.000236565437080028
0.000136695097056439
0.000148146364079203
0.000184700711496218
0.000360048747311031
0.000100533051917542
0.000165261824029874
0.000146181476543947
0.000408008635284202
0.00018222676381693
0.00011764091339931
0.000275243665788447
0.000149276775401434
0.00016140576636663
0.000139256488818724
0.000243720653883735
0.000230443305340156
0.00010836178911623
0.000174637684914999
0.000163343558624214
0.000338740647455592
6.77311248943001e-05
0.000189871780395592
0.000101596214592113
0.000381530837348486
0.000135223855854133
0.000158177410407996
0.000282705442040836
0.000154078847316158
0.000122981251045668
0.000168995464772868
0.000251860503147991
0.000217356913847918
9.3819834300433e-05
0.000188780795675131
0.000174517600429866
0.000307004048827187
7.51066866799036e-05
0.000197933173846034
0.000118185013259374
0.000343154795132435
0.000101297734405926
0.000193731370397209
0.000288818686780782
0.000154708205762176
0.000100624366803657
0.000191829078205276
0.000265745059361065
0.000200388395260844
9.92639058427227e-05
0.000187966697938077
0.000212199947053213
0.000269438785544044
9.85766224261734e-05
0.0001860054075853
0.000179535445947782
0.000298023712021347
0.000130667462380832
0.000220306259090002
0.000290761139417064
0.00015508019871875
0.000125719794066662
0.000205609827854003
0.000280904881217654
0.0001854340197072
0.000115188659602602
0.000172500744538493
0.000260074170507645
0.000234643538757685
0.0001095440863572
0.000153287501533128
0.000249006191721446
0.000255721523283505
0.000197808441881963
0.000234630846737645
0.000285949305840636
0.000160827823322244
0.000178256012486056
0.000209622353687686
0.000292853577647004
0.000181398957584672
0.00013064929748148
0.000147381501161182
0.000306195368043729
0.000216761537376272
9.85708664660397e-05
0.000103010424795682
0.000312652810135485
0.00023243397837193
0.000261313925736993
0.000234465004490447
0.000272380804551968
0.000177413672173814
0.000228674129997267
0.000204994636598534
0.000298020873029872
0.000196581331010287
0.00014249782528164
0.000126967420235605
0.000343608319601109
0.000230176968759757
6.56693057509593e-05
5.62999345912235e-05
0.000364268835473263
0.000245255062267381
0.000302585846864844
0.000218809840985615
0.000248858824413959
0.000207163093295895
0.000262561441335862
0.000195143145023521
0.000294122733310984
0.000232332583242726
0.00015394525644106
0.000135966962826785
0.000368324696917225
0.000275866257630456
3.28551004946612e-05
9.32202093777952e-05
0.00040030054405026
0.00029523562326449
0.000312680729930755
0.000188013221887336
0.000215188209336869
0.000248527998730337
0.00027365006915249
0.000185980845776821
0.000280342315338063
0.000283291775184106
0.000170630000025939
0.000181847752977053
0.000378369510746801
0.000342389189101874
7.8928228666318e-05
0.000179745455318964
0.000418866709081215
0.000368399810198268
0.000289053818964401
0.000143796771760514
0.000172512801161219
0.000297957074971063
0.000261503326361521
0.000184794285074053
0.000257571702292759
0.000342671739376983
0.000195058206542043
0.000247167111189948
0.000373507923952251
0.000417989145442332
0.000151259642984274
0.000273062048850859
0.000419631575708881
0.000450955017763381
0.000234999859256093
8.9361181529525e-05
0.000124476227797047
0.000351591880333777
0.000231268868536704
0.000196461848960158
0.000228926498455
0.000404803552759898
0.000223620073966265
0.000315944332500389
0.000355293307953495
0.000494331921207932
0.000219695755591807
0.000361154536703522
0.000403913765355302
0.000533491437906166
0.00015920125167595
3.20509057155016e-05
8.28905245733558e-05
0.000405875502956776
0.000193788144219494
0.000219729875260741
0.000200745169468075
0.000465220177426781
0.000248940380633705
0.000377874384078356
0.000327344130692975
0.000565525943034675
0.000272360097203942
0.00043593917689016
0.000374942606332399
0.000609519877883124
7.68242037439724e-05
4.50234932581562e-05
8.1999693215737e-05
0.000457635422029978
0.000164748600247164
0.000248512839795187
0.000183460623736571
0.000520301838436086
0.000263860264702898
0.000425701288571355
0.000295847034557512
0.000627121717973852
0.000301433746434206
0.000490869702200588
0.000338318342024619
0.000674214707596927
4.56025006789412e-05
0.000104606857593276
0.000129261919334124
0.000504059139005115
0.000157106694165326
0.000275820708458817
0.000188217631439013
0.000567051630776013
0.000264364019172103
0.000454253171404606
0.00026992642649409
0.00067564149011344
0.00030412373295265
0.000521037794071066
0.000302617694593121
0.000723853133167329
0.000100727000197099
0.000159496876537836
0.000191932047538002
0.000542683808074975
0.000167076588094756
0.000296005523184128
0.000217054222046024
0.000603005363456834
0.00025189652121079
0.000460412063098066
0.000260118730485806
0.000708403114247499
0.000284992087962592
0.000523602201400744
0.000279170836861347
0.000755608843115958
0.000143378203275925
0.000204014895951066
0.00025555322149083
0.000571412034419969
0.000179497537956036
0.000305422109994294
0.000261379071135852
0.000626213769225058
0.000235676531732444
0.000443400173217359
0.000272657511658817
0.000723469154489225
0.000259240140265985
0.000498261203742834
0.000278125244774445
0.000767489140582622
0.000155914695088795
0.000235127866798819
0.00031410021834109
0.000588544141035764
0.000184964130406105
0.000302630260920994
0.000310854294686007
0.000635257001676175
0.000232414287072455
0.000405197345327675
0.000304258571146189
0.000719642931242407
0.000252821549362142
0.000447755268683274
0.000300906493970823
0.000758322615631462
0.000136802387020807
0.000251468576416595
0.000363691246819316
0.000592813897452026
0.000184926464594656
0.000288557134675091
0.000357669281316314
0.000629267442797477
0.000255271508490074
0.000351173351632359
0.000345310437669191
0.000696473904798953
0.000283983113259713
0.000378617833674826
0.000338962077738401
0.000727753453878028
9.56266143162482e-05
0.000253449806234804
0.00040138342454823
0.0005834227392515
0.000189442520436103
0.000266686399099338
0.000396337894225481
0.000607954925476619
0.000298958932187317
0.000291361080815747
0.000386049053484569
0.000654265528251179
0.00034076447570007
0.000302945696384821
0.000380800399249901
0.000676232558902318
7.4731710866532e-05
0.000243413652240616
0.00042496853691222
0.000560067327806761
0.000208565802088974
0.000243150208995538
0.000423005757604461
0.000571632412189038
0.000345440906320171
0.000242622442310538
0.000419052615983856
0.000594087527345401
0.000396540392217357
0.000242358116862887
0.000417061992150391
0.000605002615553145
0.000126218147805063
0.000225745577762273
0.000432983431741646
0.000522959849077714
0.000240920743087774
0.000226025986164096
0.00043510859963692
0.000521251565527401
0.000377181961931335
0.000226585743483836
0.000439328093704458
0.000517818070845628
0.000429392524781573
0.000226865095118957
0.000441422714735611
0.000516092746805234
0.000200241277872831
0.000206772165072517
0.000424753083412369
0.000472841342117544
0.000274477067861243
0.00022227000264743
0.000431266339411854
0.000458473462703423
0.000381863222046369
0.00025040431329653
0.00044400630382971
0.000428294082569649
0.000425511943801432
0.000263346685492132
0.000450241120736922
0.000412376934519761
0.000262385356373448
0.000193691387440631
0.000400418893632737
0.000411007007115742
0.000295837437150328
0.000232778744921182
0.000411292584858867
0.000385862159803924
0.000353365160221484
0.000295846335495958
0.000432220064870513
0.000329871535648829
0.000378867315596259
0.000322791878032979
0.000442312648630863
0.000297956332361963
0.000297528588847074
0.000191422175311049
0.000360924846870056
0.000339379998895024
0.000296120172516639
0.000251369911658148
0.000376274208523698
0.000307452900256087
0.000293282702137876
0.000340992056927955
0.000405232454241934
0.000230703782698819
0.000291853441020701
0.000377915276236147
0.000418961657006094
0.000180478843958454
0.000298476820939686
0.00019897175533562
0.000307963193981266
0.000260800692615791
0.000273881511646681
0.000269255551046183
0.000328790731840937
0.00023059940449751
0.000216463254121135
0.000371908774365277
0.000366916019863354
0.000153278352578667
0.000181049327516381
0.000413793340676868
0.000384563872066138
9.30233129946096e-05
0.000265851990403379
0.000210039794170132
0.000243879039337907
0.000180282110323175
0.000238508967381379
0.000279016234364625
0.000273520530320148
0.000171760901387676
0.000171187086426915
0.000381204336570485
0.000324786798995153
0.000153303968845448
0.000124556246642146
0.000423143107864903
0.000347595966173551
0.000143185989122135
0.000211475599525032
0.000217131018286813
0.000171541210776028
0.000111764774562013
0.000215176859435572
0.000275856036768674
0.000218907704778476
0.000161961081468302
0.000222393458489088
0.000366057215939287
0.00029139117080422
0.000231756304158886
0.000225914813043801
0.000403668860892621
0.000321563224190579
0.000259712799761931
0.000169728758104445
0.000214378759026586
9.41944787382953e-05
0.000101094009493679
0.000235534206350205
0.000257688549955927
0.000180543235592961
0.000209431266515215
0.000329868260387682
0.000327557074322434
0.000282916778718806
0.000333383215314096
0.000368077965990888
0.000357405591126577
0.000322125604549211
0.000380507325380072
0.00019442409540314
0.000198243634331956
1.5591470998551e-05
0.000161529059698442
0.00029838532091124
0.0002251582038567
0.000178904421501785
0.000284012555561732
0.000437607039199402
0.000271085877720512
0.000309085209565166
0.000435667323899182
0.00049267938829904
0.000291347244047399
0.000356787196599755
0.000494345480674891
0.000275113225567568
0.000167361267695409
6.22313327929418e-05
0.000242318175641889
0.000374524240502778
0.000182175047040826
0.000216169572042995
0.000364651864188368
0.000519066961436504
0.000208671160922017
0.00036392599211235
0.000530543750175205
0.000577937320897099
0.000220729711708773
0.000418686693026554
0.000596430640335273
0.000363786304403277
0.000122199457229942
0.000134451331543677
0.000324319176037191
0.000438993066290929
0.000138230177387451
0.000273234647942568
0.000442396439688831
0.000559878127706228
0.000165702343935787
0.000433378608444512
0.000613822345697799
0.000611422745053984
0.000177854136977589
0.000494365183173524
0.000683600388937243
0.000432702014411801
6.4661945815944e-05
0.000199045550249439
0.000401854099804179
0.000476219527532173
0.000114276851567183
0.000333816146260687
0.000512940951597534
0.000553075906592513
0.000175542329088859
0.000505036008088292
0.000682899550388104
0.000587747304627062
0.00019923116320132
0.000571730218564207
0.000753640152805914
0.000467642958843104
3.74601378429293e-06
0.000253914148540903
0.000472329769396324
0.000478239614997926
0.000132629809463765
0.000389004290658425
0.000573927502001366
0.000498757811766625
0.000229660247260272
0.000570112447370963
0.000736197979890761
0.000508706595544301
0.000265179958837373
0.0006417788818306
0.000805161351462377
0.000462895357769082
7.59798107233888e-05
0.000297870785680421
0.000534329354584238
0.000444446218580016
0.000180337781823819
0.000434014147895017
0.000624117056488229
0.000405034452601905
0.000293290064193051
0.000622616108003236
0.00077301392676511
0.000383813758904934
0.000335809066496258
0.000698063095550252
0.000837594613113321
0.0004205599120099
0.000152535144077043
0.00033082903952682
0.000587161970445921
0.000382505315825634
0.000235236690767177
0.000466434035752311
0.000663100585270477
0.000291872659797066
0.000345651465311655
0.00065862464340096
0.000793466314181147
0.000233729077012746
0.000389286849048615
0.000736138082388446
0.000851194450565372
0.000351224457001057
0.00022980635243305
0.000353989484475047
0.00063071075312111
0.000310860935232645
0.000287359299394582
0.000485631363206906
0.000691168893355444
0.000207813193308129
0.000376966740074175
0.000675941075220035
0.000798467990070745
0.000128305179108115
0.00041456985110302
0.000753276571778335
0.000847035687285482
0.000276698449795228
0.000306364259185289
0.000369961602834641
0.000665349005379662
0.000262532557037538
0.000334354369954885
0.000492602088327031
0.000709224015622876
0.00023161474843065
0.000384265763657116
0.000673963838660738
0.000789694529069534
0.000214489955410048
0.000406932151105555
0.000748339810792043
0.000826998670114971
0.0002343019636429
0.000382007023023448
0.000382692195528858
0.000691857197262282
0.000271033326196887
0.00037865853470043
0.000489947057714952
0.000718680176160881
0.000332538696198044
0.000371870749845641
0.000653634206488336
0.000769526315205131
0.000359365221283699
0.000368429766905135
0.000721687222588479
0.000793728857171361
0.000255048314627006
0.000457596319740564
0.000396996614724334
0.000711329582954221
0.000326632305364344
0.000426095296296681
0.000481810443632334
0.000721342388682575
0.00043585169718177
0.000354799497213625
0.00061742303827727
0.000740962156785524
0.000481254320793289
0.000313121825378895
0.000675089732524598
0.000750579729690909
0.000317951129056066
0.000534557706249138
0.00041751656235956
0.000725060409523501
0.000393068952332383
0.000483721589039701
0.000473560125228871
0.000719246179809407
0.000511198280596165
0.000361186679048744
0.000569330474801009
0.000707474326581443
0.000561011505677431
0.000280518070998898
0.000611617638100928
0.000701514294799309
0.00038707508602596
0.000614146800588945
0.000447323973432896
0.000734416340166901
0.000447802666646931
0.000556770649761795
0.000470924548801913
0.000714460931229275
0.0005494792444418
0.000419080044718465
0.000514890587457299
0.000672776742491537
0.000593824507684559
0.000329310412020385
0.000535521717638176
0.000650934410411409
0.000445947548557866
0.000696717343908169
0.000486928519817889
0.000740702317409881
0.000484662509032624
0.00064629708381301
0.000478467734539223
0.000708867682656859
0.000554034933519396
0.000531290426856762
0.000461080417296089
0.000640468812006101
0.0005856476393814
0.000463199924704784
0.000452135956824693
0.000603368652507585
0.000492821290172693
0.00078124660269009
0.000534316277628029
0.000745040824895329
0.000508812016809664
0.000748904402936271
0.000497950407431872
0.000703945222196424
0.000539373066526137
0.000679618124330734
0.000415783549096447
0.000613551102291085
0.000554021752606066
0.000642177707620953
0.000367881140780489
0.000562936928251385
0.000533527293323918
0.000865260448280283
0.000585824714050591
0.000748280515077632
0.000532008291702081
0.000858086491342347
0.000527713431661734
0.000700610543220213
0.000528957164476935
0.000843555456322944
0.000386086925297034
0.000593900607818408
0.000527424962529724
0.000836195192050582
0.00029043716996099
0.000532587384458168
0.000575378592630667
0.000945124611784407
0.000637158475790725
0.0007509550217827
0.000565601115875104
0.000965872196072879
0.000563535688592231
0.000699162399847976
0.00054552068227929
0.00100608450231586
0.000375200643713239
0.000581908317457119
0.000535198009812004
0.00102559953238555
0.000228859923528259
0.00051333410095516
0.000621661489572717
0.00101656597075812
0.000684129011199973
0.000753298791917642
0.000612875432112379
0.00106411565419209
0.00060017986098735
0.000699351339559471
0.000594914164023406
0.00115334883135999
0.000380240162832086
0.00057650563563874
0.000585727019731468
0.00119547027979446
0.000191744343713751
0.000503976163159397
0.000669213230208471
0.00107527212887876
0.000723081812147286
0.000755315202468798
0.000666858841153553
0.00114539085413683
0.000632657865128417
0.000700559515683773
0.00066212494510179
0.00127410372842836
0.000393793484826667
0.000575629042768717
0.000659745257830483
0.00133381046537931
0.000180227564291145
0.000501628722068962
0.000710304289447239
0.00111745774853422
0.000751122937147541
0.000756877946236437
0.000715015552762782
0.00120361989470149
0.00065693152588571
0.000702039054114335
0.000724346150326849
0.00135966131628077
0.000407806027037723
0.000576929847978649
0.000728966661409322
0.00143131684523809
0.000183518714773332
0.000502834622377261
0.000736654766696375
0.00114033292248302
0.000766242209471025
0.000757839122664591
0.000745505448161828
0.00123452642576654
0.000670215832459951
0.000703146952008333
0.000762898832140905
0.00140408266772793
0.000416309427097067
0.000578451931149146
0.000771448478531354
0.00148160199049829
0.000188084230052551
0.000504680232314876
0.000742859143284592
0.00114242583378398
0.00076737638383519
0.00075811693223263
0.000751191850433463
0.00123593102449558
0.000671085334046885
0.000703525260090504
0.000767585937853195
0.00140438702494622
0.000416333457347905
0.000579103452656961
0.000775653052948712
0.00148144916338791
0.000186608033423131
0.00050553666288862
0.000728116154557611
0.00112374566106223
0.000754436790324644
0.000757742510023946
0.000731261717657442
0.00120790054107216
0.000659502974892968
0.000703195378407026
0.000737512587186948
0.00136068457205659
0.000408023014605398
0.000578881505701855
0.000740618233543218
0.0014309723584375
0.000179588650464383
0.000505384829964595
0.000696202747021816
0.00108577120905724
0.000728304399772485
0.000756855030228825
0.000691147233673922
0.00115274023142933
0.000636812166852541
0.000702553512528278
0.000680923608053937
0.00127617862024967
0.000394632246511711
0.000578865476870189
0.000675753792117726
0.00133362017844133
0.000175604800889368
0.000505803461299916
0.000653807381308814
0.00103126514141909
0.000690792558063104
0.000755645681029513
0.000640882318536083
0.00107482621371649
0.000605691672824044
0.000702267757881376
0.000614216768944479
0.0011570386631505
0.000382359101841473
0.000580981256056725
0.000600440069012428
0.00119602757643175
0.000189384444799229
0.00050962616396202
0.000607491836128354
0.000963929035469781
0.000644576259971934
0.000754262613959771
0.000591568307201938
0.000980283542043584
0.000570034231620212
0.000703090997461124
0.000558360568354537
0.00101220001676815
0.000379288692329994
0.000587525885031375
0.000540992842256138
0.00102778660295574
0.000230911554741884
0.000520203342789464
0.000560300967773757
0.000887916918878395
0.000593068893390482
0.000752698785236868
0.00055021466095657
0.000876490438152552
0.000534640117688045
0.000705622686526386
0.000529465905096936
0.000853178390256212
0.000392503043094424
0.000600499121851854
0.000518780411555256
0.000841280095306682
0.000296930507075904
0.000540321289737684
0.000510074000448749
0.000807263275967949
0.00054021724322853
0.000750690827380595
0.000515620353095733
0.000771385477605497
0.000504550302988642
0.00071007246469976
0.000526537771492374
0.000694088298094868
0.00042431542493715
0.000620914863873622
0.000531912436798507
0.00065201226185187
0.000377862088266766
0.000571140473587567
0.000451099626159333
0.000725302613828234
0.000490141115307158
0.00074765569939734
0.000479277479163756
0.000672497324081114
0.000483874815605167
0.000716087776253445
0.000531167431527848
0.000551933037041986
0.000471091991708639
0.000648357148585503
0.000555297010324272
0.000480435909562018
0.0004645685686724
0.00061168587978626
0.000378530196313033
0.000644202029501031
0.000446521417203257
0.000742683005860776
0.000431273959762907
0.000585633825885791
0.000474359630511981
0.00072269441854489
0.000520981252736736
0.00044599150707605
0.000525631453154814
0.000680959303696844
0.000560476212061333
0.000356200993087025
0.000549476211580685
0.00065910147061776
0.000294095600615718
0.00056475210634701
0.000411722289343776
0.000734585555766584
0.000367012220750551
0.000513407902602772
0.000474537422647732
0.000728362865646284
0.000480738274063928
0.000390989909171521
0.000580109080115337
0.000715755150209073
0.000528502525649492
0.000312275160120067
0.000626256239367511
0.000709367237658465
0.000215446856382933
0.000486521845381904
0.000385913512229148
0.00072199907646262
0.000293112779840959
0.000454306994157855
0.000480205513690138
0.000731174004842822
0.000406091861589529
0.00038180806231147
0.000627641166229801
0.000749186819080601
0.000452115414661866
0.000339806626041876
0.000689638650174907
0.000758032715626934
0.000191131036687198
0.000408367115976496
0.000366789199917198
0.000703508704654476
0.000235607772514522
0.000403307573352507
0.000485914065101248
0.00072903465383271
0.000305729475591189
0.000392992803083883
0.000662773521148193
0.000777576693218109
0.000335335936795151
0.000387732352448267
0.000735422914758231
0.000800744953330046
0.000249668470957928
0.000329131842275793
0.000350250192543634
0.000677785963534384
0.000237868879765325
0.000354105268759279
0.000486446048815565
0.000719898110598535
0.000212309942074126
0.000399394364283926
0.000681570872040016
0.000797478640164173
0.000198297720088296
0.000420212383168602
0.000760587534979835
0.000833565598331359
0.000340520606585565
0.00024830747539598
0.00033168353370194
0.000643716602729734
0.000302237072088411
0.000301730262743959
0.000477714849155018
0.00070195752333652
0.000205263674390038
0.000387052961481896
0.000681620480386755
0.000805909976439525
0.000132386326834668
0.000423313563316223
0.000763415993139786
0.000853149536564767
0.000420816551168858
0.000166462420900757
0.000307093382873565
0.00060051284902143
0.00038471775939332
0.000244405573050579
0.000457132071988904
0.000673802559016551
0.000299750069232013
0.000351827728658695
0.000662039651696559
0.000800498778618302
0.000246518254752578
0.000394724057451309
0.000743612725054267
0.000856850334524883
0.000469763666595157
8.54093041261195e-05
0.000273706792822146
0.000547803810913394
0.00045236653048889
0.000184964439975439
0.000423704255154816
0.000634537098321043
0.000415391927872981
0.000296725131996311
0.000623494230143225
0.000779572901223188
0.000395610689825037
0.000339061611764218
0.00070239229311581
0.000842782408236561
0.000477461459910404
1.10580422686658e-05
0.000230134030593291
0.000485713880074299
0.00048833578504028
0.000134070746330509
0.000378083164500032
0.000583873973469192
0.000509388330060477
0.000231689931942976
0.000568258101000757
0.000742219955074505
0.000519594766702329
0.000267456266040975
0.000642574869432774
0.000809864974241693
0.000441951158496147
6.47589342019572e-05
0.000176283770402367
0.000414937958406233
0.000485828656446224
0.000115531018606532
0.000322755175696206
0.000522216678227718
0.000563424087535148
0.000177917522726359
0.000500360615502519
0.00068831949828023
0.000598460764052066
0.000202010521040894
0.000568731628444248
0.000757839339216051
0.000368919481689555
0.000125778352726255
0.000113184839357719
0.000336872154150715
0.000445998989893595
0.000141955537773573
0.000262731736038831
0.000450775679480233
0.000569685717508109
0.000169745881223342
0.000425983668106889
0.000618571215386386
0.000622378599165824
0.000182057111370071
0.000487523476808626
0.000687274439199738
0.000272905406913343
0.000174121866002283
4.28073829051845e-05
0.000253991699708401
0.000377581951746595
0.000188178072731494
0.00020753936602901
0.000371824126627943
0.000527967314860315
0.000213532460205478
0.00035433396636033
0.0005345427041748
0.000588931357205659
0.000225141452122497
0.000408402428852404
0.00059956422231178
0.00018492976347769
0.000207755337783141
3.26086139284074e-05
0.000171414682910995
0.00029800726469091
0.000232652229764223
0.000174523756384809
0.000289437591542696
0.00044500215539498
0.000275783615099036
0.00029874476812036
0.000438812337420404
0.000502629296895396
0.000294993846252619
0.000344446485742556
0.000496937959238987
0.000167376972452628
0.000226222172184287
0.000109337764368156
0.000105433149810193
0.00023680870422733
0.000266061304677065
0.000181898324986328
0.000211969791962832
0.000334969393917389
0.000331681910696387
0.000274501545077677
0.000335501522997641
0.000374523045981147
0.00036003475068789
0.000310617323331811
0.000382591572363739
0.000229596860468416
0.000230929191507215
0.000184502524958327
0.000105712174163361
0.000227978902385666
0.00028470788203022
0.000224047705786891
0.000159577994689036
0.000224706472864433
0.000369484963755234
0.000287244913234212
0.000232475563149891
0.000223051424752981
0.000405276962742249
0.000314111051091058
0.000261409125638355
0.000302948854241926
0.000225430200080165
0.000254694423876688
0.00017088248574435
0.000266825224059714
0.000288164181465767
0.000280134343858975
0.000164777369796709
0.000173294780209611
0.000384028951742241
0.000325095754188277
0.000151832337449337
9.72047100494902e-05
0.000423908074777152
0.000345388546242216
0.000144926775504044
0.000352036462164217
0.000215484215475135
0.000316734291603547
0.000250952604530973
0.000315234891271079
0.000278739998988193
0.000335637242651692
0.000222512738084116
0.000224186722002292
0.000374461034949405
0.000370561526846413
0.000150270876481454
0.000160320971509275
0.000414105791436722
0.000386843102322253
9.54779814161557e-05
0.000365092376496232
0.000208295724226897
0.000367793395957466
0.000329608282120215
0.00034726497207574
0.000261430790590415
0.000382726620341628
0.000299686482098721
0.000308534921912753
0.000343895246012001
0.000410968403330225
0.000228369589091343
0.000287217787255378
0.000378447986672224
0.000424385093949998
0.000182545670942565
0.000340889111257795
0.000209938597734356
0.000405545986179521
0.000401394521647152
0.000353256033357452
0.000243727284452762
0.000416992654532479
0.000378629150737016
0.000376773734694164
0.000300100770348695
0.00043899148488047
0.000328397487641448
0.000387998272604085
0.000324637028441916
0.000449587418667154
0.000300145444169032
0.000285462131649633
0.00022171681410492
0.000428297808374015
0.000463361818202136
0.000333694017339738
0.00023419194914717
0.000435975933173662
0.000451723814897893
0.000413615223342685
0.000257334108798806
0.000450940144074738
0.000427498316096606
0.000448263788154801
0.000268157241393103
0.000458239033014648
0.000414855370385139
0.000210674492175874
0.000239372267475589
0.000435079810518579
0.000513556574738111
0.000295781208573138
0.00023854518938422
0.000438643182022755
0.000514885945048833
0.000416763656632656
0.000236882358028507
0.000445684460531679
0.00051753442133343
0.0004656121154517
0.000236046543486678
0.000449163707385106
0.00051885357989806
0.000133803765550787
0.000256109212047906
0.00042569996852744
0.000550681222875207
0.00025090038428937
0.000255666144278119
0.000425197703229485
0.000565548117351917
0.000391210838358967
0.000254777673402208
0.00042419138475621
0.000594166955460403
0.000445076813533566
0.000254332261976463
0.000423687327316433
0.000607971387270817
8.15561105580398e-05
0.000265643161116855
0.000400753302649085
0.00057400690213926
0.00021130652066372
0.000278749003987552
0.000397010352509266
0.000602058270328564
0.00034734497785332
0.000303266261550303
0.000389416538288135
0.000654564456662077
0.000398305884361235
0.000314809669517432
0.000385563548780421
0.000679297327283761
7.96617078313115e-05
0.000263464798419219
0.00036158627287011
0.000583343389979154
0.000184760926387736
0.000299902464203035
0.000356615198541347
0.000623478976742424
0.000299529299996777
0.000361935101865666
0.000346459137597171
0.000696849390158827
0.000342794985023293
0.000389261830110216
0.000341267785053455
0.000730777386489966
9.26646712377347e-05
0.000247072876584055
0.000310236342125073
0.000579023487384365
0.000169699456661022
0.000313063466514202
0.000307827818959621
0.000629515172566617
0.000263097361676781
0.000414651761737993
0.000302953325403107
0.000719952530031998
0.000299050797003495
0.000457055513848352
0.000300486422826142
0.000761152276437604
8.57965868744067e-05
0.000215897427091887
0.000249374677234752
0.000561881243458977
0.000158932241425991
0.00031474207674631
0.0002561408429693
0.000620478239822005
0.000247095621570217
0.00045162396134657
0.000269163318284897
0.000723573537461562
0.000280988682711186
0.000506374372349308
0.000275443741033494
0.000769961927816434
5.60513653518716e-05
0.000171128208159509
0.00018237288717116
0.000533223413416589
0.000149917996073865
0.000303974300776901
0.000209620562013532
0.000597260330174799
0.000247270474427999
0.000467580330723626
0.000255543664992145
0.000708170379964232
0.000283683499984202
0.000530798322349677
0.000275650955658021
0.000757560544883357
4.71176723670032e-05
0.000115460288549398
0.00011411582817364
0.000494794927568135
0.000150007830589382
0.000282145880003467
0.000179569527288712
0.000561309548711672
0.000251131185780331
0.000460604688576715
0.000265877254060111
0.000674952728882702
0.000288702500426347
0.000527666436813436
0.0002998557278259
0.000725125902345063
0.000109092851074348
5.27692864096336e-05
5.83061235563305e-05
0.000448743915150691
0.000168995330807626
0.000252835472753614
0.000175975076660116
0.000514608457406138
0.000248748147174157
0.000431518292124953
0.000293432154441916
0.000625878094734375
0.000280238720987914
0.000497342101544405
0.00033714986194192
0.000674665955677492
0.000186254645644952
1.33222936548286e-05
6.70322684244712e-05
0.000397591712518125
0.000204469935040567
0.000221654878942386
0.000196498633485178
0.000459662773122105
0.000236732289229865
0.000383454785374585
0.000326876811767118
0.00056365881071487
0.00025131506207667
0.000442708612867605
0.000375455480725207
0.000609033619573563
0.000255409402063668
7.5976513356018e-05
0.000121356847107634
0.000344220662192126
0.000243299285834625
0.000195740529037016
0.000228506765458791
0.000399525943492863
0.000217061417416916
0.000321555731591089
0.000356638492994842
0.000491820302554952
0.000202672599914418
0.000368700356635013
0.000405806418390047
0.000531996546271334
0.000303532925366784
0.000132449753582935
0.000176858686045158
0.000291886242174382
0.000272112239998182
0.000181721897534124
0.000260911034720984
0.000337902162422937
0.000194603982600991
0.0002529475934217
0.000376384988545397
0.000414895718314913
0.000140653688134967
0.000281890551691972
0.000422446683710066
0.000448462651585405
0.000322144476786818
0.000178507534984387
0.000225167865319953
0.000244227415503789
0.000281591263950058
0.00018156041555137
0.000287349394586646
0.000279389650047596
0.000174145880649366
0.000187516911582618
0.000382502104323002
0.000338941982985204
7.64416411038036e-05
0.000190425209419993
0.000422110114007036
0.00036509343088424
0.000307922154527328
0.000211301515426443
0.000263822671316644
0.00020511379761732
0.000267347831339666
0.000190537867297687
0.000304808482805064
0.000229835419012565
0.000157456286846102
0.000140061897440484
0.000373523476764683
0.000272634586415329
3.80958252354981e-05
0.000106177128177262
0.000403516501458911
0.000291688645978775
0.000263417806764572
0.000229186430534983
0.000291976033443436
0.000177864827079339
0.000230267451613177
0.000200994324326423
0.000312459198858556
0.000196115691881209
0.000142447923784488
0.000127056347140763
0.000349845963912164
0.000228281186948027
6.26539923083998e-05
6.33688708988019e-05
0.000367114297761783
0.000242771020001124
0.000197896688409463
0.000231821216668449
0.000309772475834801
0.000163433681328572
0.000177129160072127
0.000206628584172402
0.000311090396624829
0.00018321782256006
0.00012569011924438
0.000143540758674756
0.000313709558236303
0.000217451537262159
8.94964055839458e-05
9.7766055470886e-05
0.000315010938925805
0.000232687280122684
0.000131500252252081
0.000220181924089853
0.000318157237693601
0.000158888759710218
0.000123665401356483
0.000203798862496607
0.000302815401191604
0.000189020189501594
0.000106276814043504
0.000166258138157781
0.000269524476439408
0.000238106319699429
9.64135649782279e-05
0.000143859873535761
0.000251230132683201
0.000259186444606904
0.000108302376260887
0.000196466925732018
0.000318728147666939
0.00015866553072239
0.000102356032981275
0.000191262210712991
0.000290815521914913
0.000204914651150598
8.92830095439486e-05
0.000180402825937104
0.000224823746748794
0.000274991873283474
8.19682781660918e-05
0.000174720186912002
0.000183116652644902
0.000304032542524985
0.000146689453154192
0.000163892039354315
0.000313553715554917
0.000157429480855464
0.000129802717816214
0.000169664661895441
0.000278920588472072
0.000222223577485505
8.66639109240873e-05
0.000180657334719019
0.000191724310702186
0.000313977474297031
5.33060252485111e-05
0.000185910066550543
0.000127432125124057
0.000350971680555338
0.00019469047142219
0.000126390146455946
0.000304924967533209
0.000151610433735998
0.000170025034553483
0.000141094972182875
0.000270818693462699
0.000235340579209873
0.000104483384013536
0.000166656603212954
0.00018458011362826
0.000346675788143732
4.38281587536945e-05
0.000178066663092925
0.000120138801563526
0.00039061945402021
0.000222486916165467
8.82768039928876e-05
0.000295025775610517
0.000139480369783096
0.000197167947281582
0.00010878955991992
0.000268890119895505
0.000241383547934613
0.000132758164292636
0.000141137891203748
0.000206942575397241
0.000368630548269577
8.36627267456174e-05
0.0001547975138746
0.000167591254013695
0.000417970946079655
0.000220471319456036
5.40252996727601e-05
0.000285536963658264
0.000120892462832418
0.000202264175757146
7.72777109493128e-05
0.000273210594247316
0.000239330629355668
0.000159740913221295
0.000109900227544239
0.000246717095581485
0.000377634023380303
0.00013349271820331
0.000123008808488101
0.000232340136141708
0.00043043188493913
0.000187676132855334
2.8638359689052e-05
0.000277265321714233
9.74082599740153e-05
0.000184689761975364
5.38129863658059e-05
0.000281533478879509
0.000229515501118443
0.000178566975598944
8.39475433723482e-05
0.000289881209489526
0.00037290122357056
0.000175425303022298
9.55136943280002e-05
0.000293966144402085
0.000426900808470394
0.000128791699453579
1.84617799996019e-05
0.000269959275612835
7.37987049746107e-05
0.000150415836839341
4.86428951370796e-05
0.000290281063074767
0.000213473313973332
0.000186279205009055
8.01044162858136e-05
0.00032715932349588
0.00035471122132067
0.000201835094485202
9.18804147081997e-05
0.000344119562746057
0.000407363041516509
5.25764161953135e-05
1.93121856968104e-05
0.000262436922225661
6.25548191024764e-05
0.000113934488275693
6.01315712843853e-05
0.000295733264822191
0.000194062769621872
0.000182795971743458
0.000100506198111975
0.000353027199107264
0.0003242759034612
0.000208880368834359
0.000115517707932623
0.000378435225740235
0.000372695737868105
3.05702113986824e-05
2.04905482792615e-05
0.000252989800266702
7.79546323310837e-05
0.000101439648040959
7.60499340554708e-05
0.000294799910399713
0.000175770514059505
0.000170295207421274
0.000128495338588861
0.000364298335102822
0.000283781383646128
0.000195846061394962
0.00014790125699751
0.000394482471751737
0.000324576910673269
0.000107777361087341
2.89041390981334e-05
0.000239883600049905
0.000112477299826728
0.000124555121192
9.11274013507483e-05
0.000285349221447763
0.00016465660265582
0.000152675003522157
0.0001524522803214
0.000359422104248502
0.000236712550267248
0.000164946716046568
0.000175243958069577
0.000391234308307681
0.000265505789467994
0.000169378939994242
5.15032486935301e-05
0.000221779292664776
0.000154017579306618
0.000158651942331181
0.000105373003158436
0.000266283188163321
0.000166451881815795
0.000134658064714869
0.000167347567103071
0.000338153958275806
0.000188880120236158
0.000120887971250525
0.000190934743455376
0.000368875020950661
0.000199149159721012
0.000207303126006036
8.40961668059966e-05
0.00019800255424135
0.000196711309456746
0.000182920382962617
0.000120526650658756
0.000237508331222049
0.000182735941456401
0.000120126640013706
0.000171568165675202
0.000301364561710905
0.000150952014066169
7.01113603018178e-05
0.000192067985870834
0.000328672777777023
0.000132225036364666
0.000217318369307985
0.000121744455490144
0.000168696385375896
0.000237401152021905
0.000188496258438156
0.000138005123521714
0.000199892178182563
0.000209944237127465
0.000110172451655143
0.000165809200821188
0.000250905769860398
0.000139682212200479
2.10102195330053e-05
0.000178090707281736
0.000272859150667169
8.50196193870608e-05
0.00019938334509992
0.000160150525966204
0.000134986172168095
0.000273922418746687
0.000173281230980256
0.000157747289278541
0.000155317876062365
0.000242623903779413
0.000102818844984614
0.000152827190315068
0.000189547851017603
0.000162886711869149
2.90567960022102e-05
0.000150306587898225
0.000204525692680954
0.00010180814352128
0.000157447616371571
0.000195330257279861
9.9540733896239e-05
0.000304633548387626
0.000139813748848895
0.000178142318118709
0.000107277621272611
0.000276057735717654
9.52056692598334e-05
0.000137463315155335
0.00012127951002834
0.000207413524679356
6.18234591583478e-05
0.000111699542045661
0.000127706015816858
0.000162562376730731
9.86922149567811e-05
0.000223714280078165
6.90008059723566e-05
0.000328301530892518
9.46716424740143e-05
0.00019666483450484
6.4779888673882e-05
0.000306794866121673
8.60682479016791e-05
0.000126233861074036
5.53806060429919e-05
0.000258467427898346
8.14258833417983e-05
6.7555999078272e-05
5.00223502376087e-05
0.000230535253451301
3.23922571855086e-05
0.000242358120180829
5.97601826959892e-05
0.000344087828879593
5.16725063118246e-05
0.000210585860824286
5.7748861993477e-05
0.000332424914965927
7.68869100912667e-05
0.000124756953613164
5.34997840798422e-05
0.000307776054234518
8.6789224177363e-05
3.4252636883725e-05
5.12432422107554e-05
0.000294679459871714
3.1464671075026e-05
0.000249147022986161
8.06225859269567e-05
0.000351560751224498
4.86062602812126e-05
0.000217491453160661
9.4357982087664e-05
0.000351325187878985
7.14653270049134e-05
0.00013326331108866
0.000117090843625166
0.000350853502806778
8.0496131764803e-05
5.46563102630435e-05
0.000126939672601878
0.000350617380135932
8.35188760256396e-05
0.000242987085456219
0.000114102120393788
0.000350715935739848
8.01530048687828e-05
0.000215645859633988
0.000140401683874231
0.000362507887430946
7.29564492259665e-05
0.000146369168137381
0.000181932156477683
0.000385009753735689
6.90772500790068e-05
9.42562121570756e-05
0.00019948094578027
0.000395781199706252
0.000116579544320662
0.000223980606722076
0.000148278961646407
0.000341991177978571
0.000105852221240436
0.000204273578794146
0.000183394180404308
0.000365534525625972
8.02028380917007e-05
0.000157633797622025
0.000238593745132586
0.000408571271752103
6.36112567655632e-05
0.000128096458725921
0.000261865901007618
0.000428471661494641
0.000126663185806195
0.000193643066991877
0.000178425400166753
0.000326289682150726
0.000115532175796557
0.000183826930725314
0.000219095858877688
0.000360475174449168
8.91959578093172e-05
0.000162424411216338
0.000283439126210442
0.00042059136673806
7.2526038076796e-05
0.000150586574840633
0.000310652715333619
0.000447632058201654
0.000113861845565079
0.000155349934978536
0.000202117643442
0.00030501869701734
0.000108482399824562
0.00015634317584252
0.000245212227783758
0.000347893933173181
9.68308356480269e-05
0.000158310777282396
0.000314140134282132
0.000420734743214836
9.04437215224777e-05
0.000159285375715096
0.000343455262304166
0.000452781939590373
8.37909630140121e-05
0.000115806359685503
0.00021790059346711
0.000280158822044869
9.03044311587475e-05
0.000126233654194442
0.000260368526565275
0.000328858097626509
0.000102091682793742
0.000144853521018066
0.000329262763142415
0.000409224871955194
0.000107501579604074
0.00015331775923567
0.000358782754825758
0.000443986110074289
5.65517449831118e-05
8.94369569882004e-05
0.000224967902583496
0.000254363873241799
7.64970073320854e-05
0.000102122787194732
0.000263906254730315
0.000304974243331385
0.000105636927410577
0.000123649706795487
0.000328204831804929
0.000386815074662538
0.000117528050712651
0.000133114021050419
0.000356025785891579
0.000421822483364386
7.64679805021227e-05
9.58797224628999e-05
0.000223072921457304
0.000231023172129702
8.86110504070218e-05
9.70111963357745e-05
0.000255834198688918
0.000278453812344276
0.000108907831217316
9.92348468877751e-05
0.000311175745655117
0.000354776216842064
0.000117751374151341
0.000100327921848245
0.000335439929225408
0.000387338331606496
0.000126809033867036
0.000128890524516135
0.000212481221318697
0.000214034144552706
0.000122338401794182
0.000115331292049785
0.000236810326964852
0.000252186931845936
0.000112866824802469
8.1721080808086e-05
0.000279178872031147
0.000314918242504825
0.000107819238485306
5.80234529639895e-05
0.000298113561400433
0.000341995791948065
0.000175625791461285
0.000168385428972087
0.000193915846820239
0.000206837599546294
0.000158490728619936
0.000146101022949459
0.000208143115578198
0.000229712280444929
0.000116914774935692
8.56108685802594e-05
0.00023401696182404
0.000269702699556353
8.91284520832151e-05
1.79179826725194e-05
0.00024593520112728
0.000287620299723225
0.000210288214199707
0.000203737871020187
0.000168485945280976
0.000210764537156257
0.00018492674184192
0.00017830659729811
0.000171863013745479
0.000214776613747132
0.000118959744638574
0.000111182164386095
0.00017842538446711
0.000222583582386033
6.42504014831642e-05
5.14342077063704e-05
0.000181617623942733
0.000226385986850314
0.000224344374024362
0.000230012118298747
0.000137604375962694
0.000224144347620196
0.000195147545885737
0.000205693308369217
0.000131077230990486
0.000210138702786223
0.000116562844736743
0.000145320517143421
0.000116934908066302
0.000178866974883918
3.65929703592702e-05
0.000102577711103344
0.000109178856459398
0.000160968644694135
0.00021512586654861
0.000244673048374033
0.000102909456505106
0.000243325496732535
0.000186421038805735
0.0002247872238971
9.15309911546699e-05
0.000216088968431369
0.000108167158210313
0.000178488202834705
6.28731682346631e-05
0.00014720268521033
1.31828135581625e-05
0.000150074466351949
4.17197012354794e-05
9.56838444742994e-05
0.000183372394742292
0.000246629404640848
6.62351898997418e-05
0.000264385883518531
0.000159250370531602
0.000233717280226212
6.73774495748725e-05
0.000230203369510066
9.39742994022587e-05
0.000205472923317151
6.96023804455644e-05
0.000138495414947999
2.37979952061708e-05
0.000189780808668815
7.06871098131496e-05
4.76930270037304e-05
0.000133134756184832
0.000235950899338083
2.99972610302751e-05
0.000284087203339229
0.000117439037597031
0.000231805681097148
7.84125308531463e-05
0.000248714262757526
7.6980788391952e-05
0.000223284426172919
0.000129018004961787
0.000155451794441597
4.46434355549433e-05
0.000218899398534014
0.000147966890709477
7.29272684521716e-05
7.36727103598082e-05
0.000213747271478644
1.37513151293217e-05
0.000300055261422332
7.08926395196974e-05
0.000219416562532367
0.000112744067834549
0.000267986448652153
6.4976426105596e-05
0.00023033688516109
0.000194307660684931
0.000188106029182908
6.18061670118872e-05
0.000235607305814864
0.000224226644415124
0.000131024493548794
4.68837042468456e-05
0.000182062266990249
4.28800179624327e-05
0.000310665480259457
5.51679119740413e-05
0.000197863711593463
0.000151285707472925
0.000285162126141574
6.88062535961441e-05
0.000226178519560269
0.000254920776655569
0.000225668188125369
7.46973582024568e-05
0.000239081650208036
0.000293314199836361
0.000189024706673431
9.92334007107344e-05
0.000143803082671817
7.12282928289933e-05
0.000314894130131998
9.56416375005274e-05
0.000169358976493075
0.000186436574760612
0.000298212600120523
8.8018991322746e-05
0.000211396895002804
0.00030680417360053
0.000261678318693774
8.3948136963384e-05
0.000229546775306062
0.000351871996897228
0.000241345923716226
0.000160682692074105
0.000102935751044773
9.45105581224586e-05
0.000312198067754154
0.0001462853737113
0.000137097409208776
0.000214901473987799
0.000305802469383509
0.000112073000605978
0.000187604613690796
0.000347395194000692
0.000292592063563538
9.02263856280788e-05
0.000208315573651825
0.000397408868719637
0.000285757865300036
0.00021046604595835
6.60990887113702e-05
0.000111632019342076
0.000302432846488198
0.000188185583402491
0.000105778326208208
0.000234875899088212
0.000307153428347347
0.000132851508795385
0.000157572042602345
0.000374935515311329
0.000316383273681111
9.36342114972872e-05
0.000177901358414553
0.000428114023026236
0.000320898620094726
0.000242093006126901
4.89335439723566e-05
0.000122038367344113
0.000285794822589893
0.000214808077744813
8.28574122231027e-05
0.00024535080799011
0.000301946199148878
0.000145634750518224
0.000125726042123249
0.000388335325294609
0.000331899176227318
9.350377338019e-05
0.000142400418824115
0.000442840803894562
0.000345904333647273
0.000252658837673375
6.36350265509802e-05
0.000125580935394917
0.00026278210406987
0.000223252536732819
7.74243350531332e-05
0.000245912696116855
0.000290258437930591
0.000147824584878596
9.94212654180185e-05
0.000387140824693017
0.000338586678626795
8.86414684150286e-05
0.000108763921946949
0.000441112797477608
0.000360328194914792
0.00024188558907697
8.94495097482616e-05
0.000122490495171788
0.000234169662639129
0.000213065101834132
8.93912381496223e-05
0.000236663963680108
0.000272527026871272
0.000138466369292036
8.92742900601911e-05
0.00037151265386717
0.00033636585619061
7.78526131315618e-05
8.92156127209299e-05
0.000423116487635991
0.000364111898971869
0.000211776859404624
0.000112474176257154
0.000113367504384923
0.000201013143654941
0.000185881067480624
0.00010843860841131
0.000218181411334142
0.000249538872702005
0.000118137360689063
9.9879500727815e-05
0.000342206082141119
0.000325570714202435
6.04876830715911e-05
9.53121506126144e-05
0.000389686976759058
0.000357574602502423
0.000166207107928008
0.000128793277011355
9.91910315670173e-05
0.000164710319328421
0.000145118051661776
0.000126626777934068
0.000191483867563405
0.000222454492335088
8.90400961729605e-05
0.000122178522398785
0.00030053368034636
0.000306918408354859
3.69128373828324e-05
0.000119892484915724
0.000342268467377503
0.000341402035798372
0.000110456451568964
0.000137635850969439
8.14119591830941e-05
0.000127245002070891
9.58262521575679e-05
0.000140430283037484
0.000158032612770338
0.000192899496072043
5.60959540955498e-05
0.000145858541538709
0.000248328624763252
0.000281510125653911
1.13482191441014e-05
0.000148498244606395
0.000282866585981225
0.000316649347375776
5.12942531972176e-05
0.000139817830311059
6.23331223180996e-05
9.20563609262686e-05
4.66635361788297e-05
0.000148787437591068
0.000119852823352141
0.00016318498315019
3.56381410872688e-05
0.000165272588037462
0.000187944832204942
0.000250876810417077
2.85672250291515e-05
0.000172926815608511
0.000214015280364625
0.00028477023489866
2.20235295105031e-05
0.000137402045119535
4.64059876376626e-05
6.68719419511463e-05
3.62404753275709e-05
0.000152064738572381
8.02532407983557e-05
0.000136729334882911
5.4498060202974e-05
0.000177798788555373
0.000122534541629538
0.000217119827417883
6.163092923523e-05
0.000189358842449666
0.000138930843793401
0.000247717729816285
6.87280276866788e-05
0.00013348019670041
4.19250774035431e-05
6.52117950546882e-05
7.56109340978119e-05
0.000151592056751566
4.82703211201144e-05
0.000118435853109642
8.77718262989782e-05
0.00018250075862621
5.89438152265006e-05
0.000183237181684406
9.32594039126728e-05
0.000196136977604073
6.36120124192334e-05
0.00020820726440825
0.000111748107016699
0.000131587725366851
5.2532492961461e-05
8.64607980321754e-05
0.000113840525884748
0.000149312338379955
5.03050238991918e-05
0.000113407507460039
0.000117913954404424
0.000179588030738997
4.55233753798902e-05
0.00015372874072707
0.000119898753659868
0.000192952593081145
4.29325812552845e-05
0.000170347044722443
0.000142663602662012
0.000134408223901425
7.04434039713584e-05
0.000115998037348826
0.000141680931807309
0.00014730176338504
8.28410900406837e-05
0.00012266386361026
0.000139694836258706
0.000170183009884532
0.000103263249895619
0.000135011063370352
0.00013869111384522
0.00018053939218869
0.000112087495146529
0.000140778917104891
0.000159791610115167
0.000142341653469976
8.92172303102158e-05
0.000145819662470361
0.000156794112887011
0.000147109339631478
0.000120529667338118
0.000141724829151182
0.000150620257434492
0.000156208554238533
0.000166321165580801
0.000133157777848549
0.000147436408988734
0.000160564824446301
0.000185014566326258
0.000128660411530575
0.00016321470640993
0.000153366013777959
0.000105933302402102
0.000172770740796615
0.000158809890874247
0.000149138251781371
0.000155743340689095
0.000164975994761014
0.00014961170419154
0.0001403008456785
0.000224330597839599
0.000148161326891673
0.000144793650989365
0.000135666297200358
0.000251710806265303
0.000138993268728577
0.000154330633049395
0.000164287249622848
0.000119140755630803
0.000195390726555544
0.00014871829487832
0.000152494822755838
0.000185801162714753
0.000188459409661506
0.00013680461993008
0.000125631990409053
0.000274184558437148
0.000173769305507642
0.000130440368332673
0.000109762212138406
0.000309038382303966
0.000165937277909847
0.000135506279877925
0.000172007634525755
0.000128045886638673
0.000212945761078389
0.00012860246361667
0.000155433833582823
0.000209238610394717
0.000209811279533156
0.000113542364307556
0.00011535060459965
0.000313928140049232
0.000203397388005467
0.000105206932830444
8.8762470088413e-05
0.000354874508508058
0.000200113328418172
0.000109695236342885
0.000174155815100236
0.000132257687809445
0.000225153126572708
0.00010148963046705
0.000156055206758625
0.000225164885956664
0.000227683732832781
8.26700845543409e-05
0.00011135163583385
0.000342218473963797
0.000232662374528932
7.1424356048015e-05
8.01384204101625e-05
0.000387712023091478
0.000235112158934242
8.0046474971791e-05
0.000169294840426755
0.000131685598568609
0.000232097714865341
7.16078662162341e-05
0.000152877059160579
0.000233107788041474
0.000241377110527128
5.0677154610398e-05
0.00011310476389213
0.000358239470356091
0.000258940134839365
3.58942179048363e-05
8.6621653171418e-05
0.000406612415204948
0.000267289209707373
4.96192209263551e-05
0.000157032819124416
0.000126490120589735
0.000234224688184947
4.65826444655155e-05
0.000145214492289631
0.000232975739750176
0.000250665427315279
3.98207750493262e-05
0.000118081047372092
0.000361709254405842
0.000280672514227528
3.59662314622798e-05
0.000101838481122152
0.000411231722302795
0.000294531852502597
