0.00145437410153094
0.00135245862755062
0.000312445413283225
0.00102167153157279
0.00101823263246433
0.000964350679613149
0.00123804586224846
0.000849358523086745
0.00131773863773317
0.00155187684044639
0.000531720488767906
0.00144218343845414
0.000930827849691016
0.000945222116023257
0.00171968036846344
0.000501086579641313
0.00112475498178606
0.00119864911440046
0.000416603519530267
0.000214940134524398
0.00102335123412785
0.000750535393588795
0.000867262045658868
0.000408255640480561
0.000297517146191399
0.000793483900534107
0.000647425068081478
0.00116591021248969
0.000657468541142157
0.000312553159731473
0.00015391642832368
0.000952933767519823
0.00105282763597665
0.00109901903102956
0.00125306322549992
0.000636065308169129
0.000147845141737461
0.000474909473295539
0.00102780933169937
0.00151120395134791
0.00134642333074466
0.00110323968810626
0.000879773149550832
0.000692385378094908
0.000563342784813242
0.000586518761679304
0.000804664336833592
0.00101038304224016
0.0011621533987122
0.00126915128135672
0.00136514288098945
0.00148704515696386
0.0013730661521813
0.000317446839043719
0.00102499828690774
0.00102185916373275
0.000958304173043486
0.00122860630065589
0.000857249111058715
0.00130617936938576
0.00154507392028938
0.000524165796020383
0.00143638335725086
0.000928583040564982
0.000945758286673915
0.00171550756491226
0.000525615724317443
0.00111763154628293
0.0012268963283313
0.000453214418558121
0.000230084986201305
0.00103150083900953
0.000784188454407454
0.000871816672806142
0.000402149779046707
0.000331775133174867
0.000813750732629859
0.000658514344890407
0.00115347313262254
0.000650136571333644
0.00032642220335747
0.00020344625132073
0.000952095295644498
0.00103984054776935
0.00108789571623098
0.00123913550608594
0.000634359598218019
0.000183399342023752
0.000472307714181888
0.00101503234076991
0.00149206421989857
0.00133142391658498
0.00109765180400043
0.000883552921591926
0.000694993172844118
0.000560519738688884
0.000578778261842426
0.000792916439073497
0.000996878062828874
0.00115152087653475
0.00126181119682346
0.00135778049472117
0.00157734274124282
0.00143074635360483
0.000331426603940895
0.00103451754903401
0.00103223018629863
0.000940676905574855
0.00120101186707784
0.00087957389483851
0.00127230937376524
0.00152531624323043
0.000501778062277512
0.00141955033725228
0.000922088848396899
0.000947300433606549
0.00170343536653172
0.000590581662457293
0.00109686208119678
0.00130482006242097
0.000545065871640174
0.000268971550737744
0.00105461501769634
0.000873880121800083
0.00088480026242094
0.000384026827112911
0.000414908847336781
0.000869472292140966
0.000689449185686009
0.00111688875731388
0.000628547508306512
0.00036341230189262
0.000303900992854334
0.000949676877507007
0.00100150556342274
0.00105521273176273
0.00119812832555247
0.000629422385979504
0.000259896557874382
0.000464734903755896
0.000977309958319122
0.00143552901205022
0.00128725904741845
0.00108140087976374
0.000894347126783586
0.000702447949520712
0.000552310516447679
0.00055588872537587
0.000758073582371411
0.000956928126731394
0.00112034231211167
0.0012404337059651
0.0013363548258851
0.00170644354548214
0.00151486348942978
0.000351768848121594
0.00104893435008986
0.00104792044439305
0.000913010477001754
0.0011574593875663
0.00091271888027917
0.00121859288004575
0.00149453917408368
0.000465393759561684
0.00139336626044186
0.00091204947887334
0.000949658282248218
0.00168477190451137
0.000678148829611803
0.00106425549643373
0.00141591211186071
0.000661497837805363
0.000319496983471494
0.00108907685996105
0.000995746436997623
0.000904330775717977
0.000354468116099249
0.000516965352495043
0.000948514343329798
0.000734320645991493
0.00105838818183814
0.000593950966614656
0.000413718363439036
0.00041284305972959
0.000945959653163528
0.000939744551391442
0.00100307603473332
0.00113242499690965
0.000621782099795575
0.000345688786462998
0.000452887135379892
0.000916509267980579
0.00134430811496306
0.00121648837565094
0.00105601804586777
0.000910636661065141
0.000713718311776015
0.000539491013058723
0.000518864973119489
0.000701341613382319
0.000892258433021323
0.00107081454097325
0.00120694727016286
0.00130284552277784
0.00185256262947547
0.00161206512706249
0.000375219150037445
0.00106635301475412
0.00106685229283972
0.000877882609663888
0.00110168545776449
0.000951802190597108
0.00114927607634552
0.00145589722684089
0.000416442772342814
0.00136055870520841
0.000899581367611037
0.000952542640917892
0.00166159150458365
0.000772119873808389
0.00102283899143792
0.00154128962974229
0.00078096529443988
0.000372224111570303
0.00112991601933109
0.00112738796397073
0.000927727144468429
0.000314436740096679
0.000619608978699378
0.00103728029319591
0.000785872360031784
0.000981877912364661
0.000548540071535845
0.00046810174589832
0.000515968100510529
0.000941379756455387
0.000857932738553653
0.000935159565243745
0.00104620773181198
0.00061227970967143
0.00042805652208198
0.000437916148441766
0.000835908100474785
0.00122315302607862
0.00112360399656995
0.00102402247878431
0.000930229242901319
0.000727304979938667
0.000523336874319304
0.000469477863418628
0.000624753027535801
0.000805872671684948
0.00100673753926669
0.00116455578160625
0.00126052428699623
0.00199634715045587
0.00170944520651181
0.000398662271749755
0.00108458235937432
0.00108663693510802
0.00083888627451459
0.00103904907177218
0.000991703487019447
0.0010705926838832
0.00141361564101823
0.00035705387096029
0.00132475356664169
0.000886120420247135
0.000955602549266728
0.00163656286572315
0.000860928986788889
0.000976837707219992
0.00166437234788322
0.000890670411316836
0.000421146028945374
0.00117181394431347
0.00125237114778675
0.000951993719190667
0.000265282456699863
0.000712786441852683
0.00112407029608615
0.000837253510410682
0.00089328869457399
0.000495666246285006
0.000519762770076259
0.000606756914511212
0.000936481332024382
0.000761274353597366
0.000856993029276114
0.000945864674358707
0.000602002760057593
0.000501053081396911
0.00042140059427174
0.000740560973911762
0.00107938831820524
0.0010154695269285
0.000988837093212193
0.00095063582943921
0.000741490227052837
0.000505579412417046
0.000410445442753873
0.00053125746986563
0.000702368776447983
0.000933731014475497
0.00111767917284127
0.00121386744570813
0.00212260233377448
0.00179614740384797
0.000419499338453445
0.00110143741335712
0.00110490560035746
0.000800512290226853
0.00097653550244474
0.00102778765402879
0.000990977087094297
0.00137269755328112
0.000290380264421419
0.00129020249066205
0.000873282190485221
0.000958469019785874
0.00161268966987984
0.000936740083865254
0.000931542670500492
0.00177225898971776
0.000982660258326158
0.000462424528418814
0.00120986351458578
0.00135938447332657
0.000974246141409517
0.000208800383199886
0.00079039649702078
0.00119991873795423
0.000882814814005497
0.000801163768020349
0.000440231174548444
0.000564012142975377
0.000681129680813214
0.000931854852260196
0.000657622538738867
0.000776401270760437
0.000840728390550124
0.000592183068287243
0.000561057786139779
0.000405268129176299
0.000638109450036766
0.000924131028982139
0.000902119910618584
0.000954592436995779
0.000969420340247954
0.000754577008723657
0.000488304692903027
0.000345910487535787
0.000425053862517998
0.000588750838470747
0.000859494211267583
0.00107176265512569
0.00116832752156019
0.00222022073630322
0.00186384595919404
0.000435749266977997
0.00111498927666678
0.00111957781595208
0.000767811837130314
0.000922444749856971
0.00105629209014863
0.000920995685046013
0.00133841558336416
0.000221654744188189
0.00126133613388952
0.000862675020963289
0.000960799460564235
0.00159296336857364
0.000994274167314498
0.0008929194160087
0.00185557366866775
0.00105171468007627
0.00049352717435279
0.00124001826409045
0.00144075349933203
0.000992017233510536
0.000147541998810316
0.000848428221227514
0.00125837290593646
0.000918285700266474
0.000717362133395096
0.000389241913966686
0.000597665525610664
0.000736220904752013
0.000928066247324234
0.00055908302760913
0.000703908058925697
0.000744109612766592
0.000584055841525587
0.000605590914462394
0.00039162543731183
0.000540405545762404
0.000774879940536146
0.000797889996219798
0.000925739148580265
0.000984468456262711
0.000765079844769959
0.000473756392783815
0.000282599806648091
0.000312850265164904
0.000476488427318038
0.000793855896277429
0.0010328219222022
0.00112984575637161
0.0022816851102666
0.00190673706359619
0.000446036457986027
0.00112374648305456
0.00112905159004087
0.000745695091741051
0.000885358898633227
0.00107448926368817
0.000872295620437952
0.00131555786512647
0.000161747543062184
0.00124213318676414
0.000855680765768942
0.000962317503799938
0.0015799551057852
0.00103009510734237
0.000866782115301088
0.00190799225225802
0.00109443924615572
0.000512811530735842
0.00125931098222443
0.00149147094543903
0.00100344675243845
8.67225493627803e-05
0.000884253956272473
0.00129510392723523
0.000940716569711846
0.000656923632518444
0.000351999540342489
0.000618644588455802
0.000770056268642199
0.000925585046932884
0.000484064934220664
0.000652260205210345
0.000673612498295498
0.00057868961122607
0.000632970187149081
0.000382458412174368
0.000465706190329963
0.000659489825836318
0.000721785740766474
0.000906411248353904
0.000994167571040565
0.000771858005308402
0.000464014707549653
0.000232143596371297
0.000209366581264046
0.000385988068401365
0.000747912930271166
0.00100659296910258
0.00110400533604334
0.00230264765304147
0.00192140900089519
0.00044955409150617
0.00112677190589526
0.00113232325316722
0.000737858946309402
0.000872110236363345
0.00108073739430623
0.000854733336818962
0.00130752597975751
0.000134853146899644
0.00123539424172889
0.000853238272917531
0.000962844154737707
0.00157541225458288
0.00104224759991298
0.000857518361086256
0.00192586327024955
0.00110889227620616
0.000519341415161149
0.00126594248780802
0.00150868609594087
0.00100738584470975
5.07205813368414e-05
0.000896361169346798
0.00130761910998155
0.000948382616973051
0.000634588294136864
0.00033810701737054
0.000625766013788097
0.000781464501525094
0.000924721777517153
0.00045512766807906
0.000633338483063798
0.000647335425573637
0.000576814259303656
0.00064220587862374
0.000379222897637773
0.000436784713780368
0.000614365594832265
0.000693403573436729
0.000899601592125726
0.000997513974785203
0.000774198152193153
0.000460583253148753
0.000211826976364497
0.000158322928634302
0.000349111399199703
0.000731282133122275
0.000997322378624985
0.00109488838168154
