100 2500 2.812671e-04 2.635433e-05 5.308539e-08 2.655709e-03 1.884620e-05 4.522975e-04 1.064605e-01 1.034648e-02 1.099919e-02 5.947780e-05 2.641107e-03 1.789569e-05 4.459561e-04 1.058627e-01 1.033384e-02 1.099968e-02 1.708792e-04 4.084604e-05 4.023109e-05 4.190062e-05 2.619131e-01 
100 10000 1.700730e-04 9.081871e-05 4.307367e-08 2.623242e-03 1.972150e-05 5.070123e-04 1.055075e-01 4.112934e-02 4.377401e-02 2.070442e-04 2.621487e-03 2.067490e-05 4.916053e-04 1.061419e-01 4.109034e-02 4.365325e-02 6.788038e-04 6.784932e-05 5.952688e-05 5.921549e-05 3.889325e-01 
100 22500 1.743013e-04 2.007418e-04 5.010515e-08 2.635710e-03 2.034041e-05 4.520191e-04 1.057512e-01 9.255282e-02 9.847492e-02 4.565319e-04 2.645362e-03 2.160128e-05 4.603816e-04 1.055708e-01 9.245791e-02 9.833988e-02 1.538247e-03 1.484668e-04 1.331128e-04 1.332200e-04 6.021896e-01 
100 40000 2.178514e-04 3.962117e-04 5.508773e-08 2.633433e-03 2.018721e-05 4.640741e-04 1.057869e-01 1.650000e-01 1.754347e-01 8.368739e-04 2.635522e-03 2.064887e-05 4.902512e-04 1.059237e-01 1.643534e-01 1.755789e-01 2.713024e-03 1.641612e-04 1.537926e-04 1.523376e-04 9.029989e-01 
100 62500 1.841421e-04 8.194810e-04 8.209608e-08 2.611126e-03 2.206494e-05 4.382015e-04 1.052278e-01 2.566180e-01 2.730097e-01 1.274626e-03 2.633794e-03 2.088919e-05 4.515535e-04 1.057661e-01 2.558250e-01 2.724196e-01 4.236789e-03 2.710778e-04 2.112025e-04 2.090542e-04 1.282272e+00 
100 90000 1.786168e-04 1.246550e-03 5.499460e-08 2.721502e-03 2.064393e-05 4.975181e-04 1.053898e-01 4.028772e-01 4.323493e-01 2.132070e-03 2.701406e-03 2.112254e-05 4.922232e-04 1.067729e-01 3.775101e-01 4.285223e-01 6.166884e-03 3.833816e-04 3.253590e-04 3.530793e-04 1.870696e+00 
200 2500 4.818417e-03 2.742591e-05 2.509914e-08 1.053532e-02 2.893819e-05 1.850065e-03 3.955182e-01 2.119980e-02 2.190881e-02 5.806671e-05 1.060224e-02 2.841651e-05 1.877679e-03 3.974220e-01 2.135279e-02 2.185707e-02 1.699498e-04 4.004580e-05 4.155310e-05 3.989059e-05 9.093993e-01 
200 10000 1.886427e-04 8.948562e-05 6.509945e-08 1.063498e-02 2.903938e-05 1.805480e-03 3.980573e-01 8.451640e-02 8.715828e-02 2.463480e-04 1.062200e-02 3.082496e-05 1.744278e-03 3.960021e-01 8.439338e-02 8.702776e-02 6.817573e-04 6.299401e-05 5.857940e-05 5.623698e-05 1.163429e+00 
200 22500 1.806748e-04 2.020858e-04 4.195608e-08 1.075628e-02 2.984060e-05 1.751698e-03 3.953286e-01 1.904353e-01 1.965248e-01 4.581843e-04 1.072407e-02 3.059870e-05 1.748939e-03 3.953519e-01 1.926305e-01 1.967141e-01 1.538955e-03 1.397136e-04 1.374974e-04 1.274854e-04 1.594837e+00 
200 40000 1.915220e-04 3.885213e-04 5.206093e-08 1.062923e-02 2.807891e-05 1.740683e-03 3.956756e-01 3.372398e-01 3.482822e-01 7.965107e-04 1.071483e-02 3.036843e-05 1.648306e-03 3.960624e-01 3.376409e-01 3.481632e-01 2.737568e-03 2.036111e-04 1.411368e-04 1.433091e-04 2.192493e+00 
200 62500 2.170642e-04 7.963264e-04 8.409843e-08 1.054464e-02 2.813903e-05 1.855322e-03 3.952421e-01 5.265534e-01 5.441130e-01 1.284412e-03 1.065210e-02 3.172234e-05 1.731822e-03 3.954224e-01 5.288548e-01 5.463989e-01 4.223995e-03 2.739071e-04 2.110793e-04 2.488567e-04 2.968721e+00 
200 90000 2.884268e-04 1.225525e-03 8.908100e-08 1.055029e-02 3.227722e-05 1.877047e-03 3.925731e-01 7.597426e-01 7.880950e-01 1.827262e-03 1.066374e-02 3.173640e-05 1.728250e-03 3.933297e-01 7.578318e-01 7.875109e-01 6.165622e-03 4.215857e-04 3.724333e-04 3.715199e-04 3.914676e+00 
300 2500 2.094148e-04 2.728677e-05 2.700835e-08 2.388521e-02 3.742087e-05 4.289263e-03 8.810185e-01 3.199644e-02 3.272533e-02 6.043930e-05 2.394605e-02 3.909841e-05 4.158696e-03 8.803202e-01 3.196195e-02 3.264157e-02 1.719128e-04 4.527560e-05 4.025707e-05 4.146099e-05 1.947642e+00 
300 10000 2.023653e-04 8.925218e-05 3.711320e-08 2.386179e-02 3.658263e-05 4.240019e-03 8.827249e-01 1.286258e-01 1.307910e-01 2.093757e-04 2.410605e-02 3.895913e-05 3.916962e-03 8.855806e-01 1.278555e-01 1.302914e-01 6.802680e-04 6.499807e-05 6.203260e-05 5.709729e-05 2.343456e+00 
300 22500 2.008580e-04 2.018185e-04 4.307367e-08 2.393059e-02 3.802171e-05 3.980377e-03 8.827634e-01 2.863404e-01 2.925738e-01 4.569085e-04 2.400225e-02 3.798171e-05 3.872658e-03 8.831859e-01 2.865496e-01 2.933517e-01 1.535178e-03 1.450316e-04 1.318649e-04 1.338540e-04 2.983466e+00 
300 40000 2.111154e-04 3.892233e-04 6.710179e-08 2.397358e-02 3.803181e-05 3.946586e-03 8.828181e-01 5.099843e-01 5.217620e-01 8.260700e-04 2.400136e-02 3.812197e-05 3.961267e-03 8.862468e-01 5.090948e-01 5.205887e-01 2.743686e-03 2.077653e-04 1.654331e-04 1.661322e-04 3.891203e+00 
300 62500 2.409738e-03 7.050172e-04 8.610077e-08 2.540097e-02 3.949599e-05 4.255378e-03 8.829553e-01 8.709206e-01 8.872780e-01 1.279874e-03 2.573916e-02 3.870977e-05 4.300434e-03 8.822176e-01 8.714891e-01 8.908750e-01 4.244465e-03 3.219410e-04 2.663970e-04 2.641466e-04 5.355045e+00 
300 90000 3.431024e-03 1.207934e-03 9.816140e-08 2.378228e-02 3.895122e-05 4.484517e-03 8.826399e-01 1.147960e+00 1.173426e+00 1.884172e-03 2.406795e-02 3.722161e-05 4.082847e-03 8.810293e-01 1.145146e+00 1.172768e+00 6.283388e-03 4.285151e-04 3.753577e-04 3.787788e-04 6.473490e+00 
400 2500 2.947152e-04 2.634842e-05 3.310852e-08 4.261354e-02 4.804977e-05 7.771575e-03 1.679623e+00 4.276644e-02 4.352840e-02 5.962211e-05 4.270070e-02 5.066968e-05 7.743633e-03 1.677063e+00 4.281798e-02 4.353359e-02 1.721391e-04 4.153498e-05 3.932770e-05 3.864970e-05 3.630961e+00 
400 10000 2.104114e-04 9.098188e-05 4.014000e-08 4.357427e-02 4.839939e-05 7.522689e-03 1.677989e+00 1.717945e-01 1.750584e-01 2.093428e-04 4.338444e-02 4.896219e-05 7.630063e-03 1.680284e+00 1.712671e-01 1.740286e-01 6.815701e-04 6.878576e-05 6.014481e-05 6.046230e-05 4.154038e+00 
400 22500 2.543009e-04 2.048159e-04 3.906898e-08 4.597425e-02 4.853751e-05 7.984549e-03 1.673312e+00 4.214747e-01 4.283450e-01 4.569206e-04 4.550064e-02 4.936671e-05 7.788795e-03 1.674706e+00 4.224060e-01 4.276477e-01 1.530958e-03 1.423797e-04 1.323217e-04 1.301714e-04 5.158122e+00 
400 40000 2.116232e-04 3.920787e-04 4.712492e-08 4.268199e-02 4.836419e-05 6.974476e-03 1.678840e+00 6.827036e-01 6.926905e-01 8.248472e-04 4.269094e-02 4.902529e-05 7.198344e-03 1.676525e+00 6.822332e-01 6.919054e-01 2.845844e-03 2.098695e-04 1.798277e-04 1.788762e-04 6.209416e+00 
400 62500 2.216181e-04 7.644009e-04 6.700866e-08 4.236071e-02 4.678788e-05 7.658893e-03 1.679349e+00 1.069230e+00 1.085223e+00 1.235591e-03 4.268913e-02 5.038329e-05 7.241733e-03 1.679118e+00 1.064510e+00 1.080305e+00 4.238179e-03 2.809788e-04 2.438232e-04 2.483921e-04 7.765053e+00 
400 90000 6.332991e-03 1.216218e-03 6.812625e-08 4.247046e-02 5.061179e-05 7.182848e-03 1.671180e+00 1.538833e+00 1.569798e+00 1.840723e-03 4.267767e-02 4.863082e-05 7.480591e-03 1.671820e+00 1.538145e+00 1.559219e+00 6.180743e-03 4.264474e-04 3.639388e-04 3.679648e-04 9.665673e+00 
500 2500 2.315205e-04 2.661180e-05 2.700835e-08 6.684530e-02 5.532377e-05 1.139704e-02 2.893818e+00 5.353961e-02 5.432998e-02 6.979243e-05 6.637928e-02 5.751387e-05 1.129602e-02 2.895973e+00 5.349950e-02 5.431396e-02 1.718404e-04 4.014866e-05 4.051910e-05 4.079849e-05 6.162152e+00 
500 10000 2.245564e-04 8.909311e-05 3.008172e-08 6.694147e-02 5.386737e-05 1.251074e-02 2.889047e+00 2.144600e-01 2.171812e-01 2.089632e-04 6.693379e-02 5.585244e-05 1.173268e-02 2.894120e+00 2.138792e-01 2.166247e-01 6.796222e-04 6.359410e-05 5.884492e-05 5.788449e-05 6.804954e+00 
500 22500 2.238374e-04 1.994950e-04 3.911555e-08 6.653930e-02 5.800263e-05 1.191023e-02 2.889389e+00 4.842257e-01 4.879314e-01 4.592925e-04 6.674219e-02 5.426519e-05 1.160674e-02 2.849938e+00 4.856209e-01 4.872518e-01 1.537547e-03 1.428345e-04 1.356868e-04 1.290539e-04 7.844135e+00 
500 40000 2.281300e-04 4.017746e-04 7.408671e-08 6.652493e-02 5.571120e-05 1.247231e-02 2.819849e+00 8.587669e-01 8.705580e-01 7.967380e-04 6.674727e-02 5.498324e-05 1.190326e-02 2.822371e+00 8.603118e-01 8.725649e-01 2.706931e-03 1.751107e-04 1.535355e-04 1.598250e-04 9.266842e+00 
500 62500 6.648417e-03 7.186021e-04 5.508773e-08 6.632104e-02 5.374230e-05 1.188563e-02 2.825838e+00 1.336208e+00 1.358421e+00 1.237240e-03 6.682942e-02 5.541686e-05 1.146950e-02 2.826181e+00 1.335808e+00 1.351322e+00 4.372980e-03 2.767398e-04 2.421220e-04 2.521480e-04 1.120418e+01 
500 90000 2.259749e-04 1.216974e-03 6.309710e-08 6.643232e-02 5.699820e-05 1.170069e-02 2.815981e+00 1.931739e+00 1.959961e+00 1.780810e-03 6.646590e-02 5.474896e-05 1.174546e-02 2.816755e+00 1.925604e+00 1.952704e+00 6.088685e-03 3.907033e-04 2.985164e-04 3.174637e-04 1.356956e+01 
600 2500 6.675804e-03 2.669189e-05 5.001202e-08 9.588150e-02 6.810678e-05 1.677030e-02 4.283121e+00 6.456833e-02 6.517706e-02 6.046141e-05 9.609068e-02 6.850138e-05 1.661348e-02 4.255296e+00 6.442352e-02 6.521014e-02 1.719220e-04 4.221220e-05 4.124371e-05 4.007393e-05 9.030376e+00 
600 10000 2.412157e-04 8.895099e-05 3.906898e-08 9.603117e-02 6.790659e-05 1.740316e-02 4.264271e+00 2.575348e-01 2.600367e-01 2.096795e-04 9.641361e-02 6.894907e-05 1.717588e-02 4.247307e+00 2.567277e-01 2.598235e-01 6.799127e-04 6.517451e-05 5.681398e-05 5.875779e-05 9.774291e+00 
600 22500 2.509643e-04 2.027372e-04 4.111789e-08 9.643645e-02 6.667571e-05 1.671265e-02 4.237263e+00 5.798480e-01 5.889616e-01 4.604608e-04 9.624313e-02 6.723851e-05 1.652770e-02 4.232206e+00 5.782660e-01 5.971569e-01 1.528710e-03 1.737748e-04 1.325422e-04 1.559632e-04 1.104270e+01 
600 40000 3.509176e-03 3.803067e-04 3.711320e-08 9.592109e-02 6.567021e-05 1.777818e-02 4.172245e+00 1.028900e+00 1.045494e+00 7.980545e-04 9.783557e-02 6.763609e-05 1.745360e-02 4.173749e+00 1.030181e+00 1.040937e+00 2.706839e-03 1.781346e-04 1.406785e-04 1.431893e-04 1.272852e+01 
