100 2500 1.295269e-04 2.591460e-05 3.610039e-08 7.739766e-03 1.147510e-05 1.314990e-03 9.442413e-02 3.069257e-02 3.265857e-02 7.093260e-05 7.683112e-03 1.271300e-05 1.357205e-03 9.395567e-02 3.073486e-02 3.270771e-02 1.702706e-04 5.631580e-05 6.206650e-05 5.703690e-05 3.338885e-01 
100 10000 9.991390e-05 8.803910e-05 3.409805e-08 7.727807e-03 1.206400e-05 1.320587e-03 9.430228e-02 1.228055e-01 1.306450e-01 2.741093e-04 7.720206e-03 1.310360e-05 1.241527e-03 9.402651e-02 1.225026e-01 1.302870e-01 6.782182e-04 1.231915e-04 1.195541e-04 1.216011e-04 7.141307e-01 
100 22500 9.920880e-05 1.985718e-04 3.110035e-08 7.834060e-03 1.281910e-05 1.095165e-03 9.428491e-02 2.759683e-01 2.933779e-01 6.107807e-04 7.784152e-03 1.266290e-05 1.167302e-03 9.507714e-02 2.758225e-01 2.931794e-01 1.534221e-03 3.510279e-04 3.431721e-04 3.395227e-04 1.349117e+00 
100 40000 1.010014e-04 3.833710e-04 3.500027e-08 7.730307e-03 1.324470e-05 1.149033e-03 9.357667e-02 4.909304e-01 5.223090e-01 1.124836e-03 7.748692e-03 1.323970e-05 1.117095e-03 9.402249e-02 4.910740e-01 5.227833e-01 2.761234e-03 3.647353e-04 4.472232e-04 4.553543e-04 2.238132e+00 
100 62500 9.761740e-05 7.664947e-04 7.009949e-08 7.667436e-03 1.334690e-05 1.175188e-03 9.413380e-02 7.645439e-01 8.122538e-01 1.666071e-03 7.768948e-03 1.380650e-05 1.166109e-03 9.455460e-02 7.659409e-01 8.181756e-01 4.267561e-03 6.208427e-04 5.929992e-04 6.043632e-04 3.376053e+00 
100 90000 1.007060e-04 1.189909e-03 8.610077e-08 8.056443e-03 1.318660e-05 1.321171e-03 9.440413e-02 1.197750e+00 1.272860e+00 2.678618e-03 7.977060e-03 1.301940e-05 1.205617e-03 9.434123e-02 1.126517e+00 1.272681e+00 6.219663e-03 8.652177e-04 8.456455e-04 8.698426e-04 5.089937e+00 
200 2500 1.143013e-04 2.784740e-05 5.409820e-08 3.135130e-02 2.051060e-05 5.351744e-03 3.851924e-01 6.294400e-02 6.494416e-02 7.211440e-05 3.138793e-02 1.996080e-05 5.335528e-03 3.854928e-01 6.302502e-02 6.509192e-02 1.705230e-04 5.669850e-05 5.912210e-05 5.865840e-05 1.100739e+00 
200 10000 1.133789e-04 8.857500e-05 3.800378e-08 3.138047e-02 2.154700e-05 5.117202e-03 3.842625e-01 2.514685e-01 2.595598e-01 2.802084e-04 3.141449e-02 2.129170e-05 5.211050e-03 3.854099e-01 2.514901e-01 2.597205e-01 6.779468e-04 1.061241e-04 1.026870e-04 1.029093e-04 1.866574e+00 
200 22500 1.138747e-04 2.129452e-04 4.700269e-08 3.145977e-02 2.138879e-05 4.735090e-03 3.848284e-01 5.673286e-01 5.860668e-01 6.117642e-04 3.146333e-02 2.124560e-05 4.959683e-03 3.858015e-01 5.661873e-01 5.857748e-01 1.530412e-03 3.610207e-04 3.437500e-04 3.331973e-04 3.152183e+00 
200 40000 1.131155e-04 3.859468e-04 6.209593e-08 3.150275e-02 2.132470e-05 5.496700e-03 3.844122e-01 1.015633e+00 1.041940e+00 1.065793e-03 3.144616e-02 2.160920e-05 5.343855e-03 3.848921e-01 1.006632e+00 1.038614e+00 2.735066e-03 3.658329e-04 3.815734e-04 3.863034e-04 4.951422e+00 
200 62500 1.118206e-04 7.908680e-04 6.100163e-08 3.135174e-02 2.087910e-05 5.540910e-03 3.866393e-01 1.572974e+00 1.624300e+00 1.704458e-03 3.140239e-02 2.231730e-05 5.295512e-03 3.843521e-01 1.574087e+00 1.620135e+00 4.283034e-03 6.177942e-04 5.895291e-04 6.663856e-04 7.244917e+00 
200 90000 1.523339e-04 1.191006e-03 6.909831e-08 3.136281e-02 2.052960e-05 5.445008e-03 3.840572e-01 2.267868e+00 2.346921e+00 2.519721e-03 3.154841e-02 2.227720e-05 5.526909e-03 3.853979e-01 2.274161e+00 2.352392e+00 6.159603e-03 8.876061e-04 1.085988e-03 1.149557e-03 1.009790e+01 
300 2500 1.377011e-04 2.571830e-05 3.199675e-08 7.112974e-02 2.839230e-05 1.317760e-02 9.706947e-01 9.541483e-02 9.756264e-02 7.306480e-05 7.103165e-02 3.029110e-05 1.267639e-02 9.704405e-01 9.526833e-02 9.730354e-02 1.712601e-04 5.768490e-05 5.431190e-05 5.874460e-05 2.495363e+00 
300 10000 1.287738e-04 8.827250e-05 4.009926e-08 7.105419e-02 2.846940e-05 1.314808e-02 9.687969e-01 3.813735e-01 3.898439e-01 2.751619e-04 7.110979e-02 2.891410e-05 1.221072e-02 9.681246e-01 3.806265e-01 3.886183e-01 6.865546e-04 1.129963e-04 1.030926e-04 1.099328e-04 3.646495e+00 
300 22500 1.302420e-04 1.981241e-04 5.509937e-08 7.097976e-02 3.019600e-05 1.132339e-02 9.710209e-01 8.602363e-01 8.814247e-01 6.112785e-04 7.102757e-02 3.041530e-05 1.178593e-02 9.658535e-01 8.562847e-01 8.742306e-01 1.533767e-03 3.503368e-04 3.374846e-04 3.394286e-04 5.577762e+00 
300 40000 1.297953e-04 3.839769e-04 3.600144e-08 7.103466e-02 2.884100e-05 1.154130e-02 9.688790e-01 1.523662e+00 1.560926e+00 1.096315e-03 7.105592e-02 2.859150e-05 1.170852e-02 9.691750e-01 1.521590e+00 1.555486e+00 2.731939e-03 4.170562e-04 3.852649e-04 3.851226e-04 8.270678e+00 
300 62500 1.284433e-04 7.536656e-04 8.210191e-08 7.547121e-02 2.914340e-05 1.300280e-02 9.720194e-01 2.598926e+00 2.649542e+00 1.659018e-03 7.631375e-02 2.929170e-05 1.324313e-02 9.728774e-01 2.596444e+00 2.648309e+00 4.382522e-03 5.985937e-04 5.514614e-04 6.787420e-04 1.262499e+01 
300 90000 1.521286e-04 1.181083e-03 6.709597e-08 7.105183e-02 2.806480e-05 1.292896e-02 9.695952e-01 3.437351e+00 3.507728e+00 2.667891e-03 7.106376e-02 2.851850e-05 1.192241e-02 9.689764e-01 3.429896e+00 3.505555e+00 6.100397e-03 1.013235e-03 9.824734e-04 1.003257e-03 1.599926e+01 
400 2500 1.658771e-04 2.580050e-05 3.009918e-08 1.267849e-01 3.741170e-05 2.307918e-02 1.953309e+00 1.283233e-01 1.297993e-01 7.234680e-05 1.267656e-01 3.848840e-05 2.357787e-02 1.952673e+00 1.276198e-01 1.295859e-01 1.706752e-04 6.172590e-05 5.836590e-05 5.788230e-05 4.722234e+00 
400 10000 1.475658e-04 9.875510e-05 5.009933e-08 1.266535e-01 3.697110e-05 2.321841e-02 1.947821e+00 5.111881e-01 5.187241e-01 2.830777e-04 1.269291e-01 3.676380e-05 2.359208e-02 1.953734e+00 5.105072e-01 5.189357e-01 6.788291e-04 1.070815e-04 1.032858e-04 1.042884e-04 6.262926e+00 
400 22500 1.503599e-04 1.981702e-04 5.810289e-08 1.353876e-01 3.725550e-05 2.323455e-02 1.956062e+00 1.255878e+00 1.274284e+00 6.495014e-04 1.349887e-01 3.714930e-05 2.335121e-02 1.948712e+00 1.256930e+00 1.273548e+00 1.526419e-03 3.555099e-04 3.441699e-04 3.434579e-04 9.286051e+00 
400 40000 2.193700e-04 3.801006e-04 3.909809e-08 1.266858e-01 3.723840e-05 2.256586e-02 1.950023e+00 2.039491e+00 2.099911e+00 1.095290e-03 1.283295e-01 3.639120e-05 2.268615e-02 1.951533e+00 2.039257e+00 2.068956e+00 2.783635e-03 3.863087e-04 3.653505e-04 3.598073e-04 1.245513e+01 
400 62500 1.488168e-04 7.477725e-04 5.209586e-08 1.267374e-01 3.600470e-05 2.430172e-02 1.953372e+00 3.193231e+00 3.240805e+00 1.660398e-03 1.267799e-01 3.618890e-05 2.254779e-02 1.953740e+00 3.185262e+00 3.232420e+00 4.288371e-03 5.964069e-04 5.911350e-04 5.901415e-04 1.706792e+01 
400 90000 1.771100e-04 1.189556e-03 6.310293e-08 1.265889e-01 3.613480e-05 2.222632e-02 1.955258e+00 4.592348e+00 4.671978e+00 2.701456e-03 1.268351e-01 3.709420e-05 2.208807e-02 1.951179e+00 4.589123e+00 4.674003e+00 6.091420e-03 8.981222e-04 9.892861e-04 1.029136e-03 2.274481e+01 
500 2500 1.660306e-04 2.564930e-05 2.610032e-08 1.981973e-01 4.520140e-05 3.573527e-02 3.436893e+00 1.596940e-01 1.618825e-01 7.343350e-05 1.984082e-01 4.440320e-05 3.691677e-02 3.432523e+00 1.597548e-01 1.618444e-01 1.710300e-04 5.755080e-05 5.962490e-05 5.551970e-05 7.982571e+00 
500 10000 1.667326e-04 8.742840e-05 3.410387e-08 1.987802e-01 4.544680e-05 3.771916e-02 3.430591e+00 6.399020e-01 6.482735e-01 2.745033e-04 1.984607e-01 4.576530e-05 3.540176e-02 3.434601e+00 6.380287e-01 6.470690e-01 6.780019e-04 1.057625e-04 1.035512e-04 1.028232e-04 9.910467e+00 
500 22500 1.700693e-04 1.998267e-04 2.599554e-08 1.983616e-01 4.542460e-05 3.546956e-02 3.449060e+00 1.435862e+00 1.460263e+00 6.081859e-04 1.982768e-01 4.588830e-05 3.690787e-02 3.444994e+00 1.435660e+00 1.456227e+00 1.581942e-03 3.458622e-04 3.404641e-04 3.523288e-04 1.315480e+01 
500 40000 9.915960e-04 3.725359e-04 7.010531e-08 1.988368e-01 4.391340e-05 3.858169e-02 3.442112e+00 2.579771e+00 2.598357e+00 1.072387e-03 1.981708e-01 4.349290e-05 3.624410e-02 3.448702e+00 2.551985e+00 2.587495e+00 2.714756e-03 4.190433e-04 4.523519e-04 4.696758e-04 1.768687e+01 
500 62500 1.677062e-04 7.652268e-04 5.409820e-08 1.981530e-01 4.336170e-05 3.759374e-02 3.451842e+00 4.012324e+00 4.061719e+00 1.704782e-03 1.983257e-01 4.402750e-05 3.509592e-02 3.451283e+00 3.989791e+00 4.041038e+00 4.236064e-03 6.417202e-04 6.270905e-04 6.246838e-04 2.348606e+01 
500 90000 1.665081e-04 1.188326e-03 6.810296e-08 1.982537e-01 4.442620e-05 3.365957e-02 3.453541e+00 5.751700e+00 5.833505e+00 2.392267e-03 1.984232e-01 4.494010e-05 3.468733e-02 3.454935e+00 5.743775e+00 5.826438e+00 6.287319e-03 8.765252e-04 8.231457e-04 8.436703e-04 3.054162e+01 
600 2500 1.883607e-04 2.594470e-05 4.710164e-08 2.860085e-01 5.336050e-05 5.642706e-02 5.185061e+00 1.922896e-01 1.945002e-01 7.275040e-05 2.861832e-01 5.338560e-05 5.644600e-02 5.183624e+00 1.921240e-01 1.944068e-01 1.716368e-04 6.138550e-05 6.040000e-05 6.022180e-05 1.182785e+01 
600 10000 1.844318e-04 8.864010e-05 4.210160e-08 2.861379e-01 5.354580e-05 5.492955e-02 5.183270e+00 7.687988e-01 7.769415e-01 2.742437e-04 2.858523e-01 5.442910e-05 5.341138e-02 5.183186e+00 7.666474e-01 7.763398e-01 6.777280e-04 1.055113e-04 1.053440e-04 1.024057e-04 1.413720e+01 
600 22500 1.902094e-04 1.978098e-04 3.610039e-08 2.864905e-01 5.231200e-05 5.285747e-02 5.190729e+00 1.729971e+00 1.751385e+00 6.116637e-04 2.865169e-01 5.405460e-05 5.325585e-02 5.184534e+00 1.728985e+00 1.751664e+00 1.537507e-03 3.511494e-04 3.487428e-04 3.396271e-04 1.802011e+01 
600 40000 1.875355e-04 3.942405e-04 6.610062e-08 2.858326e-01 5.416280e-05 5.379771e-02 5.189274e+00 3.075537e+00 3.116025e+00 1.094525e-03 2.861505e-01 5.304410e-05 5.388859e-02 5.182054e+00 3.075973e+00 3.105565e+00 2.713807e-03 4.076586e-04 3.610861e-04 3.606615e-04 2.342976e+01 
600 62500 1.859161e-04 7.336494e-04 7.809722e-08 2.951273e-01 5.126940e-05 5.548434e-02 5.183228e+00 4.856846e+00 5.299164e+00 1.672610e-03 2.965666e-01 5.266560e-05 5.542213e-02 5.185449e+00 4.792993e+00 5.298430e+00 4.250290e-03 5.927754e-04 5.495480e-04 6.697170e-04 3.132751e+01 
600 90000 1.836557e-04 1.185958e-03 7.909839e-08 2.859415e-01 5.339760e-05 5.519699e-02 5.200086e+00 6.924829e+00 7.010103e+00 2.393466e-03 2.858315e-01 5.351870e-05 5.267986e-02 5.206451e+00 6.911011e+00 6.990048e+00 6.146645e-03 1.008791e-03 9.548943e-04 9.588782e-04 3.893516e+01 
700 2500 2.064037e-04 2.568830e-05 4.100148e-08 3.894337e-01 6.052820e-05 7.607360e-02 8.023683e+00 2.248264e-01 2.268749e-01 7.173200e-05 3.896412e-01 6.050320e-05 7.491852e-02 8.026699e+00 2.249770e-01 2.269400e-01 1.716258e-04 5.960680e-05 6.201240e-05 5.698000e-05 1.788487e+01 
700 10000 2.019770e-04 8.828760e-05 2.709567e-08 3.896637e-01 7.033180e-05 7.238985e-02 8.058600e+00 8.958842e-01 9.048098e-01 2.726624e-04 3.890487e-01 6.272240e-05 7.376361e-02 8.050761e+00 8.965786e-01 9.054001e-01 6.789229e-04 1.056034e-04 1.026119e-04 1.046329e-04 2.063862e+01 
700 22500 2.032831e-04 1.974274e-04 3.009918e-08 3.894032e-01 6.107200e-05 7.272077e-02 8.029081e+00 2.016555e+00 2.037640e+00 6.491709e-04 3.898862e-01 6.280560e-05 7.407992e-02 8.027904e+00 2.015923e+00 2.037904e+00 1.527687e-03 3.452673e-04 3.407105e-04 3.416919e-04 2.509486e+01 
700 40000 2.016523e-04 3.913148e-04 5.610054e-08 4.167858e-01 6.151360e-05 7.548377e-02 8.036540e+00 3.924905e+00 3.956708e+00 1.066730e-03 4.167584e-01 5.956080e-05 7.591316e-02 8.009828e+00 3.922072e+00 3.957381e+00 2.702840e-03 4.075775e-04 3.592385e-04 3.629980e-04 3.279803e+01 
700 62500 2.394178e-04 7.330837e-04 8.009956e-08 3.898551e-01 6.259930e-05 7.805861e-02 8.035208e+00 5.614679e+00 5.671323e+00 1.665913e-03 3.889442e-01 6.119630e-05 7.388849e-02 8.023949e+00 5.597022e+00 5.654548e+00 4.228529e-03 6.620568e-04 6.382012e-04 6.408762e-04 3.953644e+01 
700 90000 2.057627e-04 1.183048e-03 8.210191e-08 3.896587e-01 6.020980e-05 7.980253e-02 8.038336e+00 8.089235e+00 8.167894e+00 2.389407e-03 3.893496e-01 5.968700e-05 7.684991e-02 7.952241e+00 8.063490e+00 8.145341e+00 6.114039e-03 8.713703e-04 9.272947e-04 1.004166e-03 4.940505e+01 
800 2500 3.160199e-04 2.571530e-05 4.809699e-08 5.093085e-01 7.058610e-05 9.361863e-02 1.100657e+01 2.561551e-01 2.588501e-01 7.683550e-05 5.093792e-01 7.112800e-05 9.562606e-02 1.100826e+01 2.563557e-01 2.594468e-01 1.703108e-04 5.646820e-05 5.661040e-05 5.966290e-05 2.425450e+01 
800 10000 2.141782e-04 8.876130e-05 3.300374e-08 5.090433e-01 6.699390e-05 1.046079e-01 1.100793e+01 1.027146e+00 1.036539e+00 2.731911e-04 5.080441e-01 6.974600e-05 1.087558e-01 1.112567e+01 1.023840e+00 1.033780e+00 6.790103e-04 1.056064e-04 1.019240e-04 1.035133e-04 2.748710e+01 
800 22500 2.202534e-04 1.999530e-04 6.009941e-08 5.270777e-01 7.221060e-05 1.040679e-01 1.091361e+01 2.310896e+00 2.543913e+00 6.092680e-04 5.263823e-01 7.095270e-05 9.905973e-02 1.092855e+01 2.305416e+00 2.547050e+00 1.525383e-03 3.413410e-04 3.291368e-04 3.375744e-04 3.280977e+01 
800 40000 2.162313e-04 3.941074e-04 6.409828e-08 5.092284e-01 6.794320e-05 1.044608e-01 1.090127e+01 4.106554e+00 4.148178e+00 1.068102e-03 5.086688e-01 6.884560e-05 9.442564e-02 1.092446e+01 4.095772e+00 4.134848e+00 2.711261e-03 3.916222e-04 3.582084e-04 3.597397e-04 3.953354e+01 
800 62500 2.185160e-04 7.984872e-04 7.610070e-08 5.082710e-01 6.808260e-05 9.462504e-02 1.097590e+01 6.404058e+00 6.467322e+00 1.664060e-03 5.085477e-01 6.775520e-05 9.820975e-02 1.093463e+01 6.406938e+00 6.471907e+00 4.228746e-03 8.069159e-04 7.182236e-04 7.193292e-04 4.887973e+01 
800 90000 2.193412e-04 1.268923e-03 7.509952e-08 5.094087e-01 6.805250e-05 1.017969e-01 1.102674e+01 9.252976e+00 9.346826e+00 2.544037e-03 5.087813e-01 6.920130e-05 9.457886e-02 1.095785e+01 9.243869e+00 9.314607e+00 6.101186e-03 1.061269e-03 9.878417e-04 9.880430e-04 6.037077e+01 
900 2500 2.360101e-04 2.655960e-05 4.000030e-08 6.450951e-01 7.524530e-05 1.350727e-01 1.517464e+01 2.891944e-01 2.921859e-01 7.343760e-05 6.443271e-01 7.705400e-05 1.303859e-01 1.527268e+01 2.885973e-01 2.911477e-01 1.712205e-04 5.982030e-05 5.414980e-05 6.032490e-05 3.316419e+01 
900 10000 2.315634e-04 8.900780e-05 4.210160e-08 6.869363e-01 7.556080e-05 1.288329e-01 1.519047e+01 1.262266e+00 1.274143e+00 2.799457e-04 6.691866e-01 7.597040e-05 1.288889e-01 1.510137e+01 1.174435e+00 1.273208e+00 6.780145e-04 1.084859e-04 1.035154e-04 1.043697e-04 3.689152e+01 
900 22500 3.159872e-02 1.981586e-04 6.200280e-08 6.453869e-01 7.397340e-05 1.340893e-01 1.536758e+01 2.598325e+00 2.624108e+00 6.219080e-04 6.432761e-01 7.735940e-05 1.328094e-01 1.542786e+01 2.590625e+00 2.614488e+00 1.529286e-03 3.527243e-04 3.333423e-04 3.397320e-04 4.281371e+01 
900 40000 2.421603e-04 3.984425e-04 5.110051e-08 6.450805e-01 7.452620e-05 1.300361e-01 1.554897e+01 4.607387e+00 4.666919e+00 1.068478e-03 6.445415e-01 8.121920e-05 1.302036e-01 1.553590e+01 4.613535e+00 4.661392e+00 2.732258e-03 4.121412e-04 3.594455e-04 3.592423e-04 5.118974e+01 
900 62500 2.310237e-04 7.427023e-04 8.909847e-08 6.447686e-01 7.597240e-05 1.324452e-01 1.504762e+01 7.225860e+00 7.277632e+00 1.658172e-03 6.452266e-01 7.619370e-05 1.300398e-01 1.502939e+01 7.227076e+00 7.314306e+00 4.262016e-03 7.789053e-04 7.374674e-04 7.359341e-04 6.068370e+01 
900 90000 2.319951e-04 1.202235e-03 7.509952e-08 6.445707e-01 7.672850e-05 1.257700e-01 1.519988e+01 1.041433e+01 1.049648e+01 2.398375e-03 6.442235e-01 7.439700e-05 1.315719e-01 1.517302e+01 1.040360e+01 1.048552e+01 6.088495e-03 8.955032e-04 8.624149e-04 8.950655e-04 7.373173e+01 
1000 2500 2.508593e-04 2.701230e-05 5.110051e-08 7.955533e-01 8.457820e-05 1.721736e-01 1.963488e+01 3.212031e-01 3.239394e-01 7.190020e-05 7.950582e-01 8.440190e-05 1.690305e-01 1.961528e+01 3.212789e-01 3.233621e-01 1.699156e-04 5.388150e-05 5.186440e-05 5.384640e-05 4.247264e+01 
1000 10000 2.512880e-04 8.820160e-05 2.809684e-08 7.942341e-01 8.388410e-05 1.676541e-01 1.962473e+01 1.282575e+00 1.295435e+00 2.774930e-04 7.938622e-01 8.398340e-05 1.679300e-01 1.960118e+01 1.282373e+00 1.291825e+00 6.849882e-04 1.046552e-04 1.011980e-04 1.019071e-04 4.630362e+01 
