100 2500 9.531703e-05 4.039697e-04 3.966037e-09 7.771388e-05 9.290522e-06 6.545760e-05 3.134466e-02 3.829694e-04 3.985814e-04 3.542064e-05 7.604601e-05 9.206828e-06 6.320221e-05 3.142705e-02 3.843767e-04 3.984101e-04 3.542398e-05 3.039189e-05 3.014826e-05 3.016871e-05 6.529809e-02 
100 10000 9.558865e-05 4.055779e-04 3.986061e-09 7.924336e-05 9.211595e-06 6.341781e-05 3.141301e-02 7.613052e-04 8.164542e-04 3.547632e-05 7.591952e-05 9.179416e-06 6.228110e-05 3.139065e-02 7.644722e-04 8.215781e-04 3.556046e-05 3.061053e-05 3.035965e-05 3.038498e-05 6.693054e-02 
100 22500 9.513914e-05 4.035343e-04 4.216097e-09 7.712910e-05 9.187341e-06 6.260271e-05 3.138283e-02 1.474663e-03 1.656421e-03 3.553413e-05 7.548044e-05 9.122845e-06 6.259611e-05 3.136351e-02 1.479840e-03 1.666431e-03 3.542254e-05 3.051876e-05 3.021953e-05 3.026866e-05 6.998070e-02 
100 40000 9.532703e-05 4.086430e-04 4.125759e-09 8.108555e-05 9.272428e-06 6.267053e-05 3.146872e-02 2.799727e-03 3.068524e-03 3.787014e-05 7.599107e-05 9.210586e-06 6.283060e-05 3.144957e-02 2.800023e-03 3.065343e-03 3.707575e-05 3.195970e-05 3.167286e-05 3.167675e-05 7.562747e-02 
100 62500 9.512386e-05 4.111918e-04 4.015863e-09 8.026878e-05 9.271957e-06 6.261341e-05 3.148254e-02 5.584653e-03 6.098487e-03 3.762255e-05 7.597748e-05 9.177836e-06 6.322930e-05 3.144233e-02 5.601026e-03 6.139166e-03 3.738406e-05 3.259010e-05 3.233567e-05 3.232481e-05 8.732767e-02 
100 90000 9.448959e-05 4.077979e-04 3.956258e-09 8.015208e-05 9.171057e-06 6.300362e-05 3.125544e-02 9.435189e-03 1.032034e-02 3.695877e-05 7.566301e-05 9.136725e-06 6.326119e-05 3.128595e-02 9.441147e-03 1.036064e-02 3.692938e-05 3.407465e-05 3.419706e-05 3.370883e-05 1.030776e-01 
200 2500 9.515995e-05 4.040146e-04 4.136004e-09 1.816339e-04 9.315221e-06 2.291555e-04 7.102196e-02 7.815142e-04 8.111875e-04 3.515627e-05 1.822340e-04 9.203936e-06 2.284822e-04 7.077775e-02 7.840728e-04 8.145171e-04 3.505540e-05 3.005477e-05 2.987154e-05 2.996142e-05 1.464906e-01 
200 10000 9.514004e-05 3.989963e-04 4.026107e-09 1.816315e-04 9.220489e-06 2.272441e-04 6.991548e-02 1.784256e-03 1.833035e-03 3.481349e-05 1.800360e-04 9.151316e-06 2.277811e-04 6.990202e-02 1.773460e-03 1.824144e-03 3.469840e-05 2.968457e-05 2.952813e-05 2.953556e-05 1.485201e-01 
200 22500 9.435684e-05 4.004640e-04 3.935304e-09 1.822129e-04 9.172838e-06 2.261908e-04 7.003020e-02 3.711104e-03 3.820314e-03 3.517723e-05 1.787119e-04 9.122152e-06 2.261254e-04 7.001727e-02 3.719453e-03 3.813005e-03 3.515394e-05 3.024212e-05 3.007466e-05 3.009474e-05 1.565987e-01 
200 40000 9.469353e-05 4.039310e-04 3.966037e-09 1.825523e-04 9.174451e-06 2.297387e-04 7.026445e-02 7.314195e-03 7.502852e-03 3.614251e-05 1.818658e-04 9.163143e-06 2.308051e-04 7.042803e-02 7.297277e-03 7.554816e-03 3.599966e-05 3.106904e-05 3.098347e-05 3.100445e-05 1.718691e-01 
200 62500 9.523778e-05 4.098435e-04 4.106201e-09 2.013473e-04 9.289071e-06 2.282929e-04 7.053285e-02 1.410922e-02 1.456585e-02 3.756267e-05 1.839181e-04 9.273157e-06 2.285548e-04 7.055274e-02 1.410661e-02 1.451656e-02 3.746015e-05 3.255937e-05 3.243836e-05 3.235410e-05 1.999223e-01 
200 90000 9.516725e-05 4.145164e-04 4.125759e-09 1.855480e-04 9.321229e-06 2.267347e-04 7.062279e-02 2.330469e-02 2.392627e-02 3.788725e-05 1.835301e-04 9.250877e-06 2.268852e-04 7.064802e-02 2.340893e-02 2.393348e-02 3.773894e-05 3.468496e-05 3.463853e-05 3.444121e-05 2.373749e-01 
300 2500 9.489314e-05 4.013174e-04 4.127156e-09 3.539032e-04 9.287931e-06 4.960789e-04 1.236950e-01 1.051648e-03 1.172045e-03 3.487475e-05 3.565645e-04 9.236535e-06 4.974674e-04 1.243765e-01 1.053144e-03 1.177069e-03 3.481969e-05 2.981160e-05 2.960724e-05 2.964376e-05 2.549032e-01 
300 10000 9.549119e-05 4.067057e-04 4.136004e-09 3.603786e-04 9.327842e-06 4.950263e-04 1.245266e-01 2.276475e-03 2.350583e-03 3.560533e-05 3.563800e-04 9.315162e-06 4.953061e-04 1.245203e-01 2.280037e-03 2.346247e-03 3.557147e-05 3.051875e-05 3.042702e-05 3.041091e-05 2.606910e-01 
300 22500 9.501800e-05 4.027654e-04 3.994908e-09 3.703622e-04 9.263936e-06 4.934269e-04 1.238204e-01 4.784538e-03 4.693251e-03 3.544773e-05 3.558618e-04 9.250426e-06 4.932748e-04 1.238024e-01 4.776308e-03 4.702715e-03 3.534442e-05 3.043277e-05 3.027656e-05 3.029811e-05 2.689710e-01 
300 40000 9.527892e-05 4.077248e-04 3.965106e-09 3.624285e-04 9.316695e-06 4.966272e-04 1.245437e-01 8.946792e-03 9.018115e-03 3.707563e-05 3.626490e-04 9.272960e-06 4.963909e-04 1.238797e-01 9.012756e-03 8.977865e-03 3.687879e-05 3.188327e-05 3.173540e-05 3.172793e-05 2.867882e-01 
300 62500 9.493048e-05 4.090819e-04 3.955793e-09 3.752973e-04 9.271507e-06 5.021489e-04 1.238892e-01 1.793130e-02 1.779402e-02 3.713214e-05 3.619752e-04 9.185179e-06 5.006661e-04 1.238198e-01 1.794907e-02 1.784715e-02 3.704392e-05 3.225754e-05 3.220719e-05 3.226245e-05 3.216643e-01 
300 90000 9.528683e-05 4.145327e-04 3.695022e-09 3.613219e-04 9.329735e-06 4.985530e-04 1.240215e-01 3.027786e-02 3.016237e-02 3.801680e-05 3.706448e-04 9.216445e-06 4.972669e-04 1.239357e-01 3.024606e-02 3.021940e-02 3.801684e-05 3.468812e-05 3.487233e-05 3.462458e-05 3.712996e-01 
400 2500 9.598786e-05 4.039617e-04 4.096888e-09 6.466815e-04 9.342964e-06 9.386658e-04 1.886806e-01 1.579162e-03 1.576251e-03 3.555287e-05 6.398020e-04 9.365798e-06 9.423748e-04 1.886704e-01 1.571635e-03 1.576998e-03 3.551798e-05 3.037562e-05 3.023556e-05 3.025134e-05 3.875034e-01 
400 10000 9.590858e-05 4.083440e-04 4.156958e-09 6.484899e-04 9.325488e-06 9.365353e-04 1.887077e-01 3.609002e-03 3.613338e-03 3.570961e-05 6.521174e-04 9.281472e-06 9.372360e-04 1.887017e-01 3.592358e-03 3.606457e-03 3.571847e-05 3.060737e-05 3.045454e-05 3.048744e-05 3.956911e-01 
400 22500 9.598740e-05 4.091097e-04 4.006084e-09 6.499446e-04 9.379178e-06 9.330878e-04 1.885596e-01 7.618562e-03 7.631522e-03 3.640749e-05 6.458254e-04 9.339859e-06 9.343145e-04 1.885621e-01 7.617344e-03 7.652308e-03 3.638436e-05 3.120018e-05 3.106693e-05 3.106339e-05 4.114949e-01 
400 40000 9.553691e-05 4.093078e-04 4.115980e-09 6.506002e-04 9.342433e-06 9.328363e-04 1.888702e-01 1.492188e-02 1.511318e-02 3.725905e-05 6.470672e-04 9.228603e-06 9.304883e-04 1.888245e-01 1.487448e-02 1.506309e-02 3.732082e-05 3.209008e-05 3.192498e-05 3.196175e-05 4.415227e-01 
400 62500 9.504732e-05 4.056436e-04 3.925990e-09 6.399343e-04 9.310065e-06 9.409462e-04 1.876129e-01 2.902326e-02 2.907611e-02 3.643083e-05 6.419443e-04 9.167332e-06 9.384972e-04 1.874783e-01 2.887971e-02 2.901497e-02 3.639483e-05 3.168326e-05 3.162358e-05 3.171189e-05 4.949340e-01 
400 90000 9.589495e-05 4.137438e-04 3.975816e-09 6.568117e-04 9.370945e-06 9.457219e-04 1.886926e-01 4.745419e-02 4.797954e-02 3.793849e-05 6.378940e-04 9.306239e-06 9.430675e-04 1.885407e-01 4.757482e-02 4.806467e-02 3.781708e-05 3.485982e-05 3.521821e-05 3.441493e-05 5.721990e-01 
500 2500 9.593000e-05 4.054738e-04 3.955793e-09 9.286703e-04 9.357556e-06 1.443323e-03 2.638211e-01 2.284398e-03 1.860944e-03 3.560411e-05 9.308717e-04 9.322504e-06 1.446557e-03 2.638589e-01 2.281969e-03 1.851010e-03 3.542926e-05 3.043362e-05 3.032560e-05 3.022820e-05 5.413901e-01 
500 10000 9.500523e-05 4.035414e-04 4.335772e-09 9.236300e-04 9.330677e-06 1.442947e-03 2.637761e-01 3.975786e-03 3.979655e-03 3.571415e-05 9.336136e-04 9.245249e-06 1.446363e-03 2.637441e-01 3.982952e-03 3.983131e-03 3.563260e-05 3.054438e-05 3.041673e-05 3.042062e-05 5.488684e-01 
500 22500 9.572992e-05 4.075478e-04 3.975816e-09 9.232337e-04 9.335273e-06 1.441956e-03 2.639511e-01 6.945121e-03 8.247382e-03 3.622156e-05 9.117728e-04 9.289071e-06 1.437748e-03 2.638700e-01 6.960836e-03 8.272264e-03 3.613789e-05 3.101376e-05 3.087689e-05 3.089035e-05 5.636489e-01 
500 40000 9.453876e-05 4.023272e-04 3.936235e-09 9.153559e-04 9.268032e-06 1.447940e-03 2.626716e-01 1.352254e-02 1.555003e-02 3.584633e-05 9.079769e-04 9.168454e-06 1.440910e-03 2.624874e-01 1.349849e-02 1.556191e-02 3.576239e-05 3.090130e-05 3.079220e-05 3.080427e-05 5.886840e-01 
500 62500 9.472858e-05 4.056829e-04 4.115980e-09 9.245700e-04 9.270186e-06 1.449982e-03 2.627776e-01 2.722042e-02 3.087126e-02 3.649125e-05 9.142057e-04 9.223115e-06 1.443634e-03 2.625393e-01 2.721604e-02 3.088924e-02 3.653794e-05 3.188077e-05 3.179021e-05 3.173290e-05 6.469340e-01 
500 90000 9.512163e-05 4.137965e-04 4.046131e-09 9.275464e-04 9.375073e-06 1.432061e-03 2.639169e-01 4.694346e-02 5.188484e-02 3.798320e-05 9.124263e-04 9.208605e-06 1.426482e-03 2.636067e-01 4.706967e-02 5.186440e-02 3.779748e-05 3.470800e-05 3.493294e-05 3.452197e-05 7.306924e-01 
600 2500 9.519185e-05 4.042499e-04 4.075933e-09 1.427761e-03 9.324366e-06 2.035650e-03 3.544895e-01 2.319743e-03 2.386576e-03 3.526887e-05 1.448231e-03 9.300511e-06 2.042308e-03 3.551310e-01 2.333315e-03 2.378138e-03 3.519653e-05 3.022836e-05 3.013597e-05 3.013578e-05 7.266716e-01 
600 10000 9.438944e-05 4.015250e-04 3.986061e-09 1.420956e-03 9.253631e-06 2.045507e-03 3.545445e-01 5.329207e-03 5.489895e-03 3.500438e-05 1.463814e-03 9.184248e-06 2.038643e-03 3.540701e-01 5.340159e-03 5.516354e-03 3.501860e-05 2.992560e-05 2.978642e-05 2.981048e-05 7.379334e-01 
600 22500 9.563247e-05 4.014004e-04 3.995374e-09 1.449168e-03 9.314982e-06 2.043240e-03 3.544313e-01 1.144243e-02 1.148187e-02 3.546321e-05 1.429928e-03 9.276678e-06 2.035909e-03 3.534082e-01 1.133714e-02 1.148737e-02 3.548356e-05 3.043380e-05 3.026868e-05 3.028466e-05 7.612245e-01 
600 40000 9.533764e-05 4.095414e-04 3.956258e-09 1.454411e-03 9.367342e-06 2.036598e-03 3.555224e-01 2.230975e-02 2.258363e-02 3.705726e-05 1.417196e-03 9.265945e-06 2.029149e-03 3.549098e-01 2.236102e-02 2.261572e-02 3.706160e-05 3.186391e-05 3.178480e-05 3.177829e-05 8.079331e-01 
