100 2500 3.235021e-05 2.558620e-05 5.409820e-08 6.082975e-02 8.502702e-06 8.493402e-03 1.219229e-01 2.445134e-01 2.594339e-01 1.798611e-04 6.094985e-02 8.810102e-06 8.488192e-03 1.217775e-01 2.437204e-01 2.589325e-01 1.716990e-04 2.600537e-04 2.755768e-04 2.557563e-04 1.390297e+00 
100 10000 3.259060e-05 8.744930e-05 5.399925e-08 6.123105e-02 7.833703e-06 1.068185e-02 1.217434e-01 9.772066e-01 1.041345e+00 7.143568e-04 6.096755e-02 8.873199e-06 1.048485e-02 1.216247e-01 9.822782e-01 1.048946e+00 6.815370e-04 6.756652e-04 6.727609e-04 6.730062e-04 4.440085e+00 
100 22500 3.166620e-05 1.982375e-04 5.409820e-08 6.062819e-02 8.733000e-06 8.845355e-03 1.212244e-01 2.197255e+00 2.334175e+00 1.632949e-03 6.114318e-02 8.779101e-06 1.035573e-02 1.219320e-01 2.194926e+00 2.331488e+00 1.547169e-03 2.319602e-03 2.250592e-03 2.378559e-03 9.452369e+00 
100 40000 3.184050e-05 3.796459e-04 6.009941e-08 6.079583e-02 8.758996e-06 1.025625e-02 1.214268e-01 3.908519e+00 4.160713e+00 2.850603e-03 6.108504e-02 8.947402e-06 9.445490e-03 1.216231e-01 3.897661e+00 4.157988e+00 2.719066e-03 2.690578e-03 2.686775e-03 2.926909e-03 1.652384e+01 
100 62500 3.155800e-05 7.503866e-04 1.061999e-07 6.090116e-02 8.851202e-06 8.478525e-03 1.209634e-01 6.104364e+00 6.489331e+00 4.451694e-03 6.092310e-02 8.981396e-06 8.640721e-03 1.214106e-01 6.136191e+00 6.523318e+00 4.263908e-03 5.458341e-03 5.535760e-03 5.659984e-03 2.566071e+01 
100 90000 3.346790e-05 1.184879e-03 1.381966e-07 6.334363e-02 8.962402e-06 1.048895e-02 1.216576e-01 9.492329e+00 1.008234e+01 6.392284e-03 6.270445e-02 9.026501e-06 1.032950e-02 1.216722e-01 8.943613e+00 1.008039e+01 6.140662e-03 6.717583e-03 8.338160e-03 8.986921e-03 3.902670e+01 
200 2500 4.843130e-05 2.538780e-05 6.919727e-08 2.493454e-01 1.582660e-05 4.726691e-02 9.189286e-01 5.002232e-01 5.173696e-01 1.798472e-04 2.495728e-01 1.553920e-05 4.857075e-02 9.193435e-01 5.014315e-01 5.181446e-01 1.712994e-04 2.513349e-04 2.602181e-04 2.438017e-04 4.471429e+00 
200 10000 5.053040e-05 8.715700e-05 2.102985e-07 2.489965e-01 1.620920e-05 4.610677e-02 9.188917e-01 2.010353e+00 2.066756e+00 7.219688e-04 2.491784e-01 1.759930e-05 4.507019e-02 9.214443e-01 2.007406e+00 2.065450e+00 6.799722e-04 6.751690e-04 6.754173e-04 6.736308e-04 1.058327e+01 
200 22500 5.004370e-05 1.997760e-04 5.810289e-08 2.485681e-01 1.434540e-05 4.488625e-02 9.183124e-01 4.526200e+00 4.668791e+00 1.616654e-03 2.502701e-01 1.579050e-05 4.592327e-02 9.194237e-01 4.510503e+00 4.663766e+00 1.529999e-03 2.182918e-03 2.358420e-03 2.561490e-03 2.080720e+01 
200 40000 5.100600e-05 3.828467e-04 7.409835e-08 2.497878e-01 1.541290e-05 4.421899e-02 9.218940e-01 8.073802e+00 8.384853e+00 2.850116e-03 2.491006e-01 1.435240e-05 4.158463e-02 9.193537e-01 8.022227e+00 8.288591e+00 2.718646e-03 2.924960e-03 2.937602e-03 3.357016e-03 3.521069e+01 
200 62500 4.977220e-05 7.724835e-04 9.310315e-08 2.495421e-01 1.580950e-05 4.244027e-02 9.178200e-01 1.269298e+01 1.316653e+01 4.474305e-03 2.497136e-01 1.449070e-05 4.434027e-02 9.191486e-01 1.254665e+01 1.294721e+01 4.382507e-03 5.211784e-03 5.274722e-03 5.272410e-03 5.380187e+01 
200 90000 4.930750e-05 1.203802e-03 1.072010e-07 2.494753e-01 1.502440e-05 4.376513e-02 9.175978e-01 1.815560e+01 1.873555e+01 6.414021e-03 2.489777e-01 1.437539e-05 4.303402e-02 9.183786e-01 1.816178e+01 1.866781e+01 6.188763e-03 6.677023e-03 7.359097e-03 7.442382e-03 7.617735e+01 
300 2500 6.581410e-05 2.732270e-05 5.010515e-08 5.662695e-01 2.263470e-05 1.063502e-01 3.015976e+00 7.617139e-01 7.765539e-01 1.817061e-04 5.643308e-01 2.100130e-05 1.065643e-01 3.014780e+00 7.571485e-01 7.737686e-01 1.710321e-04 2.652417e-04 2.373220e-04 2.629102e-04 1.044474e+01 
300 10000 6.609060e-05 8.945040e-05 1.773005e-07 5.648925e-01 2.205390e-05 1.127722e-01 3.011900e+00 3.043317e+00 3.111605e+00 7.141625e-04 5.659561e-01 2.082910e-05 1.041373e-01 3.014041e+00 3.066599e+00 3.118560e+00 6.796608e-04 6.739824e-04 6.744201e-04 6.737110e-04 1.971742e+01 
300 22500 6.714420e-05 1.989528e-04 6.410410e-08 5.637467e-01 2.163730e-05 1.146751e-01 3.011546e+00 6.837938e+00 6.986964e+00 1.613393e-03 5.653396e-01 2.087920e-05 1.065286e-01 3.013448e+00 6.839068e+00 6.980310e+00 1.537988e-03 2.440706e-03 2.489206e-03 2.485504e-03 3.503046e+01 
300 40000 6.612170e-05 3.813589e-04 5.110051e-08 5.644513e-01 2.100030e-05 1.048421e-01 3.011877e+00 1.217487e+01 1.243519e+01 2.853356e-03 5.652009e-01 2.113950e-05 1.106457e-01 3.013184e+00 1.216592e+01 1.244416e+01 2.717055e-03 3.383501e-03 3.866684e-03 4.116095e-03 5.660778e+01 
300 62500 6.709210e-05 7.440650e-04 1.111999e-07 5.986153e-01 2.141790e-05 1.097841e-01 3.026860e+00 2.060821e+01 2.102165e+01 4.455116e-03 5.978003e-01 2.174440e-05 1.093411e-01 3.017633e+00 2.063002e+01 2.102777e+01 4.293119e-03 4.206431e-03 4.267315e-03 5.520115e-03 9.077131e+01 
300 90000 6.638600e-05 1.181358e-03 1.050998e-07 5.653231e-01 2.078200e-05 1.118806e-01 3.011193e+00 2.758306e+01 2.836450e+01 6.398507e-03 5.649656e-01 2.201280e-05 1.145629e-01 3.014835e+00 2.737799e+01 2.830675e+01 6.120323e-03 6.567095e-03 8.742550e-03 9.120188e-03 1.190533e+02 
400 2500 8.246700e-05 2.632020e-05 5.399925e-08 1.008163e+00 2.834330e-05 2.045486e-01 7.157820e+00 1.014622e+00 1.034424e+00 1.808388e-04 1.009213e+00 2.745300e-05 2.159479e-01 7.155822e+00 1.019704e+00 1.030236e+00 1.715299e-04 2.686819e-04 2.496716e-04 2.548322e-04 2.085181e+01 
400 10000 8.388310e-05 8.854200e-05 8.110073e-08 1.006032e+00 2.774840e-05 1.998499e-01 7.147551e+00 4.069750e+00 4.145363e+00 7.149638e-04 1.010554e+00 2.746400e-05 2.032562e-01 7.150345e+00 4.077755e+00 4.144536e+00 6.802549e-04 6.745494e-04 6.734187e-04 6.740707e-04 3.315866e+01 
400 22500 8.345250e-05 1.998221e-04 8.309726e-08 1.067156e+00 2.759820e-05 1.948480e-01 7.168401e+00 9.939404e+00 1.008646e+01 1.620943e-03 1.068280e+00 2.765530e-05 1.945834e-01 7.161588e+00 9.938985e+00 1.008954e+01 1.540521e-03 2.475588e-03 2.471161e-03 2.587639e-03 5.692030e+01 
400 40000 8.315210e-05 3.883604e-04 6.700284e-08 1.009685e+00 2.740890e-05 1.866294e-01 7.162523e+00 1.633023e+01 1.658579e+01 2.849882e-03 1.009054e+00 2.753610e-05 1.909557e-01 7.164941e+00 1.632056e+01 1.653484e+01 2.720124e-03 2.683849e-03 2.691057e-03 2.683948e-03 8.250939e+01 
400 62500 8.442300e-05 7.775070e-04 1.301989e-07 1.011800e+00 2.813100e-05 1.980335e-01 7.169865e+00 2.558373e+01 2.595845e+01 4.505089e-03 1.010753e+00 2.873890e-05 1.870139e-01 7.162638e+00 2.544956e+01 2.585878e+01 4.255159e-03 4.213740e-03 4.967042e-03 5.041752e-03 1.196146e+02 
400 90000 8.347650e-05 1.197452e-03 9.409850e-08 1.006985e+00 2.754110e-05 1.908273e-01 7.157351e+00 3.675764e+01 3.754352e+01 6.426777e-03 1.009115e+00 2.734780e-05 1.967127e-01 7.166309e+00 3.667902e+01 3.723273e+01 6.113685e-03 7.321807e-03 7.693644e-03 7.820949e-03 1.649769e+02 
500 2500 1.004038e-04 2.580550e-05 4.210160e-08 1.581770e+00 3.415390e-05 3.083942e-01 1.391652e+01 1.274145e+00 1.290604e+00 1.810992e-04 1.581952e+00 3.510340e-05 3.041672e-01 1.389854e+01 1.271402e+00 1.292644e+00 1.711093e-04 2.743233e-04 2.465348e-04 2.581252e-04 3.672149e+01 
500 10000 1.006311e-04 8.895070e-05 4.409812e-08 1.580295e+00 3.446040e-05 3.358859e-01 1.389454e+01 5.117750e+00 5.220022e+00 7.124370e-04 1.579234e+00 3.404480e-05 3.353698e-01 1.389303e+01 5.104345e+00 5.169181e+00 6.800597e-04 6.747477e-04 6.722951e-04 6.761068e-04 5.223336e+01 
500 22500 1.017338e-04 2.009839e-04 7.210183e-08 1.577176e+00 3.414900e-05 3.057205e-01 1.391856e+01 1.147649e+01 1.164240e+01 1.614965e-03 1.576767e+00 3.395270e-05 3.044357e-01 1.389676e+01 1.148232e+01 1.164013e+01 1.532758e-03 2.512469e-03 2.517202e-03 2.510300e-03 7.783185e+01 
500 40000 1.010478e-04 3.817415e-04 9.410433e-08 1.580757e+00 3.407890e-05 3.234425e-01 1.391880e+01 2.056478e+01 2.080014e+01 2.850031e-03 1.581794e+00 3.403280e-05 3.009310e-01 1.390940e+01 2.039016e+01 2.068178e+01 2.720133e-03 2.685695e-03 2.686273e-03 2.687289e-03 1.140662e+02 
500 62500 1.008595e-04 7.620059e-04 1.201988e-07 1.577926e+00 3.400870e-05 3.211702e-01 1.389337e+01 3.206115e+01 3.244965e+01 4.563777e-03 1.583650e+00 3.405080e-05 3.144483e-01 1.390664e+01 3.189516e+01 3.232940e+01 4.249761e-03 4.883426e-03 5.395910e-03 5.403311e-03 1.603580e+02 
