-2.0700e-07 1.5139e-06
-1.9361e-07 1.5177e-06
-1.8656e-07 1.5181e-06
-1.7928e-07 1.5184e-06
-1.7206e-07 1.5180e-06
-1.6516e-07 1.5177e-06
-1.5815e-07 1.5171e-06
-1.5115e-07 1.5164e-06
-1.4430e-07 1.5155e-06
-1.3798e-07 1.5148e-06
-1.3170e-07 1.5146e-06
-1.2497e-07 1.5145e-06
-1.1830e-07 1.5143e-06
-1.1159e-07 1.5143e-06
-1.0458e-07 1.5142e-06
-9.7752e-08 1.5139e-06
-9.1153e-08 1.5137e-06
-8.4653e-08 1.5136e-06
-7.8175e-08 1.5138e-06
-7.1230e-08 1.5141e-06
-6.4148e-08 1.5140e-06
-5.7272e-08 1.5139e-06
-5.0327e-08 1.5137e-06
-4.3237e-08 1.5133e-06
-3.6269e-08 1.5126e-06
-2.9588e-08 1.5120e-06
-2.2865e-08 1.5114e-06
-1.5935e-08 1.5108e-06
-9.1380e-09 1.5101e-06
-2.6428e-09 1.5095e-06
3.9688e-09 1.5091e-06
1.0795e-08 1.5087e-06
1.7479e-08 1.5082e-06
2.4003e-08 1.5079e-06
3.0486e-08 1.5078e-06
3.6949e-08 1.5079e-06
4.3427e-08 1.5082e-06
4.9762e-08 1.5086e-06
5.6062e-08 1.5094e-06
6.2593e-08 1.5105e-06
6.9133e-08 1.5117e-06
7.5537e-08 1.5131e-06
8.2111e-08 1.5147e-06
8.8822e-08 1.5165e-06
9.5430e-08 1.5182e-06
1.0222e-07 1.5202e-06
1.0925e-07 1.5221e-06
1.1634e-07 1.5237e-06
1.2337e-07 1.5251e-06
1.3065e-07 1.5264e-06
1.3819e-07 1.5270e-06
1.4537e-07 1.5272e-06
1.5258e-07 1.5272e-06
1.5979e-07 1.5268e-06
1.6706e-07 1.5261e-06
1.7425e-07 1.5249e-06
1.8128e-07 1.5237e-06
1.8848e-07 1.5221e-06
1.9600e-07 1.5201e-06
2.0774e-07 1.5138e-06
2.0964e-07 1.5012e-06
2.0964e-07 1.4945e-06
2.0964e-07 1.4878e-06
2.0964e-07 1.4811e-06
2.0964e-07 1.4744e-06
2.0964e-07 1.4677e-06
2.0964e-07 1.4610e-06
2.0964e-07 1.4543e-06
2.0964e-07 1.4476e-06
2.0964e-07 1.4409e-06
2.0964e-07 1.4342e-06
2.0964e-07 1.4275e-06
2.0964e-07 1.4208e-06
2.0964e-07 1.4141e-06
2.0964e-07 1.4074e-06
2.0964e-07 1.4007e-06
2.0964e-07 1.3940e-06
2.0964e-07 1.3873e-06
2.0964e-07 1.3806e-06
2.0964e-07 1.3739e-06
2.0964e-07 1.3672e-06
2.0964e-07 1.3605e-06
2.0964e-07 1.3538e-06
2.0964e-07 1.3471e-06
2.0964e-07 1.3404e-06
2.0964e-07 1.3337e-06
2.0964e-07 1.3270e-06
2.0964e-07 1.3203e-06
2.0964e-07 1.3136e-06
2.0964e-07 1.3069e-06
2.0964e-07 1.3002e-06
2.0964e-07 1.2935e-06
2.0964e-07 1.2868e-06
2.0964e-07 1.2801e-06
2.0964e-07 1.2734e-06
2.0964e-07 1.2667e-06
2.0964e-07 1.2600e-06
2.0964e-07 1.2533e-06
2.0964e-07 1.2466e-06
2.0964e-07 1.2399e-06
2.0964e-07 1.2332e-06
2.0964e-07 1.2265e-06
2.0964e-07 1.2198e-06
2.0964e-07 1.2131e-06
2.0964e-07 1.2064e-06
2.0964e-07 1.1996e-06
2.0964e-07 1.1929e-06
2.0964e-07 1.1862e-06
2.0964e-07 1.1795e-06
2.0964e-07 1.1728e-06
2.0964e-07 1.1661e-06
2.0964e-07 1.1594e-06
2.0964e-07 1.1527e-06
2.0964e-07 1.1460e-06
2.0964e-07 1.1393e-06
2.0964e-07 1.1326e-06
2.0964e-07 1.1259e-06
2.0964e-07 1.1192e-06
2.0964e-07 1.1125e-06
2.0964e-07 1.1058e-06
2.0964e-07 1.0991e-06
2.0964e-07 1.0924e-06
2.0964e-07 1.0857e-06
2.0964e-07 1.0790e-06
2.0964e-07 1.0723e-06
2.0964e-07 1.0656e-06
2.0964e-07 1.0589e-06
2.0964e-07 1.0522e-06
2.0964e-07 1.0455e-06
2.0964e-07 1.0388e-06
2.0964e-07 1.0321e-06
2.0964e-07 1.0254e-06
2.0964e-07 1.0187e-06
2.0964e-07 1.0120e-06
2.0964e-07 1.0053e-06
2.0964e-07 9.9859e-07
2.0964e-07 9.9189e-07
2.0964e-07 9.8519e-07
2.0964e-07 9.7848e-07
2.0964e-07 9.7178e-07
2.0964e-07 9.6508e-07
2.0964e-07 9.5838e-07
2.0964e-07 9.5168e-07
2.0964e-07 9.4497e-07
2.0964e-07 9.3827e-07
2.0964e-07 9.3157e-07
2.0964e-07 9.2487e-07
2.0964e-07 9.1817e-07
2.0964e-07 9.1146e-07
2.0964e-07 9.0476e-07
2.0964e-07 8.9806e-07
2.0964e-07 8.9136e-07
2.0964e-07 8.8466e-07
2.0964e-07 8.7795e-07
2.0964e-07 8.7125e-07
2.0964e-07 8.6455e-07
2.0964e-07 8.5785e-07
2.0964e-07 8.5115e-07
2.0964e-07 8.4445e-07
2.0964e-07 8.3774e-07
2.0964e-07 8.3104e-07
2.0964e-07 8.2434e-07
2.0964e-07 8.1764e-07
2.0964e-07 8.1094e-07
2.0964e-07 8.0423e-07
2.0964e-07 7.9753e-07
2.0964e-07 7.9083e-07
2.0964e-07 7.8413e-07
2.0964e-07 7.7743e-07
2.0964e-07 7.7072e-07
2.0964e-07 7.6402e-07
2.0964e-07 7.5732e-07
2.0964e-07 7.5062e-07
2.0964e-07 7.4392e-07
2.0964e-07 7.3721e-07
2.0964e-07 7.3051e-07
2.0964e-07 7.2381e-07
2.0964e-07 7.1711e-07
2.0964e-07 7.1041e-07
2.0964e-07 7.0370e-07
2.0964e-07 6.9700e-07
2.0964e-07 6.9030e-07
2.0964e-07 6.8360e-07
2.0964e-07 6.7690e-07
2.0964e-07 6.7019e-07
2.0964e-07 6.6349e-07
2.0964e-07 6.5679e-07
2.0964e-07 6.5009e-07
2.0964e-07 6.4339e-07
2.0964e-07 6.3668e-07
2.0964e-07 6.2998e-07
2.0964e-07 6.2328e-07
2.0964e-07 6.1658e-07
2.0964e-07 6.0988e-07
2.0964e-07 6.0318e-07
2.0964e-07 5.9647e-07
2.0964e-07 5.8977e-07
2.0964e-07 5.8307e-07
2.0964e-07 5.7637e-07
2.0964e-07 5.6967e-07
2.0964e-07 5.6296e-07
2.0964e-07 5.5626e-07
2.0964e-07 5.4956e-07
2.0964e-07 5.4286e-07
2.0964e-07 5.3616e-07
2.0964e-07 5.2945e-07
2.0964e-07 5.2275e-07
2.0964e-07 5.1605e-07
2.0964e-07 5.0935e-07
2.0964e-07 5.0265e-07
2.0964e-07 4.9594e-07
2.0964e-07 4.8924e-07
2.0964e-07 4.8254e-07
2.0964e-07 4.7584e-07
2.0964e-07 4.6914e-07
2.0964e-07 4.6243e-07
2.0964e-07 4.5573e-07
2.0964e-07 4.4903e-07
2.0964e-07 4.4233e-07
2.0964e-07 4.3563e-07
2.0964e-07 4.2892e-07
2.0964e-07 4.2222e-07
2.0964e-07 4.1552e-07
2.0964e-07 4.0882e-07
2.0964e-07 4.0212e-07
2.0964e-07 3.9541e-07
2.0964e-07 3.8871e-07
2.0964e-07 3.8201e-07
2.0964e-07 3.7531e-07
2.0964e-07 3.6861e-07
2.0964e-07 3.6191e-07
2.0964e-07 3.5520e-07
2.0964e-07 3.4850e-07
2.0964e-07 3.4180e-07
2.0964e-07 3.3510e-07
2.0964e-07 3.2840e-07
2.0964e-07 3.2169e-07
2.0964e-07 3.1499e-07
2.0964e-07 3.0829e-07
2.0964e-07 3.0159e-07
2.0964e-07 2.9489e-07
2.0964e-07 2.8818e-07
2.0964e-07 2.8148e-07
2.0964e-07 2.7478e-07
2.0964e-07 2.6808e-07
2.0964e-07 2.6138e-07
2.0964e-07 2.5467e-07
2.0964e-07 2.4797e-07
2.0964e-07 2.4127e-07
2.0964e-07 2.3457e-07
2.0964e-07 2.2787e-07
2.0964e-07 2.2116e-07
2.0964e-07 2.1446e-07
2.0964e-07 2.0776e-07
2.0964e-07 2.0106e-07
2.0964e-07 1.9436e-07
2.0964e-07 1.8765e-07
2.0964e-07 1.8095e-07
2.0964e-07 1.7425e-07
2.0964e-07 1.6755e-07
2.0964e-07 1.6085e-07
2.0964e-07 1.5414e-07
2.0964e-07 1.4744e-07
2.0964e-07 1.4074e-07
2.0964e-07 1.3404e-07
2.0964e-07 1.2734e-07
2.0964e-07 1.2064e-07
2.0964e-07 1.1393e-07
2.0964e-07 1.0723e-07
2.0964e-07 1.0053e-07
2.0964e-07 9.3827e-08
2.0964e-07 8.7125e-08
2.0964e-07 8.0423e-08
2.0964e-07 7.3721e-08
2.0964e-07 6.7019e-08
2.0964e-07 6.0318e-08
2.0964e-07 5.3616e-08
2.0964e-07 4.6914e-08
2.0964e-07 4.0212e-08
2.0964e-07 3.3510e-08
2.0964e-07 2.6808e-08
2.0964e-07 2.0106e-08
2.0964e-07 1.3404e-08
2.0964e-07 6.7019e-09
2.0668e-07 -7.1054e-09
1.9287e-07 -1.0000e-08
1.8610e-07 -1.0000e-08
1.7934e-07 -1.0000e-08
1.7257e-07 -1.0000e-08
1.6580e-07 -1.0000e-08
1.5903e-07 -1.0000e-08
1.5227e-07 -1.0000e-08
1.4550e-07 -1.0000e-08
1.3873e-07 -1.0000e-08
1.3197e-07 -1.0000e-08
1.2520e-07 -1.0000e-08
1.1843e-07 -1.0000e-08
1.1166e-07 -1.0000e-08
1.0490e-07 -1.0000e-08
9.8128e-08 -1.0000e-08
9.1360e-08 -1.0000e-08
8.4593e-08 -1.0000e-08
7.7826e-08 -1.0000e-08
7.1058e-08 -1.0000e-08
6.4291e-08 -1.0000e-08
5.7523e-08 -1.0000e-08
5.0756e-08 -1.0000e-08
4.3988e-08 -1.0000e-08
3.7221e-08 -1.0000e-08
3.0453e-08 -1.0000e-08
2.3686e-08 -1.0000e-08
1.6919e-08 -1.0000e-08
1.0151e-08 -1.0000e-08
3.3837e-09 -1.0000e-08
-3.3837e-09 -1.0000e-08
-1.0151e-08 -1.0000e-08
-1.6919e-08 -1.0000e-08
-2.3686e-08 -1.0000e-08
-3.0453e-08 -1.0000e-08
-3.7221e-08 -1.0000e-08
-4.3988e-08 -1.0000e-08
-5.0756e-08 -1.0000e-08
-5.7523e-08 -1.0000e-08
-6.4291e-08 -1.0000e-08
-7.1058e-08 -1.0000e-08
-7.7826e-08 -1.0000e-08
-8.4593e-08 -1.0000e-08
-9.1360e-08 -1.0000e-08
-9.8128e-08 -1.0000e-08
-1.0490e-07 -1.0000e-08
-1.1166e-07 -1.0000e-08
-1.1843e-07 -1.0000e-08
-1.2520e-07 -1.0000e-08
-1.3197e-07 -1.0000e-08
-1.3873e-07 -1.0000e-08
-1.4550e-07 -1.0000e-08
-1.5227e-07 -1.0000e-08
-1.5903e-07 -1.0000e-08
-1.6580e-07 -1.0000e-08
-1.7257e-07 -1.0000e-08
-1.7934e-07 -1.0000e-08
-1.8610e-07 -1.0000e-08
-1.9287e-07 -1.0000e-08
-2.0667e-07 -7.1073e-09
-2.0964e-07 6.6982e-09
-2.0964e-07 1.3396e-08
-2.0964e-07 2.0095e-08
-2.0964e-07 2.6793e-08
-2.0964e-07 3.3491e-08
-2.0964e-07 4.0189e-08
-2.0964e-07 4.6887e-08
-2.0964e-07 5.3585e-08
-2.0964e-07 6.0284e-08
-2.0964e-07 6.6982e-08
-2.0964e-07 7.3680e-08
-2.0964e-07 8.0378e-08
-2.0964e-07 8.7076e-08
-2.0964e-07 9.3774e-08
-2.0964e-07 1.0047e-07
-2.0964e-07 1.0717e-07
-2.0964e-07 1.1387e-07
-2.0964e-07 1.2057e-07
-2.0964e-07 1.2727e-07
-2.0964e-07 1.3396e-07
-2.0964e-07 1.4066e-07
-2.0964e-07 1.4736e-07
-2.0964e-07 1.5406e-07
-2.0964e-07 1.6076e-07
-2.0964e-07 1.6745e-07
-2.0964e-07 1.7415e-07
-2.0964e-07 1.8085e-07
-2.0964e-07 1.8755e-07
-2.0964e-07 1.9425e-07
-2.0964e-07 2.0095e-07
-2.0964e-07 2.0764e-07
-2.0964e-07 2.1434e-07
-2.0964e-07 2.2104e-07
-2.0964e-07 2.2774e-07
-2.0964e-07 2.3444e-07
-2.0964e-07 2.4113e-07
-2.0964e-07 2.4783e-07
-2.0964e-07 2.5453e-07
-2.0964e-07 2.6123e-07
-2.0964e-07 2.6793e-07
-2.0964e-07 2.7463e-07
-2.0964e-07 2.8132e-07
-2.0964e-07 2.8802e-07
-2.0964e-07 2.9472e-07
-2.0964e-07 3.0142e-07
-2.0964e-07 3.0812e-07
-2.0964e-07 3.1481e-07
-2.0964e-07 3.2151e-07
-2.0964e-07 3.2821e-07
-2.0964e-07 3.3491e-07
-2.0964e-07 3.4161e-07
-2.0964e-07 3.4831e-07
-2.0964e-07 3.5500e-07
-2.0964e-07 3.6170e-07
-2.0964e-07 3.6840e-07
-2.0964e-07 3.7510e-07
-2.0964e-07 3.8180e-07
-2.0964e-07 3.8849e-07
-2.0964e-07 3.9519e-07
-2.0964e-07 4.0189e-07
-2.0964e-07 4.0859e-07
-2.0964e-07 4.1529e-07
-2.0964e-07 4.2198e-07
-2.0964e-07 4.2868e-07
-2.0964e-07 4.3538e-07
-2.0964e-07 4.4208e-07
-2.0964e-07 4.4878e-07
-2.0964e-07 4.5548e-07
-2.0964e-07 4.6217e-07
-2.0964e-07 4.6887e-07
-2.0964e-07 4.7557e-07
-2.0964e-07 4.8227e-07
-2.0964e-07 4.8897e-07
-2.0964e-07 4.9566e-07
-2.0964e-07 5.0236e-07
-2.0964e-07 5.0906e-07
-2.0964e-07 5.1576e-07
-2.0964e-07 5.2246e-07
-2.0964e-07 5.2916e-07
-2.0964e-07 5.3585e-07
-2.0964e-07 5.4255e-07
-2.0964e-07 5.4925e-07
-2.0964e-07 5.5595e-07
-2.0964e-07 5.6265e-07
-2.0964e-07 5.6934e-07
-2.0964e-07 5.7604e-07
-2.0964e-07 5.8274e-07
-2.0964e-07 5.8944e-07
-2.0964e-07 5.9614e-07
-2.0964e-07 6.0284e-07
-2.0964e-07 6.0953e-07
-2.0964e-07 6.1623e-07
-2.0964e-07 6.2293e-07
-2.0964e-07 6.2963e-07
-2.0964e-07 6.3633e-07
-2.0964e-07 6.4302e-07
-2.0964e-07 6.4972e-07
-2.0964e-07 6.5642e-07
-2.0964e-07 6.6312e-07
-2.0964e-07 6.6982e-07
-2.0964e-07 6.7652e-07
-2.0964e-07 6.8321e-07
-2.0964e-07 6.8991e-07
-2.0964e-07 6.9661e-07
-2.0964e-07 7.0331e-07
-2.0964e-07 7.1001e-07
-2.0964e-07 7.1670e-07
-2.0964e-07 7.2340e-07
-2.0964e-07 7.3010e-07
-2.0964e-07 7.3680e-07
-2.0964e-07 7.4350e-07
-2.0964e-07 7.5020e-07
-2.0964e-07 7.5689e-07
-2.0964e-07 7.6359e-07
-2.0964e-07 7.7029e-07
-2.0964e-07 7.7699e-07
-2.0964e-07 7.8369e-07
-2.0964e-07 7.9038e-07
-2.0964e-07 7.9708e-07
-2.0964e-07 8.0378e-07
-2.0964e-07 8.1048e-07
-2.0964e-07 8.1718e-07
-2.0964e-07 8.2388e-07
-2.0964e-07 8.3057e-07
-2.0964e-07 8.3727e-07
-2.0964e-07 8.4397e-07
-2.0964e-07 8.5067e-07
-2.0964e-07 8.5737e-07
-2.0964e-07 8.6406e-07
-2.0964e-07 8.7076e-07
-2.0964e-07 8.7746e-07
-2.0964e-07 8.8416e-07
-2.0964e-07 8.9086e-07
-2.0964e-07 8.9756e-07
-2.0964e-07 9.0425e-07
-2.0964e-07 9.1095e-07
-2.0964e-07 9.1765e-07
-2.0964e-07 9.2435e-07
-2.0964e-07 9.3105e-07
-2.0964e-07 9.3774e-07
-2.0964e-07 9.4444e-07
-2.0964e-07 9.5114e-07
-2.0964e-07 9.5784e-07
-2.0964e-07 9.6454e-07
-2.0964e-07 9.7124e-07
-2.0964e-07 9.7793e-07
-2.0964e-07 9.8463e-07
-2.0964e-07 9.9133e-07
-2.0964e-07 9.9803e-07
-2.0964e-07 1.0047e-06
-2.0964e-07 1.0114e-06
-2.0964e-07 1.0181e-06
-2.0964e-07 1.0248e-06
-2.0964e-07 1.0315e-06
-2.0964e-07 1.0382e-06
-2.0964e-07 1.0449e-06
-2.0964e-07 1.0516e-06
-2.0964e-07 1.0583e-06
-2.0964e-07 1.0650e-06
-2.0964e-07 1.0717e-06
-2.0964e-07 1.0784e-06
-2.0964e-07 1.0851e-06
-2.0964e-07 1.0918e-06
-2.0964e-07 1.0985e-06
-2.0964e-07 1.1052e-06
-2.0964e-07 1.1119e-06
-2.0964e-07 1.1186e-06
-2.0964e-07 1.1253e-06
-2.0964e-07 1.1320e-06
-2.0964e-07 1.1387e-06
-2.0964e-07 1.1454e-06
-2.0964e-07 1.1521e-06
-2.0964e-07 1.1588e-06
-2.0964e-07 1.1655e-06
-2.0964e-07 1.1722e-06
-2.0964e-07 1.1789e-06
-2.0964e-07 1.1856e-06
-2.0964e-07 1.1923e-06
-2.0964e-07 1.1990e-06
-2.0964e-07 1.2057e-06
-2.0964e-07 1.2124e-06
-2.0964e-07 1.2191e-06
-2.0964e-07 1.2258e-06
-2.0964e-07 1.2325e-06
-2.0964e-07 1.2392e-06
-2.0964e-07 1.2459e-06
-2.0964e-07 1.2526e-06
-2.0964e-07 1.2593e-06
-2.0964e-07 1.2660e-06
-2.0964e-07 1.2727e-06
-2.0964e-07 1.2794e-06
-2.0964e-07 1.2860e-06
-2.0964e-07 1.2927e-06
-2.0964e-07 1.2994e-06
-2.0964e-07 1.3061e-06
-2.0964e-07 1.3128e-06
-2.0964e-07 1.3195e-06
-2.0964e-07 1.3262e-06
-2.0964e-07 1.3329e-06
-2.0964e-07 1.3396e-06
-2.0964e-07 1.3463e-06
-2.0964e-07 1.3530e-06
-2.0964e-07 1.3597e-06
-2.0964e-07 1.3664e-06
-2.0964e-07 1.3731e-06
-2.0964e-07 1.3798e-06
-2.0964e-07 1.3865e-06
-2.0964e-07 1.3932e-06
-2.0964e-07 1.3999e-06
-2.0964e-07 1.4066e-06
-2.0964e-07 1.4133e-06
-2.0964e-07 1.4200e-06
-2.0964e-07 1.4267e-06
-2.0964e-07 1.4334e-06
-2.0964e-07 1.4401e-06
-2.0964e-07 1.4468e-06
-2.0964e-07 1.4535e-06
-2.0964e-07 1.4602e-06
-2.0964e-07 1.4669e-06
-2.0964e-07 1.4736e-06
-2.0964e-07 1.4803e-06
-2.0964e-07 1.4870e-06
-2.0964e-07 1.4937e-06
-1.8973e-07 1.5017e-06
