-5.6783e-09 1.5333e-06
4.1696e-09 1.5356e-06
6.1277e-09 1.5353e-06
8.0413e-09 1.5351e-06
9.9245e-09 1.5349e-06
1.1855e-08 1.5348e-06
1.3896e-08 1.5346e-06
1.6096e-08 1.5344e-06
1.8218e-08 1.5341e-06
2.0142e-08 1.5339e-06
2.2107e-08 1.5337e-06
2.4173e-08 1.5335e-06
2.6389e-08 1.5332e-06
2.8386e-08 1.5329e-06
3.0143e-08 1.5327e-06
3.2056e-08 1.5325e-06
3.4187e-08 1.5323e-06
3.6470e-08 1.5320e-06
3.8659e-08 1.5317e-06
4.0707e-08 1.5313e-06
4.2721e-08 1.5310e-06
4.4788e-08 1.5307e-06
4.6904e-08 1.5303e-06
4.8923e-08 1.5299e-06
5.0888e-08 1.5295e-06
5.2887e-08 1.5292e-06
5.4788e-08 1.5288e-06
5.6639e-08 1.5285e-06
5.8751e-08 1.5282e-06
6.0911e-08 1.5278e-06
6.2915e-08 1.5275e-06
6.4136e-08 1.5272e-06
6.5254e-08 1.5272e-06
6.7596e-08 1.5272e-06
7.0020e-08 1.5270e-06
7.2023e-08 1.5268e-06
7.2537e-08 1.5267e-06
7.3118e-08 1.5269e-06
7.5476e-08 1.5274e-06
7.7810e-08 1.5277e-06
7.9777e-08 1.5279e-06
8.1085e-08 1.5281e-06
8.2501e-08 1.5285e-06
8.4616e-08 1.5291e-06
8.6688e-08 1.5296e-06
8.8702e-08 1.5302e-06
9.0755e-08 1.5307e-06
9.2818e-08 1.5312e-06
9.4860e-08 1.5317e-06
9.6881e-08 1.5322e-06
9.8971e-08 1.5327e-06
1.0125e-07 1.5332e-06
1.0347e-07 1.5336e-06
1.0551e-07 1.5339e-06
1.0753e-07 1.5343e-06
1.0959e-07 1.5346e-06
1.1170e-07 1.5349e-06
1.1367e-07 1.5352e-06
1.1555e-07 1.5355e-06
1.1753e-07 1.5359e-06
1.1965e-07 1.5363e-06
1.2186e-07 1.5366e-06
1.2391e-07 1.5369e-06
1.2588e-07 1.5371e-06
1.2788e-07 1.5374e-06
1.2999e-07 1.5377e-06
1.3216e-07 1.5379e-06
1.3426e-07 1.5382e-06
1.3630e-07 1.5384e-06
1.3831e-07 1.5386e-06
1.4034e-07 1.5388e-06
1.4237e-07 1.5389e-06
1.4429e-07 1.5391e-06
1.4622e-07 1.5393e-06
1.4823e-07 1.5395e-06
1.5015e-07 1.5397e-06
1.5216e-07 1.5400e-06
1.5445e-07 1.5402e-06
1.5666e-07 1.5404e-06
1.5865e-07 1.5405e-06
1.6053e-07 1.5406e-06
1.6248e-07 1.5408e-06
1.6461e-07 1.5410e-06
1.6669e-07 1.5411e-06
1.6870e-07 1.5412e-06
1.7073e-07 1.5414e-06
1.7283e-07 1.5415e-06
1.7495e-07 1.5416e-06
1.7702e-07 1.5417e-06
1.7906e-07 1.5417e-06
1.8119e-07 1.5418e-06
1.8331e-07 1.5418e-06
1.8536e-07 1.5418e-06
1.8738e-07 1.5418e-06
1.8947e-07 1.5418e-06
1.9168e-07 1.5418e-06
1.9376e-07 1.5417e-06
1.9573e-07 1.5416e-06
1.9772e-07 1.5415e-06
1.9987e-07 1.5415e-06
2.0213e-07 1.5413e-06
2.0405e-07 1.5412e-06
2.0584e-07 1.5411e-06
2.0783e-07 1.5410e-06
2.1013e-07 1.5409e-06
2.1252e-07 1.5406e-06
2.1431e-07 1.5404e-06
2.1600e-07 1.5403e-06
2.1801e-07 1.5402e-06
2.2028e-07 1.5401e-06
2.2256e-07 1.5398e-06
2.2429e-07 1.5396e-06
2.2601e-07 1.5395e-06
2.2802e-07 1.5394e-06
2.3018e-07 1.5393e-06
2.3231e-07 1.5391e-06
2.3416e-07 1.5389e-06
2.3605e-07 1.5388e-06
2.3806e-07 1.5387e-06
2.4014e-07 1.5386e-06
2.4226e-07 1.5384e-06
2.4438e-07 1.5383e-06
2.4646e-07 1.5381e-06
2.4845e-07 1.5379e-06
2.5042e-07 1.5377e-06
2.5260e-07 1.5375e-06
2.5498e-07 1.5372e-06
2.5715e-07 1.5368e-06
2.5910e-07 1.5365e-06
2.6097e-07 1.5362e-06
2.6308e-07 1.5359e-06
2.6536e-07 1.5355e-06
2.6745e-07 1.5351e-06
2.6942e-07 1.5347e-06
2.7134e-07 1.5343e-06
2.7356e-07 1.5339e-06
2.7588e-07 1.5334e-06
2.7795e-07 1.5329e-06
2.7998e-07 1.5323e-06
2.8203e-07 1.5318e-06
2.8413e-07 1.5313e-06
2.8620e-07 1.5307e-06
2.8821e-07 1.5302e-06
2.9023e-07 1.5296e-06
2.9226e-07 1.5290e-06
2.9430e-07 1.5285e-06
2.9634e-07 1.5279e-06
2.9834e-07 1.5273e-06
3.0032e-07 1.5267e-06
3.0222e-07 1.5262e-06
3.0388e-07 1.5258e-06
3.0560e-07 1.5254e-06
3.0761e-07 1.5250e-06
3.0930e-07 1.5246e-06
3.1084e-07 1.5244e-06
3.1238e-07 1.5243e-06
3.1407e-07 1.5242e-06
3.1602e-07 1.5241e-06
3.1761e-07 1.5240e-06
3.1895e-07 1.5241e-06
3.2029e-07 1.5242e-06
3.2194e-07 1.5245e-06
3.2391e-07 1.5248e-06
3.2575e-07 1.5252e-06
3.2750e-07 1.5255e-06
3.2928e-07 1.5260e-06
3.3118e-07 1.5264e-06
3.3321e-07 1.5270e-06
3.3527e-07 1.5275e-06
3.3731e-07 1.5280e-06
3.3932e-07 1.5285e-06
3.4133e-07 1.5289e-06
3.4345e-07 1.5294e-06
3.4570e-07 1.5299e-06
3.4783e-07 1.5303e-06
3.4982e-07 1.5307e-06
3.5183e-07 1.5311e-06
3.5390e-07 1.5315e-06
3.5602e-07 1.5319e-06
3.5830e-07 1.5322e-06
3.6056e-07 1.5325e-06
3.6258e-07 1.5327e-06
3.6466e-07 1.5330e-06
3.6679e-07 1.5332e-06
3.6895e-07 1.5334e-06
3.7107e-07 1.5335e-06
3.7307e-07 1.5336e-06
3.7530e-07 1.5338e-06
3.7752e-07 1.5338e-06
3.7943e-07 1.5339e-06
3.8134e-07 1.5340e-06
3.8334e-07 1.5340e-06
3.8556e-07 1.5341e-06
3.8774e-07 1.5341e-06
3.8966e-07 1.5341e-06
3.9160e-07 1.5342e-06
3.9363e-07 1.5342e-06
3.9589e-07 1.5342e-06
3.9806e-07 1.5341e-06
3.9994e-07 1.5341e-06
4.0188e-07 1.5341e-06
4.0392e-07 1.5341e-06
4.0604e-07 1.5340e-06
4.0811e-07 1.5340e-06
4.1007e-07 1.5339e-06
4.1205e-07 1.5339e-06
4.1402e-07 1.5338e-06
4.1594e-07 1.5338e-06
4.1804e-07 1.5338e-06
4.2026e-07 1.5337e-06
4.2232e-07 1.5336e-06
4.2427e-07 1.5335e-06
4.2615e-07 1.5334e-06
4.2822e-07 1.5334e-06
4.3039e-07 1.5332e-06
4.3242e-07 1.5331e-06
4.3442e-07 1.5330e-06
4.3642e-07 1.5329e-06
4.3867e-07 1.5328e-06
4.4092e-07 1.5325e-06
4.4293e-07 1.5323e-06
4.4490e-07 1.5321e-06
4.4687e-07 1.5319e-06
4.4903e-07 1.5317e-06
4.5120e-07 1.5314e-06
4.5320e-07 1.5311e-06
4.5520e-07 1.5309e-06
4.5723e-07 1.5306e-06
4.5931e-07 1.5303e-06
4.6138e-07 1.5300e-06
4.6338e-07 1.5297e-06
4.6542e-07 1.5294e-06
4.6744e-07 1.5291e-06
4.6940e-07 1.5288e-06
4.7137e-07 1.5285e-06
4.7337e-07 1.5282e-06
4.7529e-07 1.5279e-06
4.7724e-07 1.5277e-06
4.7929e-07 1.5274e-06
4.8131e-07 1.5271e-06
4.8320e-07 1.5269e-06
4.8471e-07 1.5267e-06
4.8637e-07 1.5266e-06
4.8841e-07 1.5265e-06
4.9043e-07 1.5264e-06
4.9201e-07 1.5263e-06
4.9297e-07 1.5264e-06
4.9446e-07 1.5266e-06
4.9659e-07 1.5269e-06
4.9862e-07 1.5272e-06
5.0031e-07 1.5274e-06
5.0172e-07 1.5277e-06
5.0361e-07 1.5282e-06
5.0581e-07 1.5287e-06
5.0785e-07 1.5292e-06
5.0974e-07 1.5296e-06
5.1158e-07 1.5300e-06
5.1363e-07 1.5306e-06
5.1574e-07 1.5311e-06
5.1775e-07 1.5315e-06
5.1985e-07 1.5320e-06
5.2200e-07 1.5325e-06
5.2420e-07 1.5329e-06
5.2634e-07 1.5333e-06
5.2835e-07 1.5336e-06
5.3038e-07 1.5340e-06
5.3243e-07 1.5343e-06
5.3448e-07 1.5346e-06
5.3652e-07 1.5350e-06
5.3852e-07 1.5353e-06
5.4060e-07 1.5356e-06
5.4268e-07 1.5359e-06
5.4468e-07 1.5362e-06
5.4668e-07 1.5365e-06
5.4870e-07 1.5367e-06
5.5079e-07 1.5370e-06
5.5291e-07 1.5373e-06
5.5499e-07 1.5375e-06
5.5704e-07 1.5377e-06
5.5908e-07 1.5380e-06
5.6124e-07 1.5382e-06
5.6324e-07 1.5383e-06
5.6503e-07 1.5385e-06
5.6695e-07 1.5387e-06
5.6910e-07 1.5390e-06
5.7144e-07 1.5392e-06
5.7351e-07 1.5393e-06
5.7535e-07 1.5394e-06
5.7732e-07 1.5396e-06
5.7948e-07 1.5397e-06
5.8177e-07 1.5399e-06
5.8380e-07 1.5399e-06
5.8568e-07 1.5400e-06
5.8766e-07 1.5401e-06
5.8985e-07 1.5402e-06
5.9215e-07 1.5402e-06
5.9413e-07 1.5402e-06
5.9600e-07 1.5402e-06
5.9801e-07 1.5403e-06
6.0018e-07 1.5403e-06
6.0238e-07 1.5403e-06
6.0439e-07 1.5402e-06
6.0636e-07 1.5402e-06
6.0836e-07 1.5401e-06
6.1044e-07 1.5401e-06
6.1253e-07 1.5400e-06
6.1453e-07 1.5400e-06
6.1653e-07 1.5399e-06
6.1854e-07 1.5398e-06
6.2067e-07 1.5398e-06
6.2282e-07 1.5396e-06
6.2486e-07 1.5395e-06
6.2689e-07 1.5394e-06
6.2890e-07 1.5393e-06
6.3089e-07 1.5391e-06
6.3287e-07 1.5390e-06
6.3483e-07 1.5389e-06
6.3682e-07 1.5388e-06
6.3884e-07 1.5386e-06
6.4093e-07 1.5385e-06
6.4299e-07 1.5384e-06
6.4500e-07 1.5382e-06
6.4701e-07 1.5381e-06
6.4901e-07 1.5379e-06
6.5101e-07 1.5378e-06
6.5308e-07 1.5376e-06
6.5516e-07 1.5374e-06
6.5719e-07 1.5372e-06
6.5923e-07 1.5371e-06
6.6131e-07 1.5369e-06
6.6342e-07 1.5366e-06
6.6551e-07 1.5364e-06
6.6752e-07 1.5361e-06
6.6958e-07 1.5359e-06
6.7167e-07 1.5356e-06
6.7366e-07 1.5353e-06
6.7562e-07 1.5351e-06
6.7763e-07 1.5348e-06
6.7976e-07 1.5345e-06
6.8192e-07 1.5342e-06
6.8396e-07 1.5338e-06
6.8597e-07 1.5335e-06
6.8797e-07 1.5332e-06
6.9005e-07 1.5328e-06
6.9214e-07 1.5325e-06
6.9423e-07 1.5321e-06
6.9629e-07 1.5317e-06
6.9831e-07 1.5313e-06
7.0050e-07 1.5308e-06
7.0264e-07 1.5303e-06
7.0453e-07 1.5299e-06
7.0646e-07 1.5295e-06
7.0846e-07 1.5291e-06
7.1039e-07 1.5286e-06
7.1233e-07 1.5283e-06
7.1434e-07 1.5279e-06
7.1634e-07 1.5275e-06
7.1809e-07 1.5271e-06
7.1927e-07 1.5269e-06
7.2086e-07 1.5269e-06
7.2311e-07 1.5268e-06
7.2520e-07 1.5266e-06
7.2677e-07 1.5265e-06
7.2777e-07 1.5265e-06
7.2937e-07 1.5267e-06
7.3159e-07 1.5269e-06
7.3364e-07 1.5271e-06
7.3522e-07 1.5272e-06
7.3644e-07 1.5274e-06
7.3824e-07 1.5278e-06
7.4040e-07 1.5283e-06
7.4242e-07 1.5287e-06
7.4449e-07 1.5291e-06
7.4658e-07 1.5295e-06
7.4873e-07 1.5299e-06
7.5085e-07 1.5303e-06
7.5286e-07 1.5306e-06
7.5499e-07 1.5310e-06
7.5715e-07 1.5313e-06
7.5919e-07 1.5315e-06
7.6120e-07 1.5318e-06
7.6320e-07 1.5321e-06
7.6542e-07 1.5323e-06
7.6765e-07 1.5325e-06
7.6963e-07 1.5327e-06
7.7161e-07 1.5329e-06
7.7363e-07 1.5331e-06
7.7584e-07 1.5333e-06
7.7796e-07 1.5334e-06
7.7975e-07 1.5335e-06
7.8163e-07 1.5336e-06
7.8370e-07 1.5338e-06
7.8607e-07 1.5340e-06
7.8825e-07 1.5341e-06
7.9001e-07 1.5341e-06
7.9190e-07 1.5343e-06
7.9395e-07 1.5344e-06
7.9612e-07 1.5345e-06
7.9812e-07 1.5346e-06
7.9996e-07 1.5347e-06
8.0190e-07 1.5348e-06
8.0394e-07 1.5349e-06
8.0603e-07 1.5351e-06
8.0805e-07 1.5352e-06
8.1001e-07 1.5353e-06
8.1201e-07 1.5354e-06
8.1409e-07 1.5355e-06
8.1622e-07 1.5356e-06
8.1831e-07 1.5357e-06
8.2035e-07 1.5357e-06
8.2235e-07 1.5358e-06
8.2433e-07 1.5358e-06
8.2629e-07 1.5359e-06
8.2844e-07 1.5360e-06
8.3061e-07 1.5360e-06
8.3262e-07 1.5360e-06
8.3470e-07 1.5360e-06
8.3679e-07 1.5359e-06
8.3880e-07 1.5359e-06
8.4081e-07 1.5359e-06
8.4281e-07 1.5358e-06
8.4485e-07 1.5358e-06
8.4691e-07 1.5358e-06
8.4900e-07 1.5357e-06
8.5106e-07 1.5356e-06
8.5307e-07 1.5355e-06
8.5512e-07 1.5355e-06
8.5719e-07 1.5354e-06
8.5929e-07 1.5352e-06
8.6134e-07 1.5351e-06
8.6335e-07 1.5350e-06
8.6540e-07 1.5348e-06
8.6736e-07 1.5347e-06
8.6924e-07 1.5346e-06
8.7118e-07 1.5345e-06
8.7324e-07 1.5344e-06
8.7541e-07 1.5343e-06
8.7747e-07 1.5341e-06
8.7940e-07 1.5340e-06
8.8137e-07 1.5338e-06
8.8345e-07 1.5337e-06
8.8561e-07 1.5335e-06
8.8763e-07 1.5333e-06
8.8955e-07 1.5332e-06
8.9154e-07 1.5330e-06
8.9362e-07 1.5328e-06
8.9575e-07 1.5326e-06
8.9784e-07 1.5324e-06
8.9988e-07 1.5322e-06
9.0189e-07 1.5320e-06
9.0392e-07 1.5317e-06
9.0598e-07 1.5315e-06
9.0803e-07 1.5312e-06
9.1008e-07 1.5310e-06
9.1208e-07 1.5307e-06
9.1415e-07 1.5304e-06
9.1625e-07 1.5301e-06
9.1843e-07 1.5298e-06
9.2057e-07 1.5294e-06
9.2257e-07 1.5291e-06
9.2453e-07 1.5287e-06
9.2654e-07 1.5284e-06
9.2870e-07 1.5280e-06
9.3082e-07 1.5275e-06
9.3283e-07 1.5271e-06
9.3492e-07 1.5267e-06
9.3698e-07 1.5262e-06
9.3895e-07 1.5258e-06
9.4092e-07 1.5254e-06
9.4292e-07 1.5250e-06
9.4487e-07 1.5246e-06
9.4680e-07 1.5242e-06
9.4872e-07 1.5238e-06
9.5069e-07 1.5234e-06
9.5264e-07 1.5231e-06
9.5448e-07 1.5227e-06
9.5618e-07 1.5225e-06
9.5790e-07 1.5223e-06
9.5981e-07 1.5221e-06
9.6172e-07 1.5219e-06
9.6353e-07 1.5218e-06
9.6529e-07 1.5217e-06
9.6712e-07 1.5216e-06
9.6909e-07 1.5216e-06
9.7075e-07 1.5216e-06
9.7221e-07 1.5216e-06
9.7408e-07 1.5218e-06
9.7617e-07 1.5220e-06
9.7818e-07 1.5221e-06
9.7992e-07 1.5222e-06
9.8157e-07 1.5225e-06
9.8367e-07 1.5228e-06
9.8587e-07 1.5230e-06
9.8787e-07 1.5232e-06
9.8973e-07 1.5234e-06
9.9158e-07 1.5237e-06
9.9368e-07 1.5240e-06
9.9578e-07 1.5242e-06
9.9779e-07 1.5244e-06
1.0076e-06 1.5222e-06
1.0110e-06 1.5127e-06
1.0110e-06 1.5107e-06
1.0110e-06 1.5087e-06
1.0110e-06 1.5067e-06
1.0110e-06 1.5046e-06
1.0110e-06 1.5026e-06
1.0110e-06 1.5006e-06
1.0110e-06 1.4986e-06
1.0110e-06 1.4966e-06
1.0110e-06 1.4945e-06
1.0110e-06 1.4925e-06
1.0110e-06 1.4905e-06
1.0110e-06 1.4885e-06
1.0110e-06 1.4865e-06
1.0110e-06 1.4844e-06
1.0110e-06 1.4824e-06
1.0110e-06 1.4804e-06
1.0110e-06 1.4784e-06
1.0110e-06 1.4764e-06
1.0110e-06 1.4743e-06
1.0110e-06 1.4723e-06
1.0110e-06 1.4703e-06
1.0110e-06 1.4683e-06
1.0110e-06 1.4663e-06
1.0110e-06 1.4642e-06
1.0110e-06 1.4622e-06
1.0110e-06 1.4602e-06
1.0110e-06 1.4582e-06
1.0110e-06 1.4562e-06
1.0110e-06 1.4542e-06
1.0110e-06 1.4521e-06
1.0110e-06 1.4501e-06
1.0110e-06 1.4481e-06
1.0110e-06 1.4461e-06
1.0110e-06 1.4441e-06
1.0110e-06 1.4420e-06
1.0110e-06 1.4400e-06
1.0110e-06 1.4380e-06
1.0110e-06 1.4360e-06
1.0110e-06 1.4340e-06
1.0110e-06 1.4319e-06
1.0110e-06 1.4299e-06
1.0110e-06 1.4279e-06
1.0110e-06 1.4259e-06
1.0110e-06 1.4239e-06
1.0110e-06 1.4218e-06
1.0110e-06 1.4198e-06
1.0110e-06 1.4178e-06
1.0110e-06 1.4158e-06
1.0110e-06 1.4138e-06
1.0110e-06 1.4117e-06
1.0110e-06 1.4097e-06
1.0110e-06 1.4077e-06
1.0110e-06 1.4057e-06
1.0110e-06 1.4037e-06
1.0110e-06 1.4016e-06
1.0110e-06 1.3996e-06
1.0110e-06 1.3976e-06
1.0110e-06 1.3956e-06
1.0110e-06 1.3936e-06
1.0110e-06 1.3915e-06
1.0110e-06 1.3895e-06
1.0110e-06 1.3875e-06
1.0110e-06 1.3855e-06
1.0110e-06 1.3835e-06
1.0110e-06 1.3814e-06
1.0110e-06 1.3794e-06
1.0110e-06 1.3774e-06
1.0110e-06 1.3754e-06
1.0110e-06 1.3734e-06
1.0110e-06 1.3713e-06
1.0110e-06 1.3693e-06
1.0110e-06 1.3673e-06
1.0110e-06 1.3653e-06
1.0110e-06 1.3633e-06
1.0110e-06 1.3612e-06
1.0110e-06 1.3592e-06
1.0110e-06 1.3572e-06
1.0110e-06 1.3552e-06
1.0110e-06 1.3532e-06
1.0110e-06 1.3511e-06
1.0110e-06 1.3491e-06
1.0110e-06 1.3471e-06
1.0110e-06 1.3451e-06
1.0110e-06 1.3431e-06
1.0110e-06 1.3411e-06
1.0110e-06 1.3390e-06
1.0110e-06 1.3370e-06
1.0110e-06 1.3350e-06
1.0110e-06 1.3330e-06
1.0110e-06 1.3310e-06
1.0110e-06 1.3289e-06
1.0110e-06 1.3269e-06
1.0110e-06 1.3249e-06
1.0110e-06 1.3229e-06
1.0110e-06 1.3209e-06
1.0110e-06 1.3188e-06
1.0110e-06 1.3168e-06
1.0110e-06 1.3148e-06
1.0110e-06 1.3128e-06
1.0110e-06 1.3108e-06
1.0110e-06 1.3087e-06
1.0110e-06 1.3067e-06
1.0110e-06 1.3047e-06
1.0110e-06 1.3027e-06
1.0110e-06 1.3007e-06
1.0110e-06 1.2986e-06
1.0110e-06 1.2966e-06
1.0110e-06 1.2946e-06
1.0110e-06 1.2926e-06
1.0110e-06 1.2906e-06
1.0110e-06 1.2885e-06
1.0110e-06 1.2865e-06
1.0110e-06 1.2845e-06
1.0110e-06 1.2825e-06
1.0110e-06 1.2805e-06
1.0110e-06 1.2784e-06
1.0110e-06 1.2764e-06
1.0110e-06 1.2744e-06
1.0110e-06 1.2724e-06
1.0110e-06 1.2704e-06
1.0110e-06 1.2683e-06
1.0110e-06 1.2663e-06
1.0110e-06 1.2643e-06
1.0110e-06 1.2623e-06
1.0110e-06 1.2603e-06
1.0110e-06 1.2582e-06
1.0110e-06 1.2562e-06
1.0110e-06 1.2542e-06
1.0110e-06 1.2522e-06
1.0110e-06 1.2502e-06
1.0110e-06 1.2481e-06
1.0110e-06 1.2461e-06
1.0110e-06 1.2441e-06
1.0110e-06 1.2421e-06
1.0110e-06 1.2401e-06
1.0110e-06 1.2380e-06
1.0110e-06 1.2360e-06
1.0110e-06 1.2340e-06
1.0110e-06 1.2320e-06
1.0110e-06 1.2300e-06
1.0110e-06 1.2280e-06
1.0110e-06 1.2259e-06
1.0110e-06 1.2239e-06
1.0110e-06 1.2219e-06
1.0110e-06 1.2199e-06
1.0110e-06 1.2179e-06
1.0110e-06 1.2158e-06
1.0110e-06 1.2138e-06
1.0110e-06 1.2118e-06
1.0110e-06 1.2098e-06
1.0110e-06 1.2078e-06
1.0110e-06 1.2057e-06
1.0110e-06 1.2037e-06
1.0110e-06 1.2017e-06
1.0110e-06 1.1997e-06
1.0110e-06 1.1977e-06
1.0110e-06 1.1956e-06
1.0110e-06 1.1936e-06
1.0110e-06 1.1916e-06
1.0110e-06 1.1896e-06
1.0110e-06 1.1876e-06
1.0110e-06 1.1855e-06
1.0110e-06 1.1835e-06
1.0110e-06 1.1815e-06
1.0110e-06 1.1795e-06
1.0110e-06 1.1775e-06
1.0110e-06 1.1754e-06
1.0110e-06 1.1734e-06
1.0110e-06 1.1714e-06
1.0110e-06 1.1694e-06
1.0110e-06 1.1674e-06
1.0110e-06 1.1653e-06
1.0110e-06 1.1633e-06
1.0110e-06 1.1613e-06
1.0110e-06 1.1593e-06
1.0110e-06 1.1573e-06
1.0110e-06 1.1552e-06
1.0110e-06 1.1532e-06
1.0110e-06 1.1512e-06
1.0110e-06 1.1492e-06
1.0110e-06 1.1472e-06
1.0110e-06 1.1451e-06
1.0110e-06 1.1431e-06
1.0110e-06 1.1411e-06
1.0110e-06 1.1391e-06
1.0110e-06 1.1371e-06
1.0110e-06 1.1350e-06
1.0110e-06 1.1330e-06
1.0110e-06 1.1310e-06
1.0110e-06 1.1290e-06
1.0110e-06 1.1270e-06
1.0110e-06 1.1249e-06
1.0110e-06 1.1229e-06
1.0110e-06 1.1209e-06
1.0110e-06 1.1189e-06
1.0110e-06 1.1169e-06
1.0110e-06 1.1148e-06
1.0110e-06 1.1128e-06
1.0110e-06 1.1108e-06
1.0110e-06 1.1088e-06
1.0110e-06 1.1068e-06
1.0110e-06 1.1048e-06
1.0110e-06 1.1027e-06
1.0110e-06 1.1007e-06
1.0110e-06 1.0987e-06
1.0110e-06 1.0967e-06
1.0110e-06 1.0947e-06
1.0110e-06 1.0926e-06
1.0110e-06 1.0906e-06
1.0110e-06 1.0886e-06
1.0110e-06 1.0866e-06
1.0110e-06 1.0846e-06
1.0110e-06 1.0825e-06
1.0110e-06 1.0805e-06
1.0110e-06 1.0785e-06
1.0110e-06 1.0765e-06
1.0110e-06 1.0745e-06
1.0110e-06 1.0724e-06
1.0110e-06 1.0704e-06
1.0110e-06 1.0684e-06
1.0110e-06 1.0664e-06
1.0110e-06 1.0644e-06
1.0110e-06 1.0623e-06
1.0110e-06 1.0603e-06
1.0110e-06 1.0583e-06
1.0110e-06 1.0563e-06
1.0110e-06 1.0543e-06
1.0110e-06 1.0522e-06
1.0110e-06 1.0502e-06
1.0110e-06 1.0482e-06
1.0110e-06 1.0462e-06
1.0110e-06 1.0442e-06
1.0110e-06 1.0421e-06
1.0110e-06 1.0401e-06
1.0110e-06 1.0381e-06
1.0110e-06 1.0361e-06
1.0110e-06 1.0341e-06
1.0110e-06 1.0320e-06
1.0110e-06 1.0300e-06
1.0110e-06 1.0280e-06
1.0110e-06 1.0260e-06
1.0110e-06 1.0240e-06
1.0110e-06 1.0219e-06
1.0110e-06 1.0199e-06
1.0110e-06 1.0179e-06
1.0110e-06 1.0159e-06
1.0110e-06 1.0139e-06
1.0110e-06 1.0118e-06
1.0110e-06 1.0098e-06
1.0110e-06 1.0078e-06
1.0110e-06 1.0058e-06
1.0110e-06 1.0038e-06
1.0110e-06 1.0017e-06
1.0110e-06 9.9973e-07
1.0110e-06 9.9771e-07
1.0110e-06 9.9569e-07
1.0110e-06 9.9367e-07
1.0110e-06 9.9165e-07
1.0110e-06 9.8963e-07
1.0110e-06 9.8761e-07
1.0110e-06 9.8559e-07
1.0110e-06 9.8357e-07
1.0110e-06 9.8155e-07
1.0110e-06 9.7953e-07
1.0110e-06 9.7751e-07
1.0110e-06 9.7549e-07
1.0110e-06 9.7347e-07
1.0110e-06 9.7145e-07
1.0110e-06 9.6943e-07
1.0110e-06 9.6741e-07
1.0110e-06 9.6539e-07
1.0110e-06 9.6338e-07
1.0110e-06 9.6136e-07
1.0110e-06 9.5934e-07
1.0110e-06 9.5732e-07
1.0110e-06 9.5530e-07
1.0110e-06 9.5328e-07
1.0110e-06 9.5126e-07
1.0110e-06 9.4924e-07
1.0110e-06 9.4722e-07
1.0110e-06 9.4520e-07
1.0110e-06 9.4318e-07
1.0110e-06 9.4116e-07
1.0110e-06 9.3914e-07
1.0110e-06 9.3712e-07
1.0110e-06 9.3510e-07
1.0110e-06 9.3308e-07
1.0110e-06 9.3106e-07
1.0110e-06 9.2904e-07
1.0110e-06 9.2702e-07
1.0110e-06 9.2500e-07
1.0110e-06 9.2298e-07
1.0110e-06 9.2096e-07
1.0110e-06 9.1894e-07
1.0110e-06 9.1692e-07
1.0110e-06 9.1490e-07
1.0110e-06 9.1288e-07
1.0110e-06 9.1086e-07
1.0110e-06 9.0884e-07
1.0110e-06 9.0682e-07
1.0110e-06 9.0481e-07
1.0110e-06 9.0279e-07
1.0110e-06 9.0077e-07
1.0110e-06 8.9875e-07
1.0110e-06 8.9673e-07
1.0110e-06 8.9471e-07
1.0110e-06 8.9269e-07
1.0110e-06 8.9067e-07
1.0110e-06 8.8865e-07
1.0110e-06 8.8663e-07
1.0110e-06 8.8461e-07
1.0110e-06 8.8259e-07
1.0110e-06 8.8057e-07
1.0110e-06 8.7855e-07
1.0110e-06 8.7653e-07
1.0110e-06 8.7451e-07
1.0110e-06 8.7249e-07
1.0110e-06 8.7047e-07
1.0110e-06 8.6845e-07
1.0110e-06 8.6643e-07
1.0110e-06 8.6441e-07
1.0110e-06 8.6239e-07
1.0110e-06 8.6037e-07
1.0110e-06 8.5835e-07
1.0110e-06 8.5633e-07
1.0110e-06 8.5431e-07
1.0110e-06 8.5229e-07
1.0110e-06 8.5027e-07
1.0110e-06 8.4825e-07
1.0110e-06 8.4624e-07
1.0110e-06 8.4422e-07
1.0110e-06 8.4220e-07
1.0110e-06 8.4018e-07
1.0110e-06 8.3816e-07
1.0110e-06 8.3614e-07
1.0110e-06 8.3412e-07
1.0110e-06 8.3210e-07
1.0110e-06 8.3008e-07
1.0110e-06 8.2806e-07
1.0110e-06 8.2604e-07
1.0110e-06 8.2402e-07
1.0110e-06 8.2200e-07
1.0110e-06 8.1998e-07
1.0110e-06 8.1796e-07
1.0110e-06 8.1594e-07
1.0110e-06 8.1392e-07
1.0110e-06 8.1190e-07
1.0110e-06 8.0988e-07
1.0110e-06 8.0786e-07
1.0110e-06 8.0584e-07
1.0110e-06 8.0382e-07
1.0110e-06 8.0180e-07
1.0110e-06 7.9978e-07
1.0110e-06 7.9776e-07
1.0110e-06 7.9574e-07
1.0110e-06 7.9372e-07
1.0110e-06 7.9170e-07
1.0110e-06 7.8968e-07
1.0110e-06 7.8767e-07
1.0110e-06 7.8565e-07
1.0110e-06 7.8363e-07
1.0110e-06 7.8161e-07
1.0110e-06 7.7959e-07
1.0110e-06 7.7757e-07
1.0110e-06 7.7555e-07
1.0110e-06 7.7353e-07
1.0110e-06 7.7151e-07
1.0110e-06 7.6949e-07
1.0110e-06 7.6747e-07
1.0110e-06 7.6545e-07
1.0110e-06 7.6343e-07
1.0110e-06 7.6141e-07
1.0110e-06 7.5939e-07
1.0110e-06 7.5737e-07
1.0110e-06 7.5535e-07
1.0110e-06 7.5333e-07
1.0110e-06 7.5131e-07
1.0110e-06 7.4929e-07
1.0110e-06 7.4727e-07
1.0110e-06 7.4525e-07
1.0110e-06 7.4323e-07
1.0110e-06 7.4121e-07
1.0110e-06 7.3919e-07
1.0110e-06 7.3717e-07
1.0110e-06 7.3515e-07
1.0110e-06 7.3313e-07
1.0110e-06 7.3112e-07
1.0110e-06 7.2910e-07
1.0110e-06 7.2708e-07
1.0110e-06 7.2506e-07
1.0110e-06 7.2304e-07
1.0110e-06 7.2102e-07
1.0110e-06 7.1900e-07
1.0110e-06 7.1698e-07
1.0110e-06 7.1496e-07
1.0110e-06 7.1294e-07
1.0110e-06 7.1092e-07
1.0110e-06 7.0890e-07
1.0110e-06 7.0688e-07
1.0110e-06 7.0486e-07
1.0110e-06 7.0284e-07
1.0110e-06 7.0082e-07
1.0110e-06 6.9880e-07
1.0110e-06 6.9678e-07
1.0110e-06 6.9476e-07
1.0110e-06 6.9274e-07
1.0110e-06 6.9072e-07
1.0110e-06 6.8870e-07
1.0110e-06 6.8668e-07
1.0110e-06 6.8466e-07
1.0110e-06 6.8264e-07
1.0110e-06 6.8062e-07
1.0110e-06 6.7860e-07
1.0110e-06 6.7658e-07
1.0110e-06 6.7456e-07
1.0110e-06 6.7255e-07
1.0110e-06 6.7053e-07
1.0110e-06 6.6851e-07
1.0110e-06 6.6649e-07
1.0110e-06 6.6447e-07
1.0110e-06 6.6245e-07
1.0110e-06 6.6043e-07
1.0110e-06 6.5841e-07
1.0110e-06 6.5639e-07
1.0110e-06 6.5437e-07
1.0110e-06 6.5235e-07
1.0110e-06 6.5033e-07
1.0110e-06 6.4831e-07
1.0110e-06 6.4629e-07
1.0110e-06 6.4427e-07
1.0110e-06 6.4225e-07
1.0110e-06 6.4023e-07
1.0110e-06 6.3821e-07
1.0110e-06 6.3619e-07
1.0110e-06 6.3417e-07
1.0110e-06 6.3215e-07
1.0110e-06 6.3013e-07
1.0110e-06 6.2811e-07
1.0110e-06 6.2609e-07
1.0110e-06 6.2407e-07
1.0110e-06 6.2205e-07
1.0110e-06 6.2003e-07
1.0110e-06 6.1801e-07
1.0110e-06 6.1599e-07
1.0110e-06 6.1398e-07
1.0110e-06 6.1196e-07
1.0110e-06 6.0994e-07
1.0110e-06 6.0792e-07
1.0110e-06 6.0590e-07
1.0110e-06 6.0388e-07
1.0110e-06 6.0186e-07
1.0110e-06 5.9984e-07
1.0110e-06 5.9782e-07
1.0110e-06 5.9580e-07
1.0110e-06 5.9378e-07
1.0110e-06 5.9176e-07
1.0110e-06 5.8974e-07
1.0110e-06 5.8772e-07
1.0110e-06 5.8570e-07
1.0110e-06 5.8368e-07
1.0110e-06 5.8166e-07
1.0110e-06 5.7964e-07
1.0110e-06 5.7762e-07
1.0110e-06 5.7560e-07
1.0110e-06 5.7358e-07
1.0110e-06 5.7156e-07
1.0110e-06 5.6954e-07
1.0110e-06 5.6752e-07
1.0110e-06 5.6550e-07
1.0110e-06 5.6348e-07
1.0110e-06 5.6146e-07
1.0110e-06 5.5944e-07
1.0110e-06 5.5742e-07
1.0110e-06 5.5541e-07
1.0110e-06 5.5339e-07
1.0110e-06 5.5137e-07
1.0110e-06 5.4935e-07
1.0110e-06 5.4733e-07
1.0110e-06 5.4531e-07
1.0110e-06 5.4329e-07
1.0110e-06 5.4127e-07
1.0110e-06 5.3925e-07
1.0110e-06 5.3723e-07
1.0110e-06 5.3521e-07
1.0110e-06 5.3319e-07
1.0110e-06 5.3117e-07
1.0110e-06 5.2915e-07
1.0110e-06 5.2713e-07
1.0110e-06 5.2511e-07
1.0110e-06 5.2309e-07
1.0110e-06 5.2107e-07
1.0110e-06 5.1905e-07
1.0110e-06 5.1703e-07
1.0110e-06 5.1501e-07
1.0110e-06 5.1299e-07
1.0110e-06 5.1097e-07
1.0110e-06 5.0895e-07
1.0110e-06 5.0693e-07
1.0110e-06 5.0491e-07
1.0110e-06 5.0289e-07
1.0110e-06 5.0087e-07
1.0110e-06 4.9885e-07
1.0110e-06 4.9684e-07
1.0110e-06 4.9482e-07
1.0110e-06 4.9280e-07
1.0110e-06 4.9078e-07
1.0110e-06 4.8876e-07
1.0110e-06 4.8674e-07
1.0110e-06 4.8472e-07
1.0110e-06 4.8270e-07
1.0110e-06 4.8068e-07
1.0110e-06 4.7866e-07
1.0110e-06 4.7664e-07
1.0110e-06 4.7462e-07
1.0110e-06 4.7260e-07
1.0110e-06 4.7058e-07
1.0110e-06 4.6856e-07
1.0110e-06 4.6654e-07
1.0110e-06 4.6452e-07
1.0110e-06 4.6250e-07
1.0110e-06 4.6048e-07
1.0110e-06 4.5846e-07
1.0110e-06 4.5644e-07
1.0110e-06 4.5442e-07
1.0110e-06 4.5240e-07
1.0110e-06 4.5038e-07
1.0110e-06 4.4836e-07
1.0110e-06 4.4634e-07
1.0110e-06 4.4432e-07
1.0110e-06 4.4230e-07
1.0110e-06 4.4028e-07
1.0110e-06 4.3827e-07
1.0110e-06 4.3625e-07
1.0110e-06 4.3423e-07
1.0110e-06 4.3221e-07
1.0110e-06 4.3019e-07
1.0110e-06 4.2817e-07
1.0110e-06 4.2615e-07
1.0110e-06 4.2413e-07
1.0110e-06 4.2211e-07
1.0110e-06 4.2009e-07
1.0110e-06 4.1807e-07
1.0110e-06 4.1605e-07
1.0110e-06 4.1403e-07
1.0110e-06 4.1201e-07
1.0110e-06 4.0999e-07
1.0110e-06 4.0797e-07
1.0110e-06 4.0595e-07
1.0110e-06 4.0393e-07
1.0110e-06 4.0191e-07
1.0110e-06 3.9989e-07
1.0110e-06 3.9787e-07
1.0110e-06 3.9585e-07
1.0110e-06 3.9383e-07
1.0110e-06 3.9181e-07
1.0110e-06 3.8979e-07
1.0110e-06 3.8777e-07
1.0110e-06 3.8575e-07
1.0110e-06 3.8373e-07
1.0110e-06 3.8171e-07
1.0110e-06 3.7970e-07
1.0110e-06 3.7768e-07
1.0110e-06 3.7566e-07
1.0110e-06 3.7364e-07
1.0110e-06 3.7162e-07
1.0110e-06 3.6960e-07
1.0110e-06 3.6758e-07
1.0110e-06 3.6556e-07
1.0110e-06 3.6354e-07
1.0110e-06 3.6152e-07
1.0110e-06 3.5950e-07
1.0110e-06 3.5748e-07
1.0110e-06 3.5546e-07
1.0110e-06 3.5344e-07
1.0110e-06 3.5142e-07
1.0110e-06 3.4940e-07
1.0110e-06 3.4738e-07
1.0110e-06 3.4536e-07
1.0110e-06 3.4334e-07
1.0110e-06 3.4132e-07
1.0110e-06 3.3930e-07
1.0110e-06 3.3728e-07
1.0110e-06 3.3526e-07
1.0110e-06 3.3324e-07
1.0110e-06 3.3122e-07
1.0110e-06 3.2920e-07
1.0110e-06 3.2718e-07
1.0110e-06 3.2516e-07
1.0110e-06 3.2314e-07
1.0110e-06 3.2113e-07
1.0110e-06 3.1911e-07
1.0110e-06 3.1709e-07
1.0110e-06 3.1507e-07
1.0110e-06 3.1305e-07
1.0110e-06 3.1103e-07
1.0110e-06 3.0901e-07
1.0110e-06 3.0699e-07
1.0110e-06 3.0497e-07
1.0110e-06 3.0295e-07
1.0110e-06 3.0093e-07
1.0110e-06 2.9891e-07
1.0110e-06 2.9689e-07
1.0110e-06 2.9487e-07
1.0110e-06 2.9285e-07
1.0110e-06 2.9083e-07
1.0110e-06 2.8881e-07
1.0110e-06 2.8679e-07
1.0110e-06 2.8477e-07
1.0110e-06 2.8275e-07
1.0110e-06 2.8073e-07
1.0110e-06 2.7871e-07
1.0110e-06 2.7669e-07
1.0110e-06 2.7467e-07
1.0110e-06 2.7265e-07
1.0110e-06 2.7063e-07
1.0110e-06 2.6861e-07
1.0110e-06 2.6659e-07
1.0110e-06 2.6457e-07
1.0110e-06 2.6256e-07
1.0110e-06 2.6054e-07
1.0110e-06 2.5852e-07
1.0110e-06 2.5650e-07
1.0110e-06 2.5448e-07
1.0110e-06 2.5246e-07
1.0110e-06 2.5044e-07
1.0110e-06 2.4842e-07
1.0110e-06 2.4640e-07
1.0110e-06 2.4438e-07
1.0110e-06 2.4236e-07
1.0110e-06 2.4034e-07
1.0110e-06 2.3832e-07
1.0110e-06 2.3630e-07
1.0110e-06 2.3428e-07
1.0110e-06 2.3226e-07
1.0110e-06 2.3024e-07
1.0110e-06 2.2822e-07
1.0110e-06 2.2620e-07
1.0110e-06 2.2418e-07
1.0110e-06 2.2216e-07
1.0110e-06 2.2014e-07
1.0110e-06 2.1812e-07
1.0110e-06 2.1610e-07
1.0110e-06 2.1408e-07
1.0110e-06 2.1206e-07
1.0110e-06 2.1004e-07
1.0110e-06 2.0802e-07
1.0110e-06 2.0600e-07
1.0110e-06 2.0399e-07
1.0110e-06 2.0197e-07
1.0110e-06 1.9995e-07
1.0110e-06 1.9793e-07
1.0110e-06 1.9591e-07
1.0110e-06 1.9389e-07
1.0110e-06 1.9187e-07
1.0110e-06 1.8985e-07
1.0110e-06 1.8783e-07
1.0110e-06 1.8581e-07
1.0110e-06 1.8379e-07
1.0110e-06 1.8177e-07
1.0110e-06 1.7975e-07
1.0110e-06 1.7773e-07
1.0110e-06 1.7571e-07
1.0110e-06 1.7369e-07
1.0110e-06 1.7167e-07
1.0110e-06 1.6965e-07
1.0110e-06 1.6763e-07
1.0110e-06 1.6561e-07
1.0110e-06 1.6359e-07
1.0110e-06 1.6157e-07
1.0110e-06 1.5955e-07
1.0110e-06 1.5753e-07
1.0110e-06 1.5551e-07
1.0110e-06 1.5349e-07
1.0110e-06 1.5147e-07
1.0110e-06 1.4945e-07
1.0110e-06 1.4743e-07
1.0110e-06 1.4542e-07
1.0110e-06 1.4340e-07
1.0110e-06 1.4138e-07
1.0110e-06 1.3936e-07
1.0110e-06 1.3734e-07
1.0110e-06 1.3532e-07
1.0110e-06 1.3330e-07
1.0110e-06 1.3128e-07
1.0110e-06 1.2926e-07
1.0110e-06 1.2724e-07
1.0110e-06 1.2522e-07
1.0110e-06 1.2320e-07
1.0110e-06 1.2118e-07
1.0110e-06 1.1916e-07
1.0110e-06 1.1714e-07
1.0110e-06 1.1512e-07
1.0110e-06 1.1310e-07
1.0110e-06 1.1108e-07
1.0110e-06 1.0906e-07
1.0110e-06 1.0704e-07
1.0110e-06 1.0502e-07
1.0110e-06 1.0300e-07
1.0110e-06 1.0098e-07
1.0110e-06 9.8963e-08
1.0110e-06 9.6943e-08
1.0110e-06 9.4924e-08
1.0110e-06 9.2904e-08
1.0110e-06 9.0884e-08
1.0110e-06 8.8865e-08
1.0110e-06 8.6845e-08
1.0110e-06 8.4825e-08
1.0110e-06 8.2806e-08
1.0110e-06 8.0786e-08
1.0110e-06 7.8767e-08
1.0110e-06 7.6747e-08
1.0110e-06 7.4727e-08
1.0110e-06 7.2708e-08
1.0110e-06 7.0688e-08
1.0110e-06 6.8668e-08
1.0110e-06 6.6649e-08
1.0110e-06 6.4629e-08
1.0110e-06 6.2609e-08
1.0110e-06 6.0590e-08
1.0110e-06 5.8570e-08
1.0110e-06 5.6550e-08
1.0110e-06 5.4531e-08
1.0110e-06 5.2511e-08
1.0110e-06 5.0491e-08
1.0110e-06 4.8472e-08
1.0110e-06 4.6452e-08
1.0110e-06 4.4432e-08
1.0110e-06 4.2413e-08
1.0110e-06 4.0393e-08
1.0110e-06 3.8373e-08
1.0110e-06 3.6354e-08
1.0110e-06 3.4334e-08
1.0110e-06 3.2314e-08
1.0110e-06 3.0295e-08
1.0110e-06 2.8275e-08
1.0110e-06 2.6256e-08
1.0110e-06 2.4236e-08
1.0110e-06 2.2216e-08
1.0110e-06 2.0197e-08
1.0110e-06 1.8177e-08
1.0110e-06 1.6157e-08
1.0110e-06 1.4138e-08
1.0110e-06 1.2118e-08
1.0110e-06 1.0098e-08
1.0110e-06 8.0786e-09
1.0110e-06 6.0590e-09
1.0110e-06 4.0393e-09
1.0110e-06 2.0197e-09
1.0081e-06 -7.0434e-09
9.9895e-07 -1.0000e-08
9.9695e-07 -1.0000e-08
9.9495e-07 -1.0000e-08
9.9294e-07 -1.0000e-08
9.9094e-07 -1.0000e-08
9.8894e-07 -1.0000e-08
9.8693e-07 -1.0000e-08
9.8493e-07 -1.0000e-08
9.8292e-07 -1.0000e-08
9.8092e-07 -1.0000e-08
9.7892e-07 -1.0000e-08
9.7691e-07 -1.0000e-08
9.7491e-07 -1.0000e-08
9.7290e-07 -1.0000e-08
9.7090e-07 -1.0000e-08
9.6890e-07 -1.0000e-08
9.6689e-07 -1.0000e-08
9.6489e-07 -1.0000e-08
9.6288e-07 -1.0000e-08
9.6088e-07 -1.0000e-08
9.5888e-07 -1.0000e-08
9.5687e-07 -1.0000e-08
9.5487e-07 -1.0000e-08
9.5286e-07 -1.0000e-08
9.5086e-07 -1.0000e-08
9.4886e-07 -1.0000e-08
9.4685e-07 -1.0000e-08
9.4485e-07 -1.0000e-08
9.4284e-07 -1.0000e-08
9.4084e-07 -1.0000e-08
9.3884e-07 -1.0000e-08
9.3683e-07 -1.0000e-08
9.3483e-07 -1.0000e-08
9.3283e-07 -1.0000e-08
9.3082e-07 -1.0000e-08
9.2882e-07 -1.0000e-08
9.2681e-07 -1.0000e-08
9.2481e-07 -1.0000e-08
9.2281e-07 -1.0000e-08
9.2080e-07 -1.0000e-08
9.1880e-07 -1.0000e-08
9.1679e-07 -1.0000e-08
9.1479e-07 -1.0000e-08
9.1279e-07 -1.0000e-08
9.1078e-07 -1.0000e-08
9.0878e-07 -1.0000e-08
9.0677e-07 -1.0000e-08
9.0477e-07 -1.0000e-08
9.0277e-07 -1.0000e-08
9.0076e-07 -1.0000e-08
8.9876e-07 -1.0000e-08
8.9675e-07 -1.0000e-08
8.9475e-07 -1.0000e-08
8.9275e-07 -1.0000e-08
8.9074e-07 -1.0000e-08
8.8874e-07 -1.0000e-08
8.8674e-07 -1.0000e-08
8.8473e-07 -1.0000e-08
8.8273e-07 -1.0000e-08
8.8072e-07 -1.0000e-08
8.7872e-07 -1.0000e-08
8.7672e-07 -1.0000e-08
8.7471e-07 -1.0000e-08
8.7271e-07 -1.0000e-08
8.7070e-07 -1.0000e-08
8.6870e-07 -1.0000e-08
8.6670e-07 -1.0000e-08
8.6469e-07 -1.0000e-08
8.6269e-07 -1.0000e-08
8.6068e-07 -1.0000e-08
8.5868e-07 -1.0000e-08
8.5668e-07 -1.0000e-08
8.5467e-07 -1.0000e-08
8.5267e-07 -1.0000e-08
8.5066e-07 -1.0000e-08
8.4866e-07 -1.0000e-08
8.4666e-07 -1.0000e-08
8.4465e-07 -1.0000e-08
8.4265e-07 -1.0000e-08
8.4064e-07 -1.0000e-08
8.3864e-07 -1.0000e-08
8.3664e-07 -1.0000e-08
8.3463e-07 -1.0000e-08
8.3263e-07 -1.0000e-08
8.3063e-07 -1.0000e-08
8.2862e-07 -1.0000e-08
8.2662e-07 -1.0000e-08
8.2461e-07 -1.0000e-08
8.2261e-07 -1.0000e-08
8.2061e-07 -1.0000e-08
8.1860e-07 -1.0000e-08
8.1660e-07 -1.0000e-08
8.1459e-07 -1.0000e-08
8.1259e-07 -1.0000e-08
8.1059e-07 -1.0000e-08
8.0858e-07 -1.0000e-08
8.0658e-07 -1.0000e-08
8.0457e-07 -1.0000e-08
8.0257e-07 -1.0000e-08
8.0057e-07 -1.0000e-08
7.9856e-07 -1.0000e-08
7.9656e-07 -1.0000e-08
7.9455e-07 -1.0000e-08
7.9255e-07 -1.0000e-08
7.9055e-07 -1.0000e-08
7.8854e-07 -1.0000e-08
7.8654e-07 -1.0000e-08
7.8454e-07 -1.0000e-08
7.8253e-07 -1.0000e-08
7.8053e-07 -1.0000e-08
7.7852e-07 -1.0000e-08
7.7652e-07 -1.0000e-08
7.7452e-07 -1.0000e-08
7.7251e-07 -1.0000e-08
7.7051e-07 -1.0000e-08
7.6850e-07 -1.0000e-08
7.6650e-07 -1.0000e-08
7.6450e-07 -1.0000e-08
7.6249e-07 -1.0000e-08
7.6049e-07 -1.0000e-08
7.5848e-07 -1.0000e-08
7.5648e-07 -1.0000e-08
7.5448e-07 -1.0000e-08
7.5247e-07 -1.0000e-08
7.5047e-07 -1.0000e-08
7.4846e-07 -1.0000e-08
7.4646e-07 -1.0000e-08
7.4446e-07 -1.0000e-08
7.4245e-07 -1.0000e-08
7.4045e-07 -1.0000e-08
7.3844e-07 -1.0000e-08
7.3644e-07 -1.0000e-08
7.3444e-07 -1.0000e-08
7.3243e-07 -1.0000e-08
7.3043e-07 -1.0000e-08
7.2843e-07 -1.0000e-08
7.2642e-07 -1.0000e-08
7.2442e-07 -1.0000e-08
7.2241e-07 -1.0000e-08
7.2041e-07 -1.0000e-08
7.1841e-07 -1.0000e-08
7.1640e-07 -1.0000e-08
7.1440e-07 -1.0000e-08
7.1239e-07 -1.0000e-08
7.1039e-07 -1.0000e-08
7.0839e-07 -1.0000e-08
7.0638e-07 -1.0000e-08
7.0438e-07 -1.0000e-08
7.0237e-07 -1.0000e-08
7.0037e-07 -1.0000e-08
6.9837e-07 -1.0000e-08
6.9636e-07 -1.0000e-08
6.9436e-07 -1.0000e-08
6.9235e-07 -1.0000e-08
6.9035e-07 -1.0000e-08
6.8835e-07 -1.0000e-08
6.8634e-07 -1.0000e-08
6.8434e-07 -1.0000e-08
6.8234e-07 -1.0000e-08
6.8033e-07 -1.0000e-08
6.7833e-07 -1.0000e-08
6.7632e-07 -1.0000e-08
6.7432e-07 -1.0000e-08
6.7232e-07 -1.0000e-08
6.7031e-07 -1.0000e-08
6.6831e-07 -1.0000e-08
6.6630e-07 -1.0000e-08
6.6430e-07 -1.0000e-08
6.6230e-07 -1.0000e-08
6.6029e-07 -1.0000e-08
6.5829e-07 -1.0000e-08
6.5628e-07 -1.0000e-08
6.5428e-07 -1.0000e-08
6.5228e-07 -1.0000e-08
6.5027e-07 -1.0000e-08
6.4827e-07 -1.0000e-08
6.4626e-07 -1.0000e-08
6.4426e-07 -1.0000e-08
6.4226e-07 -1.0000e-08
6.4025e-07 -1.0000e-08
6.3825e-07 -1.0000e-08
6.3624e-07 -1.0000e-08
6.3424e-07 -1.0000e-08
6.3224e-07 -1.0000e-08
6.3023e-07 -1.0000e-08
6.2823e-07 -1.0000e-08
6.2623e-07 -1.0000e-08
6.2422e-07 -1.0000e-08
6.2222e-07 -1.0000e-08
6.2021e-07 -1.0000e-08
6.1821e-07 -1.0000e-08
6.1621e-07 -1.0000e-08
6.1420e-07 -1.0000e-08
6.1220e-07 -1.0000e-08
6.1019e-07 -1.0000e-08
6.0819e-07 -1.0000e-08
6.0619e-07 -1.0000e-08
6.0418e-07 -1.0000e-08
6.0218e-07 -1.0000e-08
6.0017e-07 -1.0000e-08
5.9817e-07 -1.0000e-08
5.9617e-07 -1.0000e-08
5.9416e-07 -1.0000e-08
5.9216e-07 -1.0000e-08
5.9015e-07 -1.0000e-08
5.8815e-07 -1.0000e-08
5.8615e-07 -1.0000e-08
5.8414e-07 -1.0000e-08
5.8214e-07 -1.0000e-08
5.8014e-07 -1.0000e-08
5.7813e-07 -1.0000e-08
5.7613e-07 -1.0000e-08
5.7412e-07 -1.0000e-08
5.7212e-07 -1.0000e-08
5.7012e-07 -1.0000e-08
5.6811e-07 -1.0000e-08
5.6611e-07 -1.0000e-08
5.6410e-07 -1.0000e-08
5.6210e-07 -1.0000e-08
5.6010e-07 -1.0000e-08
5.5809e-07 -1.0000e-08
5.5609e-07 -1.0000e-08
5.5408e-07 -1.0000e-08
5.5208e-07 -1.0000e-08
5.5008e-07 -1.0000e-08
5.4807e-07 -1.0000e-08
5.4607e-07 -1.0000e-08
5.4406e-07 -1.0000e-08
5.4206e-07 -1.0000e-08
5.4006e-07 -1.0000e-08
5.3805e-07 -1.0000e-08
5.3605e-07 -1.0000e-08
5.3404e-07 -1.0000e-08
5.3204e-07 -1.0000e-08
5.3004e-07 -1.0000e-08
5.2803e-07 -1.0000e-08
5.2603e-07 -1.0000e-08
5.2403e-07 -1.0000e-08
5.2202e-07 -1.0000e-08
5.2002e-07 -1.0000e-08
5.1801e-07 -1.0000e-08
5.1601e-07 -1.0000e-08
5.1401e-07 -1.0000e-08
5.1200e-07 -1.0000e-08
5.1000e-07 -1.0000e-08
5.0799e-07 -1.0000e-08
5.0599e-07 -1.0000e-08
5.0399e-07 -1.0000e-08
5.0198e-07 -1.0000e-08
4.9998e-07 -1.0000e-08
4.9797e-07 -1.0000e-08
4.9597e-07 -1.0000e-08
4.9397e-07 -1.0000e-08
4.9196e-07 -1.0000e-08
4.8996e-07 -1.0000e-08
4.8795e-07 -1.0000e-08
4.8595e-07 -1.0000e-08
4.8395e-07 -1.0000e-08
4.8194e-07 -1.0000e-08
4.7994e-07 -1.0000e-08
4.7794e-07 -1.0000e-08
4.7593e-07 -1.0000e-08
4.7393e-07 -1.0000e-08
4.7192e-07 -1.0000e-08
4.6992e-07 -1.0000e-08
4.6792e-07 -1.0000e-08
4.6591e-07 -1.0000e-08
4.6391e-07 -1.0000e-08
4.6190e-07 -1.0000e-08
4.5990e-07 -1.0000e-08
4.5790e-07 -1.0000e-08
4.5589e-07 -1.0000e-08
4.5389e-07 -1.0000e-08
4.5188e-07 -1.0000e-08
4.4988e-07 -1.0000e-08
4.4788e-07 -1.0000e-08
4.4587e-07 -1.0000e-08
4.4387e-07 -1.0000e-08
4.4186e-07 -1.0000e-08
4.3986e-07 -1.0000e-08
4.3786e-07 -1.0000e-08
4.3585e-07 -1.0000e-08
4.3385e-07 -1.0000e-08
4.3185e-07 -1.0000e-08
4.2984e-07 -1.0000e-08
4.2784e-07 -1.0000e-08
4.2583e-07 -1.0000e-08
4.2383e-07 -1.0000e-08
4.2183e-07 -1.0000e-08
4.1982e-07 -1.0000e-08
4.1782e-07 -1.0000e-08
4.1581e-07 -1.0000e-08
4.1381e-07 -1.0000e-08
4.1181e-07 -1.0000e-08
4.0980e-07 -1.0000e-08
4.0780e-07 -1.0000e-08
4.0579e-07 -1.0000e-08
4.0379e-07 -1.0000e-08
4.0179e-07 -1.0000e-08
3.9978e-07 -1.0000e-08
3.9778e-07 -1.0000e-08
3.9577e-07 -1.0000e-08
3.9377e-07 -1.0000e-08
3.9177e-07 -1.0000e-08
3.8976e-07 -1.0000e-08
3.8776e-07 -1.0000e-08
3.8575e-07 -1.0000e-08
3.8375e-07 -1.0000e-08
3.8175e-07 -1.0000e-08
3.7974e-07 -1.0000e-08
3.7774e-07 -1.0000e-08
3.7574e-07 -1.0000e-08
3.7373e-07 -1.0000e-08
3.7173e-07 -1.0000e-08
3.6972e-07 -1.0000e-08
3.6772e-07 -1.0000e-08
3.6572e-07 -1.0000e-08
3.6371e-07 -1.0000e-08
3.6171e-07 -1.0000e-08
3.5970e-07 -1.0000e-08
3.5770e-07 -1.0000e-08
3.5570e-07 -1.0000e-08
3.5369e-07 -1.0000e-08
3.5169e-07 -1.0000e-08
3.4968e-07 -1.0000e-08
3.4768e-07 -1.0000e-08
3.4568e-07 -1.0000e-08
3.4367e-07 -1.0000e-08
3.4167e-07 -1.0000e-08
3.3966e-07 -1.0000e-08
3.3766e-07 -1.0000e-08
3.3566e-07 -1.0000e-08
3.3365e-07 -1.0000e-08
3.3165e-07 -1.0000e-08
3.2965e-07 -1.0000e-08
3.2764e-07 -1.0000e-08
3.2564e-07 -1.0000e-08
3.2363e-07 -1.0000e-08
3.2163e-07 -1.0000e-08
3.1963e-07 -1.0000e-08
3.1762e-07 -1.0000e-08
3.1562e-07 -1.0000e-08
3.1361e-07 -1.0000e-08
3.1161e-07 -1.0000e-08
3.0961e-07 -1.0000e-08
3.0760e-07 -1.0000e-08
3.0560e-07 -1.0000e-08
3.0359e-07 -1.0000e-08
3.0159e-07 -1.0000e-08
2.9959e-07 -1.0000e-08
2.9758e-07 -1.0000e-08
2.9558e-07 -1.0000e-08
2.9357e-07 -1.0000e-08
2.9157e-07 -1.0000e-08
2.8957e-07 -1.0000e-08
2.8756e-07 -1.0000e-08
2.8556e-07 -1.0000e-08
2.8355e-07 -1.0000e-08
2.8155e-07 -1.0000e-08
2.7955e-07 -1.0000e-08
2.7754e-07 -1.0000e-08
2.7554e-07 -1.0000e-08
2.7354e-07 -1.0000e-08
2.7153e-07 -1.0000e-08
2.6953e-07 -1.0000e-08
2.6752e-07 -1.0000e-08
2.6552e-07 -1.0000e-08
2.6352e-07 -1.0000e-08
2.6151e-07 -1.0000e-08
2.5951e-07 -1.0000e-08
2.5750e-07 -1.0000e-08
2.5550e-07 -1.0000e-08
2.5350e-07 -1.0000e-08
2.5149e-07 -1.0000e-08
2.4949e-07 -1.0000e-08
2.4748e-07 -1.0000e-08
2.4548e-07 -1.0000e-08
2.4348e-07 -1.0000e-08
2.4147e-07 -1.0000e-08
2.3947e-07 -1.0000e-08
2.3746e-07 -1.0000e-08
2.3546e-07 -1.0000e-08
2.3346e-07 -1.0000e-08
2.3145e-07 -1.0000e-08
2.2945e-07 -1.0000e-08
2.2745e-07 -1.0000e-08
2.2544e-07 -1.0000e-08
2.2344e-07 -1.0000e-08
2.2143e-07 -1.0000e-08
2.1943e-07 -1.0000e-08
2.1743e-07 -1.0000e-08
2.1542e-07 -1.0000e-08
2.1342e-07 -1.0000e-08
2.1141e-07 -1.0000e-08
2.0941e-07 -1.0000e-08
2.0741e-07 -1.0000e-08
2.0540e-07 -1.0000e-08
2.0340e-07 -1.0000e-08
2.0139e-07 -1.0000e-08
1.9939e-07 -1.0000e-08
1.9739e-07 -1.0000e-08
1.9538e-07 -1.0000e-08
1.9338e-07 -1.0000e-08
1.9137e-07 -1.0000e-08
1.8937e-07 -1.0000e-08
1.8737e-07 -1.0000e-08
1.8536e-07 -1.0000e-08
1.8336e-07 -1.0000e-08
1.8135e-07 -1.0000e-08
1.7935e-07 -1.0000e-08
1.7735e-07 -1.0000e-08
1.7534e-07 -1.0000e-08
1.7334e-07 -1.0000e-08
1.7134e-07 -1.0000e-08
1.6933e-07 -1.0000e-08
1.6733e-07 -1.0000e-08
1.6532e-07 -1.0000e-08
1.6332e-07 -1.0000e-08
1.6132e-07 -1.0000e-08
1.5931e-07 -1.0000e-08
1.5731e-07 -1.0000e-08
1.5530e-07 -1.0000e-08
1.5330e-07 -1.0000e-08
1.5130e-07 -1.0000e-08
1.4929e-07 -1.0000e-08
1.4729e-07 -1.0000e-08
1.4528e-07 -1.0000e-08
1.4328e-07 -1.0000e-08
1.4128e-07 -1.0000e-08
1.3927e-07 -1.0000e-08
1.3727e-07 -1.0000e-08
1.3526e-07 -1.0000e-08
1.3326e-07 -1.0000e-08
1.3126e-07 -1.0000e-08
1.2925e-07 -1.0000e-08
1.2725e-07 -1.0000e-08
1.2525e-07 -1.0000e-08
1.2324e-07 -1.0000e-08
1.2124e-07 -1.0000e-08
1.1923e-07 -1.0000e-08
1.1723e-07 -1.0000e-08
1.1523e-07 -1.0000e-08
1.1322e-07 -1.0000e-08
1.1122e-07 -1.0000e-08
1.0921e-07 -1.0000e-08
1.0721e-07 -1.0000e-08
1.0521e-07 -1.0000e-08
1.0320e-07 -1.0000e-08
1.0120e-07 -1.0000e-08
9.9194e-08 -1.0000e-08
9.7190e-08 -1.0000e-08
9.5186e-08 -1.0000e-08
9.3182e-08 -1.0000e-08
9.1178e-08 -1.0000e-08
8.9174e-08 -1.0000e-08
8.7171e-08 -1.0000e-08
8.5167e-08 -1.0000e-08
8.3163e-08 -1.0000e-08
8.1159e-08 -1.0000e-08
7.9155e-08 -1.0000e-08
7.7151e-08 -1.0000e-08
7.5147e-08 -1.0000e-08
7.3143e-08 -1.0000e-08
7.1139e-08 -1.0000e-08
6.9135e-08 -1.0000e-08
6.7131e-08 -1.0000e-08
6.5127e-08 -1.0000e-08
6.3124e-08 -1.0000e-08
6.1120e-08 -1.0000e-08
5.9116e-08 -1.0000e-08
5.7112e-08 -1.0000e-08
5.5108e-08 -1.0000e-08
5.3104e-08 -1.0000e-08
5.1100e-08 -1.0000e-08
4.9096e-08 -1.0000e-08
4.7092e-08 -1.0000e-08
4.5088e-08 -1.0000e-08
4.3084e-08 -1.0000e-08
4.1080e-08 -1.0000e-08
3.9076e-08 -1.0000e-08
3.7073e-08 -1.0000e-08
3.5069e-08 -1.0000e-08
3.3065e-08 -1.0000e-08
3.1061e-08 -1.0000e-08
2.9057e-08 -1.0000e-08
2.7053e-08 -1.0000e-08
2.5049e-08 -1.0000e-08
2.3045e-08 -1.0000e-08
2.1041e-08 -1.0000e-08
1.9037e-08 -1.0000e-08
1.7033e-08 -1.0000e-08
1.5029e-08 -1.0000e-08
1.3025e-08 -1.0000e-08
1.1022e-08 -1.0000e-08
9.0176e-09 -1.0000e-08
7.0137e-09 -1.0000e-08
5.0098e-09 -1.0000e-08
3.0059e-09 -1.0000e-08
-6.1224e-09 -7.0174e-09
-8.9980e-09 2.0345e-09
-8.9980e-09 4.0690e-09
-8.9980e-09 6.1034e-09
-8.9980e-09 8.1379e-09
-8.9980e-09 1.0172e-08
-8.9980e-09 1.2207e-08
-8.9980e-09 1.4241e-08
-8.9980e-09 1.6276e-08
-8.9980e-09 1.8310e-08
-8.9980e-09 2.0345e-08
-8.9980e-09 2.2379e-08
-8.9980e-09 2.4414e-08
-8.9980e-09 2.6448e-08
-8.9980e-09 2.8483e-08
-8.9980e-09 3.0517e-08
-8.9980e-09 3.2552e-08
-8.9980e-09 3.4586e-08
-8.9980e-09 3.6621e-08
-8.9980e-09 3.8655e-08
-8.9980e-09 4.0690e-08
-8.9980e-09 4.2724e-08
-8.9980e-09 4.4759e-08
-8.9980e-09 4.6793e-08
-8.9980e-09 4.8827e-08
-8.9980e-09 5.0862e-08
-8.9980e-09 5.2896e-08
-8.9980e-09 5.4931e-08
-8.9980e-09 5.6965e-08
-8.9980e-09 5.9000e-08
-8.9980e-09 6.1034e-08
-8.9980e-09 6.3069e-08
-8.9980e-09 6.5103e-08
-8.9980e-09 6.7138e-08
-8.9980e-09 6.9172e-08
-8.9980e-09 7.1207e-08
-8.9980e-09 7.3241e-08
-8.9980e-09 7.5276e-08
-8.9980e-09 7.7310e-08
-8.9980e-09 7.9345e-08
-8.9980e-09 8.1379e-08
-8.9980e-09 8.3414e-08
-8.9980e-09 8.5448e-08
-8.9980e-09 8.7483e-08
-8.9980e-09 8.9517e-08
-8.9980e-09 9.1552e-08
-8.9980e-09 9.3586e-08
-8.9980e-09 9.5620e-08
-8.9980e-09 9.7655e-08
-8.9980e-09 9.9689e-08
-8.9980e-09 1.0172e-07
-8.9980e-09 1.0376e-07
-8.9980e-09 1.0579e-07
-8.9980e-09 1.0783e-07
-8.9980e-09 1.0986e-07
-8.9980e-09 1.1190e-07
-8.9980e-09 1.1393e-07
-8.9980e-09 1.1597e-07
-8.9980e-09 1.1800e-07
-8.9980e-09 1.2003e-07
-8.9980e-09 1.2207e-07
-8.9980e-09 1.2410e-07
-8.9980e-09 1.2614e-07
-8.9980e-09 1.2817e-07
-8.9980e-09 1.3021e-07
-8.9980e-09 1.3224e-07
-8.9980e-09 1.3428e-07
-8.9980e-09 1.3631e-07
-8.9980e-09 1.3834e-07
-8.9980e-09 1.4038e-07
-8.9980e-09 1.4241e-07
-8.9980e-09 1.4445e-07
-8.9980e-09 1.4648e-07
-8.9980e-09 1.4852e-07
-8.9980e-09 1.5055e-07
-8.9980e-09 1.5259e-07
-8.9980e-09 1.5462e-07
-8.9980e-09 1.5665e-07
-8.9980e-09 1.5869e-07
-8.9980e-09 1.6072e-07
-8.9980e-09 1.6276e-07
-8.9980e-09 1.6479e-07
-8.9980e-09 1.6683e-07
-8.9980e-09 1.6886e-07
-8.9980e-09 1.7090e-07
-8.9980e-09 1.7293e-07
-8.9980e-09 1.7497e-07
-8.9980e-09 1.7700e-07
-8.9980e-09 1.7903e-07
-8.9980e-09 1.8107e-07
-8.9980e-09 1.8310e-07
-8.9980e-09 1.8514e-07
-8.9980e-09 1.8717e-07
-8.9980e-09 1.8921e-07
-8.9980e-09 1.9124e-07
-8.9980e-09 1.9328e-07
-8.9980e-09 1.9531e-07
-8.9980e-09 1.9734e-07
-8.9980e-09 1.9938e-07
-8.9980e-09 2.0141e-07
-8.9980e-09 2.0345e-07
-8.9980e-09 2.0548e-07
-8.9980e-09 2.0752e-07
-8.9980e-09 2.0955e-07
-8.9980e-09 2.1159e-07
-8.9980e-09 2.1362e-07
-8.9980e-09 2.1565e-07
-8.9980e-09 2.1769e-07
-8.9980e-09 2.1972e-07
-8.9980e-09 2.2176e-07
-8.9980e-09 2.2379e-07
-8.9980e-09 2.2583e-07
-8.9980e-09 2.2786e-07
-8.9980e-09 2.2990e-07
-8.9980e-09 2.3193e-07
-8.9980e-09 2.3397e-07
-8.9980e-09 2.3600e-07
-8.9980e-09 2.3803e-07
-8.9980e-09 2.4007e-07
-8.9980e-09 2.4210e-07
-8.9980e-09 2.4414e-07
-8.9980e-09 2.4617e-07
-8.9980e-09 2.4821e-07
-8.9980e-09 2.5024e-07
-8.9980e-09 2.5228e-07
-8.9980e-09 2.5431e-07
-8.9980e-09 2.5634e-07
-8.9980e-09 2.5838e-07
-8.9980e-09 2.6041e-07
-8.9980e-09 2.6245e-07
-8.9980e-09 2.6448e-07
-8.9980e-09 2.6652e-07
-8.9980e-09 2.6855e-07
-8.9980e-09 2.7059e-07
-8.9980e-09 2.7262e-07
-8.9980e-09 2.7465e-07
-8.9980e-09 2.7669e-07
-8.9980e-09 2.7872e-07
-8.9980e-09 2.8076e-07
-8.9980e-09 2.8279e-07
-8.9980e-09 2.8483e-07
-8.9980e-09 2.8686e-07
-8.9980e-09 2.8890e-07
-8.9980e-09 2.9093e-07
-8.9980e-09 2.9296e-07
-8.9980e-09 2.9500e-07
-8.9980e-09 2.9703e-07
-8.9980e-09 2.9907e-07
-8.9980e-09 3.0110e-07
-8.9980e-09 3.0314e-07
-8.9980e-09 3.0517e-07
-8.9980e-09 3.0721e-07
-8.9980e-09 3.0924e-07
-8.9980e-09 3.1128e-07
-8.9980e-09 3.1331e-07
-8.9980e-09 3.1534e-07
-8.9980e-09 3.1738e-07
-8.9980e-09 3.1941e-07
-8.9980e-09 3.2145e-07
-8.9980e-09 3.2348e-07
-8.9980e-09 3.2552e-07
-8.9980e-09 3.2755e-07
-8.9980e-09 3.2959e-07
-8.9980e-09 3.3162e-07
-8.9980e-09 3.3365e-07
-8.9980e-09 3.3569e-07
-8.9980e-09 3.3772e-07
-8.9980e-09 3.3976e-07
-8.9980e-09 3.4179e-07
-8.9980e-09 3.4383e-07
-8.9980e-09 3.4586e-07
-8.9980e-09 3.4790e-07
-8.9980e-09 3.4993e-07
-8.9980e-09 3.5196e-07
-8.9980e-09 3.5400e-07
-8.9980e-09 3.5603e-07
-8.9980e-09 3.5807e-07
-8.9980e-09 3.6010e-07
-8.9980e-09 3.6214e-07
-8.9980e-09 3.6417e-07
-8.9980e-09 3.6621e-07
-8.9980e-09 3.6824e-07
-8.9980e-09 3.7028e-07
-8.9980e-09 3.7231e-07
-8.9980e-09 3.7434e-07
-8.9980e-09 3.7638e-07
-8.9980e-09 3.7841e-07
-8.9980e-09 3.8045e-07
-8.9980e-09 3.8248e-07
-8.9980e-09 3.8452e-07
-8.9980e-09 3.8655e-07
-8.9980e-09 3.8859e-07
-8.9980e-09 3.9062e-07
-8.9980e-09 3.9265e-07
-8.9980e-09 3.9469e-07
-8.9980e-09 3.9672e-07
-8.9980e-09 3.9876e-07
-8.9980e-09 4.0079e-07
-8.9980e-09 4.0283e-07
-8.9980e-09 4.0486e-07
-8.9980e-09 4.0690e-07
-8.9980e-09 4.0893e-07
-8.9980e-09 4.1096e-07
-8.9980e-09 4.1300e-07
-8.9980e-09 4.1503e-07
-8.9980e-09 4.1707e-07
-8.9980e-09 4.1910e-07
-8.9980e-09 4.2114e-07
-8.9980e-09 4.2317e-07
-8.9980e-09 4.2521e-07
-8.9980e-09 4.2724e-07
-8.9980e-09 4.2927e-07
-8.9980e-09 4.3131e-07
-8.9980e-09 4.3334e-07
-8.9980e-09 4.3538e-07
-8.9980e-09 4.3741e-07
-8.9980e-09 4.3945e-07
-8.9980e-09 4.4148e-07
-8.9980e-09 4.4352e-07
-8.9980e-09 4.4555e-07
-8.9980e-09 4.4759e-07
-8.9980e-09 4.4962e-07
-8.9980e-09 4.5165e-07
-8.9980e-09 4.5369e-07
-8.9980e-09 4.5572e-07
-8.9980e-09 4.5776e-07
-8.9980e-09 4.5979e-07
-8.9980e-09 4.6183e-07
-8.9980e-09 4.6386e-07
-8.9980e-09 4.6590e-07
-8.9980e-09 4.6793e-07
-8.9980e-09 4.6996e-07
-8.9980e-09 4.7200e-07
-8.9980e-09 4.7403e-07
-8.9980e-09 4.7607e-07
-8.9980e-09 4.7810e-07
-8.9980e-09 4.8014e-07
-8.9980e-09 4.8217e-07
-8.9980e-09 4.8421e-07
-8.9980e-09 4.8624e-07
-8.9980e-09 4.8827e-07
-8.9980e-09 4.9031e-07
-8.9980e-09 4.9234e-07
-8.9980e-09 4.9438e-07
-8.9980e-09 4.9641e-07
-8.9980e-09 4.9845e-07
-8.9980e-09 5.0048e-07
-8.9980e-09 5.0252e-07
-8.9980e-09 5.0455e-07
-8.9980e-09 5.0659e-07
-8.9980e-09 5.0862e-07
-8.9980e-09 5.1065e-07
-8.9980e-09 5.1269e-07
-8.9980e-09 5.1472e-07
-8.9980e-09 5.1676e-07
-8.9980e-09 5.1879e-07
-8.9980e-09 5.2083e-07
-8.9980e-09 5.2286e-07
-8.9980e-09 5.2490e-07
-8.9980e-09 5.2693e-07
-8.9980e-09 5.2896e-07
-8.9980e-09 5.3100e-07
-8.9980e-09 5.3303e-07
-8.9980e-09 5.3507e-07
-8.9980e-09 5.3710e-07
-8.9980e-09 5.3914e-07
-8.9980e-09 5.4117e-07
-8.9980e-09 5.4321e-07
-8.9980e-09 5.4524e-07
-8.9980e-09 5.4727e-07
-8.9980e-09 5.4931e-07
-8.9980e-09 5.5134e-07
-8.9980e-09 5.5338e-07
-8.9980e-09 5.5541e-07
-8.9980e-09 5.5745e-07
-8.9980e-09 5.5948e-07
-8.9980e-09 5.6152e-07
-8.9980e-09 5.6355e-07
-8.9980e-09 5.6558e-07
-8.9980e-09 5.6762e-07
-8.9980e-09 5.6965e-07
-8.9980e-09 5.7169e-07
-8.9980e-09 5.7372e-07
-8.9980e-09 5.7576e-07
-8.9980e-09 5.7779e-07
-8.9980e-09 5.7983e-07
-8.9980e-09 5.8186e-07
-8.9980e-09 5.8390e-07
-8.9980e-09 5.8593e-07
-8.9980e-09 5.8796e-07
-8.9980e-09 5.9000e-07
-8.9980e-09 5.9203e-07
-8.9980e-09 5.9407e-07
-8.9980e-09 5.9610e-07
-8.9980e-09 5.9814e-07
-8.9980e-09 6.0017e-07
-8.9980e-09 6.0221e-07
-8.9980e-09 6.0424e-07
-8.9980e-09 6.0627e-07
-8.9980e-09 6.0831e-07
-8.9980e-09 6.1034e-07
-8.9980e-09 6.1238e-07
-8.9980e-09 6.1441e-07
-8.9980e-09 6.1645e-07
-8.9980e-09 6.1848e-07
-8.9980e-09 6.2052e-07
-8.9980e-09 6.2255e-07
-8.9980e-09 6.2458e-07
-8.9980e-09 6.2662e-07
-8.9980e-09 6.2865e-07
-8.9980e-09 6.3069e-07
-8.9980e-09 6.3272e-07
-8.9980e-09 6.3476e-07
-8.9980e-09 6.3679e-07
-8.9980e-09 6.3883e-07
-8.9980e-09 6.4086e-07
-8.9980e-09 6.4290e-07
-8.9980e-09 6.4493e-07
-8.9980e-09 6.4696e-07
-8.9980e-09 6.4900e-07
-8.9980e-09 6.5103e-07
-8.9980e-09 6.5307e-07
-8.9980e-09 6.5510e-07
-8.9980e-09 6.5714e-07
-8.9980e-09 6.5917e-07
-8.9980e-09 6.6121e-07
-8.9980e-09 6.6324e-07
-8.9980e-09 6.6527e-07
-8.9980e-09 6.6731e-07
-8.9980e-09 6.6934e-07
-8.9980e-09 6.7138e-07
-8.9980e-09 6.7341e-07
-8.9980e-09 6.7545e-07
-8.9980e-09 6.7748e-07
-8.9980e-09 6.7952e-07
-8.9980e-09 6.8155e-07
-8.9980e-09 6.8358e-07
-8.9980e-09 6.8562e-07
-8.9980e-09 6.8765e-07
-8.9980e-09 6.8969e-07
-8.9980e-09 6.9172e-07
-8.9980e-09 6.9376e-07
-8.9980e-09 6.9579e-07
-8.9980e-09 6.9783e-07
-8.9980e-09 6.9986e-07
-8.9980e-09 7.0190e-07
-8.9980e-09 7.0393e-07
-8.9980e-09 7.0596e-07
-8.9980e-09 7.0800e-07
-8.9980e-09 7.1003e-07
-8.9980e-09 7.1207e-07
-8.9980e-09 7.1410e-07
-8.9980e-09 7.1614e-07
-8.9980e-09 7.1817e-07
-8.9980e-09 7.2021e-07
-8.9980e-09 7.2224e-07
-8.9980e-09 7.2427e-07
-8.9980e-09 7.2631e-07
-8.9980e-09 7.2834e-07
-8.9980e-09 7.3038e-07
-8.9980e-09 7.3241e-07
-8.9980e-09 7.3445e-07
-8.9980e-09 7.3648e-07
-8.9980e-09 7.3852e-07
-8.9980e-09 7.4055e-07
-8.9980e-09 7.4258e-07
-8.9980e-09 7.4462e-07
-8.9980e-09 7.4665e-07
-8.9980e-09 7.4869e-07
-8.9980e-09 7.5072e-07
-8.9980e-09 7.5276e-07
-8.9980e-09 7.5479e-07
-8.9980e-09 7.5683e-07
-8.9980e-09 7.5886e-07
-8.9980e-09 7.6089e-07
-8.9980e-09 7.6293e-07
-8.9980e-09 7.6496e-07
-8.9980e-09 7.6700e-07
-8.9980e-09 7.6903e-07
-8.9980e-09 7.7107e-07
-8.9980e-09 7.7310e-07
-8.9980e-09 7.7514e-07
-8.9980e-09 7.7717e-07
-8.9980e-09 7.7921e-07
-8.9980e-09 7.8124e-07
-8.9980e-09 7.8327e-07
-8.9980e-09 7.8531e-07
-8.9980e-09 7.8734e-07
-8.9980e-09 7.8938e-07
-8.9980e-09 7.9141e-07
-8.9980e-09 7.9345e-07
-8.9980e-09 7.9548e-07
-8.9980e-09 7.9752e-07
-8.9980e-09 7.9955e-07
-8.9980e-09 8.0158e-07
-8.9980e-09 8.0362e-07
-8.9980e-09 8.0565e-07
-8.9980e-09 8.0769e-07
-8.9980e-09 8.0972e-07
-8.9980e-09 8.1176e-07
-8.9980e-09 8.1379e-07
-8.9980e-09 8.1583e-07
-8.9980e-09 8.1786e-07
-8.9980e-09 8.1989e-07
-8.9980e-09 8.2193e-07
-8.9980e-09 8.2396e-07
-8.9980e-09 8.2600e-07
-8.9980e-09 8.2803e-07
-8.9980e-09 8.3007e-07
-8.9980e-09 8.3210e-07
-8.9980e-09 8.3414e-07
-8.9980e-09 8.3617e-07
-8.9980e-09 8.3821e-07
-8.9980e-09 8.4024e-07
-8.9980e-09 8.4227e-07
-8.9980e-09 8.4431e-07
-8.9980e-09 8.4634e-07
-8.9980e-09 8.4838e-07
-8.9980e-09 8.5041e-07
-8.9980e-09 8.5245e-07
-8.9980e-09 8.5448e-07
-8.9980e-09 8.5652e-07
-8.9980e-09 8.5855e-07
-8.9980e-09 8.6058e-07
-8.9980e-09 8.6262e-07
-8.9980e-09 8.6465e-07
-8.9980e-09 8.6669e-07
-8.9980e-09 8.6872e-07
-8.9980e-09 8.7076e-07
-8.9980e-09 8.7279e-07
-8.9980e-09 8.7483e-07
-8.9980e-09 8.7686e-07
-8.9980e-09 8.7889e-07
-8.9980e-09 8.8093e-07
-8.9980e-09 8.8296e-07
-8.9980e-09 8.8500e-07
-8.9980e-09 8.8703e-07
-8.9980e-09 8.8907e-07
-8.9980e-09 8.9110e-07
-8.9980e-09 8.9314e-07
-8.9980e-09 8.9517e-07
-8.9980e-09 8.9720e-07
-8.9980e-09 8.9924e-07
-8.9980e-09 9.0127e-07
-8.9980e-09 9.0331e-07
-8.9980e-09 9.0534e-07
-8.9980e-09 9.0738e-07
-8.9980e-09 9.0941e-07
-8.9980e-09 9.1145e-07
-8.9980e-09 9.1348e-07
-8.9980e-09 9.1552e-07
-8.9980e-09 9.1755e-07
-8.9980e-09 9.1958e-07
-8.9980e-09 9.2162e-07
-8.9980e-09 9.2365e-07
-8.9980e-09 9.2569e-07
-8.9980e-09 9.2772e-07
-8.9980e-09 9.2976e-07
-8.9980e-09 9.3179e-07
-8.9980e-09 9.3383e-07
-8.9980e-09 9.3586e-07
-8.9980e-09 9.3789e-07
-8.9980e-09 9.3993e-07
-8.9980e-09 9.4196e-07
-8.9980e-09 9.4400e-07
-8.9980e-09 9.4603e-07
-8.9980e-09 9.4807e-07
-8.9980e-09 9.5010e-07
-8.9980e-09 9.5214e-07
-8.9980e-09 9.5417e-07
-8.9980e-09 9.5620e-07
-8.9980e-09 9.5824e-07
-8.9980e-09 9.6027e-07
-8.9980e-09 9.6231e-07
-8.9980e-09 9.6434e-07
-8.9980e-09 9.6638e-07
-8.9980e-09 9.6841e-07
-8.9980e-09 9.7045e-07
-8.9980e-09 9.7248e-07
-8.9980e-09 9.7452e-07
-8.9980e-09 9.7655e-07
-8.9980e-09 9.7858e-07
-8.9980e-09 9.8062e-07
-8.9980e-09 9.8265e-07
-8.9980e-09 9.8469e-07
-8.9980e-09 9.8672e-07
-8.9980e-09 9.8876e-07
-8.9980e-09 9.9079e-07
-8.9980e-09 9.9283e-07
-8.9980e-09 9.9486e-07
-8.9980e-09 9.9689e-07
-8.9980e-09 9.9893e-07
-8.9980e-09 1.0010e-06
-8.9980e-09 1.0030e-06
-8.9980e-09 1.0050e-06
-8.9980e-09 1.0071e-06
-8.9980e-09 1.0091e-06
-8.9980e-09 1.0111e-06
-8.9980e-09 1.0132e-06
-8.9980e-09 1.0152e-06
-8.9980e-09 1.0172e-06
-8.9980e-09 1.0193e-06
-8.9980e-09 1.0213e-06
-8.9980e-09 1.0233e-06
-8.9980e-09 1.0254e-06
-8.9980e-09 1.0274e-06
-8.9980e-09 1.0294e-06
-8.9980e-09 1.0315e-06
-8.9980e-09 1.0335e-06
-8.9980e-09 1.0355e-06
-8.9980e-09 1.0376e-06
-8.9980e-09 1.0396e-06
-8.9980e-09 1.0417e-06
-8.9980e-09 1.0437e-06
-8.9980e-09 1.0457e-06
-8.9980e-09 1.0478e-06
-8.9980e-09 1.0498e-06
-8.9980e-09 1.0518e-06
-8.9980e-09 1.0539e-06
-8.9980e-09 1.0559e-06
-8.9980e-09 1.0579e-06
-8.9980e-09 1.0600e-06
-8.9980e-09 1.0620e-06
-8.9980e-09 1.0640e-06
-8.9980e-09 1.0661e-06
-8.9980e-09 1.0681e-06
-8.9980e-09 1.0701e-06
-8.9980e-09 1.0722e-06
-8.9980e-09 1.0742e-06
-8.9980e-09 1.0762e-06
-8.9980e-09 1.0783e-06
-8.9980e-09 1.0803e-06
-8.9980e-09 1.0823e-06
-8.9980e-09 1.0844e-06
-8.9980e-09 1.0864e-06
-8.9980e-09 1.0884e-06
-8.9980e-09 1.0905e-06
-8.9980e-09 1.0925e-06
-8.9980e-09 1.0945e-06
-8.9980e-09 1.0966e-06
-8.9980e-09 1.0986e-06
-8.9980e-09 1.1007e-06
-8.9980e-09 1.1027e-06
-8.9980e-09 1.1047e-06
-8.9980e-09 1.1068e-06
-8.9980e-09 1.1088e-06
-8.9980e-09 1.1108e-06
-8.9980e-09 1.1129e-06
-8.9980e-09 1.1149e-06
-8.9980e-09 1.1169e-06
-8.9980e-09 1.1190e-06
-8.9980e-09 1.1210e-06
-8.9980e-09 1.1230e-06
-8.9980e-09 1.1251e-06
-8.9980e-09 1.1271e-06
-8.9980e-09 1.1291e-06
-8.9980e-09 1.1312e-06
-8.9980e-09 1.1332e-06
-8.9980e-09 1.1352e-06
-8.9980e-09 1.1373e-06
-8.9980e-09 1.1393e-06
-8.9980e-09 1.1413e-06
-8.9980e-09 1.1434e-06
-8.9980e-09 1.1454e-06
-8.9980e-09 1.1474e-06
-8.9980e-09 1.1495e-06
-8.9980e-09 1.1515e-06
-8.9980e-09 1.1535e-06
-8.9980e-09 1.1556e-06
-8.9980e-09 1.1576e-06
-8.9980e-09 1.1597e-06
-8.9980e-09 1.1617e-06
-8.9980e-09 1.1637e-06
-8.9980e-09 1.1658e-06
-8.9980e-09 1.1678e-06
-8.9980e-09 1.1698e-06
-8.9980e-09 1.1719e-06
-8.9980e-09 1.1739e-06
-8.9980e-09 1.1759e-06
-8.9980e-09 1.1780e-06
-8.9980e-09 1.1800e-06
-8.9980e-09 1.1820e-06
-8.9980e-09 1.1841e-06
-8.9980e-09 1.1861e-06
-8.9980e-09 1.1881e-06
-8.9980e-09 1.1902e-06
-8.9980e-09 1.1922e-06
-8.9980e-09 1.1942e-06
-8.9980e-09 1.1963e-06
-8.9980e-09 1.1983e-06
-8.9980e-09 1.2003e-06
-8.9980e-09 1.2024e-06
-8.9980e-09 1.2044e-06
-8.9980e-09 1.2064e-06
-8.9980e-09 1.2085e-06
-8.9980e-09 1.2105e-06
-8.9980e-09 1.2125e-06
-8.9980e-09 1.2146e-06
-8.9980e-09 1.2166e-06
-8.9980e-09 1.2187e-06
-8.9980e-09 1.2207e-06
-8.9980e-09 1.2227e-06
-8.9980e-09 1.2248e-06
-8.9980e-09 1.2268e-06
-8.9980e-09 1.2288e-06
-8.9980e-09 1.2309e-06
-8.9980e-09 1.2329e-06
-8.9980e-09 1.2349e-06
-8.9980e-09 1.2370e-06
-8.9980e-09 1.2390e-06
-8.9980e-09 1.2410e-06
-8.9980e-09 1.2431e-06
-8.9980e-09 1.2451e-06
-8.9980e-09 1.2471e-06
-8.9980e-09 1.2492e-06
-8.9980e-09 1.2512e-06
-8.9980e-09 1.2532e-06
-8.9980e-09 1.2553e-06
-8.9980e-09 1.2573e-06
-8.9980e-09 1.2593e-06
-8.9980e-09 1.2614e-06
-8.9980e-09 1.2634e-06
-8.9980e-09 1.2654e-06
-8.9980e-09 1.2675e-06
-8.9980e-09 1.2695e-06
-8.9980e-09 1.2715e-06
-8.9980e-09 1.2736e-06
-8.9980e-09 1.2756e-06
-8.9980e-09 1.2777e-06
-8.9980e-09 1.2797e-06
-8.9980e-09 1.2817e-06
-8.9980e-09 1.2838e-06
-8.9980e-09 1.2858e-06
-8.9980e-09 1.2878e-06
-8.9980e-09 1.2899e-06
-8.9980e-09 1.2919e-06
-8.9980e-09 1.2939e-06
-8.9980e-09 1.2960e-06
-8.9980e-09 1.2980e-06
-8.9980e-09 1.3000e-06
-8.9980e-09 1.3021e-06
-8.9980e-09 1.3041e-06
-8.9980e-09 1.3061e-06
-8.9980e-09 1.3082e-06
-8.9980e-09 1.3102e-06
-8.9980e-09 1.3122e-06
-8.9980e-09 1.3143e-06
-8.9980e-09 1.3163e-06
-8.9980e-09 1.3183e-06
-8.9980e-09 1.3204e-06
-8.9980e-09 1.3224e-06
-8.9980e-09 1.3244e-06
-8.9980e-09 1.3265e-06
-8.9980e-09 1.3285e-06
-8.9980e-09 1.3305e-06
-8.9980e-09 1.3326e-06
-8.9980e-09 1.3346e-06
-8.9980e-09 1.3367e-06
-8.9980e-09 1.3387e-06
-8.9980e-09 1.3407e-06
-8.9980e-09 1.3428e-06
-8.9980e-09 1.3448e-06
-8.9980e-09 1.3468e-06
-8.9980e-09 1.3489e-06
-8.9980e-09 1.3509e-06
-8.9980e-09 1.3529e-06
-8.9980e-09 1.3550e-06
-8.9980e-09 1.3570e-06
-8.9980e-09 1.3590e-06
-8.9980e-09 1.3611e-06
-8.9980e-09 1.3631e-06
-8.9980e-09 1.3651e-06
-8.9980e-09 1.3672e-06
-8.9980e-09 1.3692e-06
-8.9980e-09 1.3712e-06
-8.9980e-09 1.3733e-06
-8.9980e-09 1.3753e-06
-8.9980e-09 1.3773e-06
-8.9980e-09 1.3794e-06
-8.9980e-09 1.3814e-06
-8.9980e-09 1.3834e-06
-8.9980e-09 1.3855e-06
-8.9980e-09 1.3875e-06
-8.9980e-09 1.3895e-06
-8.9980e-09 1.3916e-06
-8.9980e-09 1.3936e-06
-8.9980e-09 1.3957e-06
-8.9980e-09 1.3977e-06
-8.9980e-09 1.3997e-06
-8.9980e-09 1.4018e-06
-8.9980e-09 1.4038e-06
-8.9980e-09 1.4058e-06
-8.9980e-09 1.4079e-06
-8.9980e-09 1.4099e-06
-8.9980e-09 1.4119e-06
-8.9980e-09 1.4140e-06
-8.9980e-09 1.4160e-06
-8.9980e-09 1.4180e-06
-8.9980e-09 1.4201e-06
-8.9980e-09 1.4221e-06
-8.9980e-09 1.4241e-06
-8.9980e-09 1.4262e-06
-8.9980e-09 1.4282e-06
-8.9980e-09 1.4302e-06
-8.9980e-09 1.4323e-06
-8.9980e-09 1.4343e-06
-8.9980e-09 1.4363e-06
-8.9980e-09 1.4384e-06
-8.9980e-09 1.4404e-06
-8.9980e-09 1.4424e-06
-8.9980e-09 1.4445e-06
-8.9980e-09 1.4465e-06
-8.9980e-09 1.4485e-06
-8.9980e-09 1.4506e-06
-8.9980e-09 1.4526e-06
-8.9980e-09 1.4547e-06
-8.9980e-09 1.4567e-06
-8.9980e-09 1.4587e-06
-8.9980e-09 1.4608e-06
-8.9980e-09 1.4628e-06
-8.9980e-09 1.4648e-06
-8.9980e-09 1.4669e-06
-8.9980e-09 1.4689e-06
-8.9980e-09 1.4709e-06
-8.9980e-09 1.4730e-06
-8.9980e-09 1.4750e-06
-8.9980e-09 1.4770e-06
-8.9980e-09 1.4791e-06
-8.9980e-09 1.4811e-06
-8.9980e-09 1.4831e-06
-8.9980e-09 1.4852e-06
-8.9980e-09 1.4872e-06
-8.9980e-09 1.4892e-06
-8.9980e-09 1.4913e-06
-8.9980e-09 1.4933e-06
-8.9980e-09 1.4953e-06
-8.9980e-09 1.4974e-06
-8.9980e-09 1.4994e-06
-8.9980e-09 1.5014e-06
-8.9980e-09 1.5035e-06
-8.9980e-09 1.5055e-06
-8.9980e-09 1.5075e-06
-8.9980e-09 1.5096e-06
-8.9980e-09 1.5116e-06
-8.9980e-09 1.5137e-06
-8.9980e-09 1.5157e-06
-8.9980e-09 1.5177e-06
-8.9980e-09 1.5198e-06
-8.9980e-09 1.5218e-06
1.1002e-08 1.5238e-06
