2.0062e-07 1.5138e-06
2.1527e-07 1.5135e-06
2.2019e-07 1.5127e-06
2.2569e-07 1.5134e-06
2.3257e-07 1.5141e-06
2.3952e-07 1.5146e-06
2.4696e-07 1.5151e-06
2.5426e-07 1.5147e-06
2.6130e-07 1.5144e-06
2.6845e-07 1.5136e-06
2.7555e-07 1.5128e-06
2.8257e-07 1.5116e-06
2.8934e-07 1.5104e-06
2.9631e-07 1.5091e-06
3.0275e-07 1.5078e-06
3.0907e-07 1.5071e-06
3.1518e-07 1.5063e-06
3.2127e-07 1.5065e-06
3.2809e-07 1.5066e-06
3.3480e-07 1.5066e-06
3.4140e-07 1.5068e-06
3.4811e-07 1.5071e-06
3.5499e-07 1.5074e-06
3.6180e-07 1.5075e-06
3.6825e-07 1.5077e-06
3.7482e-07 1.5083e-06
3.8179e-07 1.5088e-06
3.8871e-07 1.5091e-06
3.9564e-07 1.5093e-06
4.0267e-07 1.5094e-06
4.0972e-07 1.5093e-06
4.1655e-07 1.5090e-06
4.2296e-07 1.5089e-06
4.2957e-07 1.5090e-06
4.3635e-07 1.5091e-06
4.4297e-07 1.5092e-06
4.4965e-07 1.5095e-06
4.5637e-07 1.5098e-06
4.6344e-07 1.5101e-06
4.7042e-07 1.5099e-06
4.7713e-07 1.5100e-06
4.8408e-07 1.5099e-06
4.9085e-07 1.5097e-06
4.9753e-07 1.5096e-06
5.0429e-07 1.5095e-06
5.1105e-07 1.5095e-06
5.1790e-07 1.5094e-06
5.2463e-07 1.5092e-06
5.3112e-07 1.5092e-06
5.3771e-07 1.5094e-06
5.4456e-07 1.5096e-06
5.5142e-07 1.5097e-06
5.5828e-07 1.5097e-06
5.6517e-07 1.5097e-06
5.7211e-07 1.5096e-06
5.7902e-07 1.5094e-06
5.8576e-07 1.5091e-06
5.9246e-07 1.5089e-06
5.9901e-07 1.5086e-06
6.1265e-07 1.5059e-06
6.1569e-07 1.4921e-06
6.1569e-07 1.4854e-06
6.1569e-07 1.4787e-06
6.1569e-07 1.4721e-06
6.1569e-07 1.4654e-06
6.1569e-07 1.4588e-06
6.1569e-07 1.4521e-06
6.1569e-07 1.4454e-06
6.1569e-07 1.4388e-06
6.1569e-07 1.4321e-06
6.1569e-07 1.4255e-06
6.1569e-07 1.4188e-06
6.1569e-07 1.4121e-06
6.1569e-07 1.4055e-06
6.1569e-07 1.3988e-06
6.1569e-07 1.3922e-06
6.1569e-07 1.3855e-06
6.1569e-07 1.3788e-06
6.1569e-07 1.3722e-06
6.1569e-07 1.3655e-06
6.1569e-07 1.3588e-06
6.1569e-07 1.3522e-06
6.1569e-07 1.3455e-06
6.1569e-07 1.3389e-06
6.1569e-07 1.3322e-06
6.1569e-07 1.3255e-06
6.1569e-07 1.3189e-06
6.1569e-07 1.3122e-06
6.1569e-07 1.3056e-06
6.1569e-07 1.2989e-06
6.1569e-07 1.2922e-06
6.1569e-07 1.2856e-06
6.1569e-07 1.2789e-06
6.1569e-07 1.2723e-06
6.1569e-07 1.2656e-06
6.1569e-07 1.2589e-06
6.1569e-07 1.2523e-06
6.1569e-07 1.2456e-06
6.1569e-07 1.2389e-06
6.1569e-07 1.2323e-06
6.1569e-07 1.2256e-06
6.1569e-07 1.2190e-06
6.1569e-07 1.2123e-06
6.1569e-07 1.2056e-06
6.1569e-07 1.1990e-06
6.1569e-07 1.1923e-06
6.1569e-07 1.1857e-06
6.1569e-07 1.1790e-06
6.1569e-07 1.1723e-06
6.1569e-07 1.1657e-06
6.1569e-07 1.1590e-06
6.1569e-07 1.1524e-06
6.1569e-07 1.1457e-06
6.1569e-07 1.1390e-06
6.1569e-07 1.1324e-06
6.1569e-07 1.1257e-06
6.1569e-07 1.1190e-06
6.1569e-07 1.1124e-06
6.1569e-07 1.1057e-06
6.1569e-07 1.0991e-06
6.1569e-07 1.0924e-06
6.1569e-07 1.0857e-06
6.1569e-07 1.0791e-06
6.1569e-07 1.0724e-06
6.1569e-07 1.0658e-06
6.1569e-07 1.0591e-06
6.1569e-07 1.0524e-06
6.1569e-07 1.0458e-06
6.1569e-07 1.0391e-06
6.1569e-07 1.0325e-06
6.1569e-07 1.0258e-06
6.1569e-07 1.0191e-06
6.1569e-07 1.0125e-06
6.1569e-07 1.0058e-06
6.1569e-07 9.9915e-07
6.1569e-07 9.9249e-07
6.1569e-07 9.8583e-07
6.1569e-07 9.7917e-07
6.1569e-07 9.7251e-07
6.1569e-07 9.6585e-07
6.1569e-07 9.5919e-07
6.1569e-07 9.5252e-07
6.1569e-07 9.4586e-07
6.1569e-07 9.3920e-07
6.1569e-07 9.3254e-07
6.1569e-07 9.2588e-07
6.1569e-07 9.1922e-07
6.1569e-07 9.1256e-07
6.1569e-07 9.0590e-07
6.1569e-07 8.9924e-07
6.1569e-07 8.9258e-07
6.1569e-07 8.8591e-07
6.1569e-07 8.7925e-07
6.1569e-07 8.7259e-07
6.1569e-07 8.6593e-07
6.1569e-07 8.5927e-07
6.1569e-07 8.5261e-07
6.1569e-07 8.4595e-07
6.1569e-07 8.3929e-07
6.1569e-07 8.3263e-07
6.1569e-07 8.2597e-07
6.1569e-07 8.1930e-07
6.1569e-07 8.1264e-07
6.1569e-07 8.0598e-07
6.1569e-07 7.9932e-07
6.1569e-07 7.9266e-07
6.1569e-07 7.8600e-07
6.1569e-07 7.7934e-07
6.1569e-07 7.7268e-07
6.1569e-07 7.6602e-07
6.1569e-07 7.5936e-07
6.1569e-07 7.5269e-07
6.1569e-07 7.4603e-07
6.1569e-07 7.3937e-07
6.1569e-07 7.3271e-07
6.1569e-07 7.2605e-07
6.1569e-07 7.1939e-07
6.1569e-07 7.1273e-07
6.1569e-07 7.0607e-07
6.1569e-07 6.9941e-07
6.1569e-07 6.9275e-07
6.1569e-07 6.8608e-07
6.1569e-07 6.7942e-07
6.1569e-07 6.7276e-07
6.1569e-07 6.6610e-07
6.1569e-07 6.5944e-07
6.1569e-07 6.5278e-07
6.1569e-07 6.4612e-07
6.1569e-07 6.3946e-07
6.1569e-07 6.3280e-07
6.1569e-07 6.2613e-07
6.1569e-07 6.1947e-07
6.1569e-07 6.1281e-07
6.1569e-07 6.0615e-07
6.1569e-07 5.9949e-07
6.1569e-07 5.9283e-07
6.1569e-07 5.8617e-07
6.1569e-07 5.7951e-07
6.1569e-07 5.7285e-07
6.1569e-07 5.6619e-07
6.1569e-07 5.5952e-07
6.1569e-07 5.5286e-07
6.1569e-07 5.4620e-07
6.1569e-07 5.3954e-07
6.1569e-07 5.3288e-07
6.1569e-07 5.2622e-07
6.1569e-07 5.1956e-07
6.1569e-07 5.1290e-07
6.1569e-07 5.0624e-07
6.1569e-07 4.9958e-07
6.1569e-07 4.9291e-07
6.1569e-07 4.8625e-07
6.1569e-07 4.7959e-07
6.1569e-07 4.7293e-07
6.1569e-07 4.6627e-07
6.1569e-07 4.5961e-07
6.1569e-07 4.5295e-07
6.1569e-07 4.4629e-07
6.1569e-07 4.3963e-07
6.1569e-07 4.3297e-07
6.1569e-07 4.2630e-07
6.1569e-07 4.1964e-07
6.1569e-07 4.1298e-07
6.1569e-07 4.0632e-07
6.1569e-07 3.9966e-07
6.1569e-07 3.9300e-07
6.1569e-07 3.8634e-07
6.1569e-07 3.7968e-07
6.1569e-07 3.7302e-07
6.1569e-07 3.6636e-07
6.1569e-07 3.5969e-07
6.1569e-07 3.5303e-07
6.1569e-07 3.4637e-07
6.1569e-07 3.3971e-07
6.1569e-07 3.3305e-07
6.1569e-07 3.2639e-07
6.1569e-07 3.1973e-07
6.1569e-07 3.1307e-07
6.1569e-07 3.0641e-07
6.1569e-07 2.9975e-07
6.1569e-07 2.9308e-07
6.1569e-07 2.8642e-07
6.1569e-07 2.7976e-07
6.1569e-07 2.7310e-07
6.1569e-07 2.6644e-07
6.1569e-07 2.5978e-07
6.1569e-07 2.5312e-07
6.1569e-07 2.4646e-07
6.1569e-07 2.3980e-07
6.1569e-07 2.3314e-07
6.1569e-07 2.2647e-07
6.1569e-07 2.1981e-07
6.1569e-07 2.1315e-07
6.1569e-07 2.0649e-07
6.1569e-07 1.9983e-07
6.1569e-07 1.9317e-07
6.1569e-07 1.8651e-07
6.1569e-07 1.7985e-07
6.1569e-07 1.7319e-07
6.1569e-07 1.6653e-07
6.1569e-07 1.5986e-07
6.1569e-07 1.5320e-07
6.1569e-07 1.4654e-07
6.1569e-07 1.3988e-07
6.1569e-07 1.3322e-07
6.1569e-07 1.2656e-07
6.1569e-07 1.1990e-07
6.1569e-07 1.1324e-07
6.1569e-07 1.0658e-07
6.1569e-07 9.9915e-08
6.1569e-07 9.3254e-08
6.1569e-07 8.6593e-08
6.1569e-07 7.9932e-08
6.1569e-07 7.3271e-08
6.1569e-07 6.6610e-08
6.1569e-07 5.9949e-08
6.1569e-07 5.3288e-08
6.1569e-07 4.6627e-08
6.1569e-07 3.9966e-08
6.1569e-07 3.3305e-08
6.1569e-07 2.6644e-08
6.1569e-07 1.9983e-08
6.1569e-07 1.3322e-08
6.1569e-07 6.6610e-09
6.1270e-07 -7.1269e-09
5.9892e-07 -1.0000e-08
5.9215e-07 -1.0000e-08
5.8538e-07 -1.0000e-08
5.7862e-07 -1.0000e-08
5.7185e-07 -1.0000e-08
5.6508e-07 -1.0000e-08
5.5831e-07 -1.0000e-08
5.5155e-07 -1.0000e-08
5.4478e-07 -1.0000e-08
5.3801e-07 -1.0000e-08
5.3124e-07 -1.0000e-08
5.2448e-07 -1.0000e-08
5.1771e-07 -1.0000e-08
5.1094e-07 -1.0000e-08
5.0417e-07 -1.0000e-08
4.9741e-07 -1.0000e-08
4.9064e-07 -1.0000e-08
4.8387e-07 -1.0000e-08
4.7710e-07 -1.0000e-08
4.7034e-07 -1.0000e-08
4.6357e-07 -1.0000e-08
4.5680e-07 -1.0000e-08
4.5003e-07 -1.0000e-08
4.4327e-07 -1.0000e-08
4.3650e-07 -1.0000e-08
4.2973e-07 -1.0000e-08
4.2296e-07 -1.0000e-08
4.1620e-07 -1.0000e-08
4.0943e-07 -1.0000e-08
4.0266e-07 -1.0000e-08
3.9590e-07 -1.0000e-08
3.8913e-07 -1.0000e-08
3.8236e-07 -1.0000e-08
3.7559e-07 -1.0000e-08
3.6883e-07 -1.0000e-08
3.6206e-07 -1.0000e-08
3.5529e-07 -1.0000e-08
3.4852e-07 -1.0000e-08
3.4176e-07 -1.0000e-08
3.3499e-07 -1.0000e-08
3.2822e-07 -1.0000e-08
3.2145e-07 -1.0000e-08
3.1469e-07 -1.0000e-08
3.0792e-07 -1.0000e-08
3.0115e-07 -1.0000e-08
2.9438e-07 -1.0000e-08
2.8762e-07 -1.0000e-08
2.8085e-07 -1.0000e-08
2.7408e-07 -1.0000e-08
2.6731e-07 -1.0000e-08
2.6055e-07 -1.0000e-08
2.5378e-07 -1.0000e-08
2.4701e-07 -1.0000e-08
2.4024e-07 -1.0000e-08
2.3348e-07 -1.0000e-08
2.2671e-07 -1.0000e-08
2.1994e-07 -1.0000e-08
2.1317e-07 -1.0000e-08
1.9938e-07 -7.1107e-09
1.9641e-07 6.6917e-09
1.9641e-07 1.3383e-08
1.9641e-07 2.0075e-08
1.9641e-07 2.6767e-08
1.9641e-07 3.3459e-08
1.9641e-07 4.0150e-08
1.9641e-07 4.6842e-08
1.9641e-07 5.3534e-08
1.9641e-07 6.0226e-08
1.9641e-07 6.6917e-08
1.9641e-07 7.3609e-08
1.9641e-07 8.0301e-08
1.9641e-07 8.6993e-08
1.9641e-07 9.3684e-08
1.9641e-07 1.0038e-07
1.9641e-07 1.0707e-07
1.9641e-07 1.1376e-07
1.9641e-07 1.2045e-07
1.9641e-07 1.2714e-07
1.9641e-07 1.3383e-07
1.9641e-07 1.4053e-07
1.9641e-07 1.4722e-07
1.9641e-07 1.5391e-07
1.9641e-07 1.6060e-07
1.9641e-07 1.6729e-07
1.9641e-07 1.7399e-07
1.9641e-07 1.8068e-07
1.9641e-07 1.8737e-07
1.9641e-07 1.9406e-07
1.9641e-07 2.0075e-07
1.9641e-07 2.0744e-07
1.9641e-07 2.1414e-07
1.9641e-07 2.2083e-07
1.9641e-07 2.2752e-07
1.9641e-07 2.3421e-07
1.9641e-07 2.4090e-07
1.9641e-07 2.4759e-07
1.9641e-07 2.5429e-07
1.9641e-07 2.6098e-07
1.9641e-07 2.6767e-07
1.9641e-07 2.7436e-07
1.9641e-07 2.8105e-07
1.9641e-07 2.8774e-07
1.9641e-07 2.9444e-07
1.9641e-07 3.0113e-07
1.9641e-07 3.0782e-07
1.9641e-07 3.1451e-07
1.9641e-07 3.2120e-07
1.9641e-07 3.2790e-07
1.9641e-07 3.3459e-07
1.9641e-07 3.4128e-07
1.9641e-07 3.4797e-07
1.9641e-07 3.5466e-07
1.9641e-07 3.6135e-07
1.9641e-07 3.6805e-07
1.9641e-07 3.7474e-07
1.9641e-07 3.8143e-07
1.9641e-07 3.8812e-07
1.9641e-07 3.9481e-07
1.9641e-07 4.0150e-07
1.9641e-07 4.0820e-07
1.9641e-07 4.1489e-07
1.9641e-07 4.2158e-07
1.9641e-07 4.2827e-07
1.9641e-07 4.3496e-07
1.9641e-07 4.4165e-07
1.9641e-07 4.4835e-07
1.9641e-07 4.5504e-07
1.9641e-07 4.6173e-07
1.9641e-07 4.6842e-07
1.9641e-07 4.7511e-07
1.9641e-07 4.8181e-07
1.9641e-07 4.8850e-07
1.9641e-07 4.9519e-07
1.9641e-07 5.0188e-07
1.9641e-07 5.0857e-07
1.9641e-07 5.1526e-07
1.9641e-07 5.2196e-07
1.9641e-07 5.2865e-07
1.9641e-07 5.3534e-07
1.9641e-07 5.4203e-07
1.9641e-07 5.4872e-07
1.9641e-07 5.5541e-07
1.9641e-07 5.6211e-07
1.9641e-07 5.6880e-07
1.9641e-07 5.7549e-07
1.9641e-07 5.8218e-07
1.9641e-07 5.8887e-07
1.9641e-07 5.9556e-07
1.9641e-07 6.0226e-07
1.9641e-07 6.0895e-07
1.9641e-07 6.1564e-07
1.9641e-07 6.2233e-07
1.9641e-07 6.2902e-07
1.9641e-07 6.3571e-07
1.9641e-07 6.4241e-07
1.9641e-07 6.4910e-07
1.9641e-07 6.5579e-07
1.9641e-07 6.6248e-07
1.9641e-07 6.6917e-07
1.9641e-07 6.7587e-07
1.9641e-07 6.8256e-07
1.9641e-07 6.8925e-07
1.9641e-07 6.9594e-07
1.9641e-07 7.0263e-07
1.9641e-07 7.0932e-07
1.9641e-07 7.1602e-07
1.9641e-07 7.2271e-07
1.9641e-07 7.2940e-07
1.9641e-07 7.3609e-07
1.9641e-07 7.4278e-07
1.9641e-07 7.4947e-07
1.9641e-07 7.5617e-07
1.9641e-07 7.6286e-07
1.9641e-07 7.6955e-07
1.9641e-07 7.7624e-07
1.9641e-07 7.8293e-07
1.9641e-07 7.8962e-07
1.9641e-07 7.9632e-07
1.9641e-07 8.0301e-07
1.9641e-07 8.0970e-07
1.9641e-07 8.1639e-07
1.9641e-07 8.2308e-07
1.9641e-07 8.2978e-07
1.9641e-07 8.3647e-07
1.9641e-07 8.4316e-07
1.9641e-07 8.4985e-07
1.9641e-07 8.5654e-07
1.9641e-07 8.6323e-07
1.9641e-07 8.6993e-07
1.9641e-07 8.7662e-07
1.9641e-07 8.8331e-07
1.9641e-07 8.9000e-07
1.9641e-07 8.9669e-07
1.9641e-07 9.0338e-07
1.9641e-07 9.1008e-07
1.9641e-07 9.1677e-07
1.9641e-07 9.2346e-07
1.9641e-07 9.3015e-07
1.9641e-07 9.3684e-07
1.9641e-07 9.4353e-07
1.9641e-07 9.5023e-07
1.9641e-07 9.5692e-07
1.9641e-07 9.6361e-07
1.9641e-07 9.7030e-07
1.9641e-07 9.7699e-07
1.9641e-07 9.8369e-07
1.9641e-07 9.9038e-07
1.9641e-07 9.9707e-07
1.9641e-07 1.0038e-06
1.9641e-07 1.0105e-06
1.9641e-07 1.0171e-06
1.9641e-07 1.0238e-06
1.9641e-07 1.0305e-06
1.9641e-07 1.0372e-06
1.9641e-07 1.0439e-06
1.9641e-07 1.0506e-06
1.9641e-07 1.0573e-06
1.9641e-07 1.0640e-06
1.9641e-07 1.0707e-06
1.9641e-07 1.0774e-06
1.9641e-07 1.0841e-06
1.9641e-07 1.0908e-06
1.9641e-07 1.0974e-06
1.9641e-07 1.1041e-06
1.9641e-07 1.1108e-06
1.9641e-07 1.1175e-06
1.9641e-07 1.1242e-06
1.9641e-07 1.1309e-06
1.9641e-07 1.1376e-06
1.9641e-07 1.1443e-06
1.9641e-07 1.1510e-06
1.9641e-07 1.1577e-06
1.9641e-07 1.1644e-06
1.9641e-07 1.1711e-06
1.9641e-07 1.1777e-06
1.9641e-07 1.1844e-06
1.9641e-07 1.1911e-06
1.9641e-07 1.1978e-06
1.9641e-07 1.2045e-06
1.9641e-07 1.2112e-06
1.9641e-07 1.2179e-06
1.9641e-07 1.2246e-06
1.9641e-07 1.2313e-06
1.9641e-07 1.2380e-06
1.9641e-07 1.2447e-06
1.9641e-07 1.2514e-06
1.9641e-07 1.2580e-06
1.9641e-07 1.2647e-06
1.9641e-07 1.2714e-06
1.9641e-07 1.2781e-06
1.9641e-07 1.2848e-06
1.9641e-07 1.2915e-06
1.9641e-07 1.2982e-06
1.9641e-07 1.3049e-06
1.9641e-07 1.3116e-06
1.9641e-07 1.3183e-06
1.9641e-07 1.3250e-06
1.9641e-07 1.3317e-06
1.9641e-07 1.3383e-06
1.9641e-07 1.3450e-06
1.9641e-07 1.3517e-06
1.9641e-07 1.3584e-06
1.9641e-07 1.3651e-06
1.9641e-07 1.3718e-06
1.9641e-07 1.3785e-06
1.9641e-07 1.3852e-06
1.9641e-07 1.3919e-06
1.9641e-07 1.3986e-06
1.9641e-07 1.4053e-06
1.9641e-07 1.4120e-06
1.9641e-07 1.4186e-06
1.9641e-07 1.4253e-06
1.9641e-07 1.4320e-06
1.9641e-07 1.4387e-06
1.9641e-07 1.4454e-06
1.9641e-07 1.4521e-06
1.9641e-07 1.4588e-06
1.9641e-07 1.4655e-06
1.9641e-07 1.4722e-06
1.9641e-07 1.4789e-06
1.9641e-07 1.4856e-06
1.9641e-07 1.4923e-06
2.1631e-07 1.4976e-06
