-1.0184e-06 1.5085e-06
-1.0040e-06 1.5103e-06
-9.9736e-07 1.5097e-06
-9.9079e-07 1.5092e-06
-9.8417e-07 1.5088e-06
-9.7750e-07 1.5085e-06
-9.7079e-07 1.5083e-06
-9.6412e-07 1.5081e-06
-9.5755e-07 1.5080e-06
-9.5112e-07 1.5080e-06
-9.4473e-07 1.5084e-06
-9.3833e-07 1.5089e-06
-9.3185e-07 1.5097e-06
-9.2511e-07 1.5107e-06
-9.1802e-07 1.5116e-06
-9.1081e-07 1.5122e-06
-9.0381e-07 1.5124e-06
-8.9691e-07 1.5126e-06
-8.9006e-07 1.5127e-06
-8.8335e-07 1.5128e-06
-8.7656e-07 1.5130e-06
-8.6966e-07 1.5131e-06
-8.6269e-07 1.5131e-06
-8.5565e-07 1.5129e-06
-8.4861e-07 1.5125e-06
-8.4157e-07 1.5119e-06
-8.3471e-07 1.5111e-06
-8.2801e-07 1.5104e-06
-8.2146e-07 1.5098e-06
-8.1483e-07 1.5094e-06
-8.0799e-07 1.5089e-06
-8.0115e-07 1.5084e-06
-7.9442e-07 1.5078e-06
-7.8779e-07 1.5074e-06
-7.8119e-07 1.5070e-06
-7.7450e-07 1.5068e-06
-7.6786e-07 1.5065e-06
-7.6125e-07 1.5065e-06
-7.5457e-07 1.5064e-06
-7.4793e-07 1.5065e-06
-7.4133e-07 1.5066e-06
-7.3467e-07 1.5069e-06
-7.2796e-07 1.5071e-06
-7.2121e-07 1.5075e-06
-7.1438e-07 1.5078e-06
-7.0762e-07 1.5080e-06
-7.0078e-07 1.5083e-06
-6.9374e-07 1.5085e-06
-6.8667e-07 1.5085e-06
-6.7977e-07 1.5082e-06
-6.7309e-07 1.5080e-06
-6.6651e-07 1.5078e-06
-6.5986e-07 1.5079e-06
-6.5316e-07 1.5079e-06
-6.4642e-07 1.5080e-06
-6.3960e-07 1.5081e-06
-6.3275e-07 1.5081e-06
-6.2596e-07 1.5081e-06
-6.1930e-07 1.5081e-06
-6.1269e-07 1.5082e-06
-6.0603e-07 1.5084e-06
-5.9940e-07 1.5086e-06
-5.9284e-07 1.5090e-06
-5.8617e-07 1.5095e-06
-5.7940e-07 1.5101e-06
-5.7266e-07 1.5106e-06
-5.6584e-07 1.5112e-06
-5.5893e-07 1.5116e-06
-5.5207e-07 1.5120e-06
-5.4535e-07 1.5123e-06
-5.3872e-07 1.5128e-06
-5.3192e-07 1.5133e-06
-5.2486e-07 1.5137e-06
-5.1776e-07 1.5138e-06
-5.1073e-07 1.5138e-06
-5.0367e-07 1.5135e-06
-4.9666e-07 1.5131e-06
-4.8981e-07 1.5125e-06
-4.8281e-07 1.5119e-06
-4.7566e-07 1.5110e-06
-4.6871e-07 1.5099e-06
-4.6211e-07 1.5088e-06
-4.5572e-07 1.5079e-06
-4.4932e-07 1.5074e-06
-4.4292e-07 1.5070e-06
-4.3635e-07 1.5069e-06
-4.2958e-07 1.5068e-06
-4.2301e-07 1.5067e-06
-4.1666e-07 1.5069e-06
-4.1031e-07 1.5073e-06
-4.0393e-07 1.5080e-06
-3.9723e-07 1.5090e-06
-3.9013e-07 1.5098e-06
-3.8296e-07 1.5104e-06
-3.7593e-07 1.5107e-06
-3.6902e-07 1.5109e-06
-3.6200e-07 1.5110e-06
-3.5495e-07 1.5108e-06
-3.4801e-07 1.5105e-06
-3.4108e-07 1.5101e-06
-3.3421e-07 1.5095e-06
-3.2756e-07 1.5090e-06
-3.2101e-07 1.5087e-06
-3.1436e-07 1.5084e-06
-3.0770e-07 1.5082e-06
-3.0107e-07 1.5082e-06
-2.9435e-07 1.5081e-06
-2.8765e-07 1.5081e-06
-2.8106e-07 1.5082e-06
-2.7443e-07 1.5084e-06
-2.6783e-07 1.5086e-06
-2.6126e-07 1.5091e-06
-2.5453e-07 1.5096e-06
-2.4770e-07 1.5101e-06
-2.4080e-07 1.5105e-06
-2.3389e-07 1.5109e-06
-2.2718e-07 1.5111e-06
-2.2062e-07 1.5115e-06
-2.1390e-07 1.5120e-06
-2.0709e-07 1.5125e-06
-2.0028e-07 1.5129e-06
-1.9325e-07 1.5134e-06
-1.8627e-07 1.5135e-06
-1.7945e-07 1.5136e-06
-1.7264e-07 1.5136e-06
-1.6577e-07 1.5137e-06
-1.5877e-07 1.5136e-06
-1.5176e-07 1.5133e-06
-1.4495e-07 1.5129e-06
-1.3843e-07 1.5126e-06
-1.3193e-07 1.5125e-06
-1.2522e-07 1.5125e-06
-1.1838e-07 1.5125e-06
-1.1141e-07 1.5124e-06
-1.0439e-07 1.5122e-06
-9.7446e-08 1.5117e-06
-9.0570e-08 1.5112e-06
-8.3762e-08 1.5107e-06
-7.7156e-08 1.5101e-06
-7.0587e-08 1.5098e-06
-6.3939e-08 1.5095e-06
-5.7321e-08 1.5093e-06
-5.0800e-08 1.5092e-06
-4.4263e-08 1.5094e-06
-3.7600e-08 1.5096e-06
-3.0798e-08 1.5099e-06
-2.3898e-08 1.5101e-06
-1.6953e-08 1.5102e-06
-9.9231e-09 1.5101e-06
-2.9694e-09 1.5098e-06
3.7662e-09 1.5095e-06
1.0430e-08 1.5093e-06
1.7126e-08 1.5092e-06
2.3809e-08 1.5091e-06
3.0445e-08 1.5090e-06
3.6958e-08 1.5091e-06
4.3358e-08 1.5093e-06
4.9680e-08 1.5099e-06
5.5920e-08 1.5107e-06
6.2290e-08 1.5119e-06
6.8838e-08 1.5133e-06
7.5443e-08 1.5149e-06
8.2180e-08 1.5166e-06
8.9106e-08 1.5183e-06
9.6206e-08 1.5199e-06
1.0344e-07 1.5211e-06
1.1054e-07 1.5220e-06
1.1750e-07 1.5227e-06
1.2440e-07 1.5233e-06
1.3130e-07 1.5238e-06
1.3823e-07 1.5242e-06
1.4513e-07 1.5245e-06
1.5210e-07 1.5247e-06
1.5930e-07 1.5247e-06
1.6658e-07 1.5243e-06
1.7371e-07 1.5236e-06
1.8074e-07 1.5227e-06
1.8773e-07 1.5216e-06
1.9470e-07 1.5204e-06
2.0157e-07 1.5191e-06
2.0815e-07 1.5177e-06
2.1453e-07 1.5167e-06
2.2099e-07 1.5160e-06
2.2764e-07 1.5154e-06
2.3439e-07 1.5147e-06
2.4116e-07 1.5141e-06
2.4790e-07 1.5135e-06
2.5461e-07 1.5129e-06
2.6130e-07 1.5124e-06
2.6799e-07 1.5119e-06
2.7480e-07 1.5115e-06
2.8170e-07 1.5109e-06
2.8861e-07 1.5103e-06
2.9545e-07 1.5096e-06
3.0213e-07 1.5088e-06
3.0856e-07 1.5083e-06
3.1497e-07 1.5080e-06
3.2170e-07 1.5079e-06
3.2866e-07 1.5077e-06
3.3557e-07 1.5073e-06
3.4245e-07 1.5069e-06
3.4931e-07 1.5063e-06
3.5599e-07 1.5058e-06
3.6251e-07 1.5054e-06
3.6882e-07 1.5052e-06
3.7503e-07 1.5054e-06
3.8152e-07 1.5059e-06
3.8827e-07 1.5065e-06
3.9516e-07 1.5071e-06
4.0192e-07 1.5075e-06
4.0858e-07 1.5081e-06
4.1543e-07 1.5087e-06
4.2246e-07 1.5092e-06
4.2945e-07 1.5094e-06
4.3643e-07 1.5095e-06
4.4341e-07 1.5095e-06
4.5022e-07 1.5094e-06
4.5692e-07 1.5092e-06
4.6361e-07 1.5092e-06
4.7027e-07 1.5092e-06
4.7696e-07 1.5093e-06
4.8372e-07 1.5094e-06
4.9065e-07 1.5095e-06
4.9770e-07 1.5094e-06
5.0470e-07 1.5091e-06
5.1157e-07 1.5086e-06
5.1822e-07 1.5082e-06
5.2471e-07 1.5080e-06
5.3116e-07 1.5079e-06
5.3753e-07 1.5081e-06
5.4400e-07 1.5085e-06
5.5076e-07 1.5091e-06
5.5771e-07 1.5096e-06
5.6470e-07 1.5099e-06
5.7154e-07 1.5101e-06
5.7828e-07 1.5104e-06
5.8506e-07 1.5106e-06
5.9195e-07 1.5108e-06
5.9889e-07 1.5109e-06
6.0563e-07 1.5108e-06
6.1215e-07 1.5109e-06
6.1886e-07 1.5112e-06
6.2581e-07 1.5114e-06
6.3276e-07 1.5115e-06
6.3972e-07 1.5114e-06
6.4671e-07 1.5112e-06
6.5365e-07 1.5109e-06
6.6040e-07 1.5104e-06
6.6699e-07 1.5101e-06
6.7367e-07 1.5099e-06
6.8037e-07 1.5097e-06
6.8706e-07 1.5095e-06
6.9377e-07 1.5095e-06
7.0037e-07 1.5094e-06
7.0686e-07 1.5095e-06
7.1333e-07 1.5098e-06
7.1991e-07 1.5104e-06
7.2673e-07 1.5109e-06
7.3357e-07 1.5114e-06
7.4028e-07 1.5119e-06
7.4690e-07 1.5124e-06
7.5342e-07 1.5131e-06
7.5997e-07 1.5139e-06
7.6674e-07 1.5149e-06
7.7383e-07 1.5158e-06
7.8108e-07 1.5164e-06
7.8824e-07 1.5166e-06
7.9523e-07 1.5167e-06
8.0206e-07 1.5166e-06
8.0893e-07 1.5165e-06
8.1587e-07 1.5163e-06
8.2267e-07 1.5160e-06
8.2940e-07 1.5157e-06
8.3617e-07 1.5154e-06
8.4298e-07 1.5152e-06
8.4973e-07 1.5148e-06
8.5639e-07 1.5146e-06
8.6303e-07 1.5144e-06
8.6964e-07 1.5144e-06
8.7626e-07 1.5144e-06
8.8301e-07 1.5145e-06
8.8995e-07 1.5146e-06
8.9698e-07 1.5145e-06
9.0404e-07 1.5142e-06
9.1114e-07 1.5136e-06
9.1810e-07 1.5129e-06
9.2479e-07 1.5121e-06
9.3134e-07 1.5115e-06
9.3781e-07 1.5111e-06
9.4426e-07 1.5108e-06
9.5071e-07 1.5108e-06
9.5719e-07 1.5110e-06
9.6375e-07 1.5113e-06
9.7053e-07 1.5118e-06
9.7745e-07 1.5122e-06
9.8453e-07 1.5124e-06
9.9177e-07 1.5123e-06
9.9892e-07 1.5119e-06
1.0059e-06 1.5113e-06
1.0191e-06 1.5074e-06
1.0217e-06 1.4940e-06
1.0217e-06 1.4873e-06
1.0217e-06 1.4806e-06
1.0217e-06 1.4740e-06
1.0217e-06 1.4673e-06
1.0217e-06 1.4606e-06
1.0217e-06 1.4540e-06
1.0217e-06 1.4473e-06
1.0217e-06 1.4406e-06
1.0217e-06 1.4339e-06
1.0217e-06 1.4273e-06
1.0217e-06 1.4206e-06
1.0217e-06 1.4139e-06
1.0217e-06 1.4073e-06
1.0217e-06 1.4006e-06
1.0217e-06 1.3939e-06
1.0217e-06 1.3873e-06
1.0217e-06 1.3806e-06
1.0217e-06 1.3739e-06
1.0217e-06 1.3673e-06
1.0217e-06 1.3606e-06
1.0217e-06 1.3539e-06
1.0217e-06 1.3472e-06
1.0217e-06 1.3406e-06
1.0217e-06 1.3339e-06
1.0217e-06 1.3272e-06
1.0217e-06 1.3206e-06
1.0217e-06 1.3139e-06
1.0217e-06 1.3072e-06
1.0217e-06 1.3006e-06
1.0217e-06 1.2939e-06
1.0217e-06 1.2872e-06
1.0217e-06 1.2805e-06
1.0217e-06 1.2739e-06
1.0217e-06 1.2672e-06
1.0217e-06 1.2605e-06
1.0217e-06 1.2539e-06
1.0217e-06 1.2472e-06
1.0217e-06 1.2405e-06
1.0217e-06 1.2339e-06
1.0217e-06 1.2272e-06
1.0217e-06 1.2205e-06
1.0217e-06 1.2139e-06
1.0217e-06 1.2072e-06
1.0217e-06 1.2005e-06
1.0217e-06 1.1938e-06
1.0217e-06 1.1872e-06
1.0217e-06 1.1805e-06
1.0217e-06 1.1738e-06
1.0217e-06 1.1672e-06
1.0217e-06 1.1605e-06
1.0217e-06 1.1538e-06
1.0217e-06 1.1472e-06
1.0217e-06 1.1405e-06
1.0217e-06 1.1338e-06
1.0217e-06 1.1272e-06
1.0217e-06 1.1205e-06
1.0217e-06 1.1138e-06
1.0217e-06 1.1071e-06
1.0217e-06 1.1005e-06
1.0217e-06 1.0938e-06
1.0217e-06 1.0871e-06
1.0217e-06 1.0805e-06
1.0217e-06 1.0738e-06
1.0217e-06 1.0671e-06
1.0217e-06 1.0605e-06
1.0217e-06 1.0538e-06
1.0217e-06 1.0471e-06
1.0217e-06 1.0404e-06
1.0217e-06 1.0338e-06
1.0217e-06 1.0271e-06
1.0217e-06 1.0204e-06
1.0217e-06 1.0138e-06
1.0217e-06 1.0071e-06
1.0217e-06 1.0004e-06
1.0217e-06 9.9376e-07
1.0217e-06 9.8709e-07
1.0217e-06 9.8042e-07
1.0217e-06 9.7375e-07
1.0217e-06 9.6708e-07
1.0217e-06 9.6041e-07
1.0217e-06 9.5374e-07
1.0217e-06 9.4707e-07
1.0217e-06 9.4040e-07
1.0217e-06 9.3373e-07
1.0217e-06 9.2706e-07
1.0217e-06 9.2039e-07
1.0217e-06 9.1373e-07
1.0217e-06 9.0706e-07
1.0217e-06 9.0039e-07
1.0217e-06 8.9372e-07
1.0217e-06 8.8705e-07
1.0217e-06 8.8038e-07
1.0217e-06 8.7371e-07
1.0217e-06 8.6704e-07
1.0217e-06 8.6037e-07
1.0217e-06 8.5370e-07
1.0217e-06 8.4703e-07
1.0217e-06 8.4036e-07
1.0217e-06 8.3369e-07
1.0217e-06 8.2702e-07
1.0217e-06 8.2035e-07
1.0217e-06 8.1368e-07
1.0217e-06 8.0701e-07
1.0217e-06 8.0034e-07
1.0217e-06 7.9367e-07
1.0217e-06 7.8700e-07
1.0217e-06 7.8033e-07
1.0217e-06 7.7367e-07
1.0217e-06 7.6700e-07
1.0217e-06 7.6033e-07
1.0217e-06 7.5366e-07
1.0217e-06 7.4699e-07
1.0217e-06 7.4032e-07
1.0217e-06 7.3365e-07
1.0217e-06 7.2698e-07
1.0217e-06 7.2031e-07
1.0217e-06 7.1364e-07
1.0217e-06 7.0697e-07
1.0217e-06 7.0030e-07
1.0217e-06 6.9363e-07
1.0217e-06 6.8696e-07
1.0217e-06 6.8029e-07
1.0217e-06 6.7362e-07
1.0217e-06 6.6695e-07
1.0217e-06 6.6028e-07
1.0217e-06 6.5361e-07
1.0217e-06 6.4694e-07
1.0217e-06 6.4027e-07
1.0217e-06 6.3361e-07
1.0217e-06 6.2694e-07
1.0217e-06 6.2027e-07
1.0217e-06 6.1360e-07
1.0217e-06 6.0693e-07
1.0217e-06 6.0026e-07
1.0217e-06 5.9359e-07
1.0217e-06 5.8692e-07
1.0217e-06 5.8025e-07
1.0217e-06 5.7358e-07
1.0217e-06 5.6691e-07
1.0217e-06 5.6024e-07
1.0217e-06 5.5357e-07
1.0217e-06 5.4690e-07
1.0217e-06 5.4023e-07
1.0217e-06 5.3356e-07
1.0217e-06 5.2689e-07
1.0217e-06 5.2022e-07
1.0217e-06 5.1355e-07
1.0217e-06 5.0688e-07
1.0217e-06 5.0021e-07
1.0217e-06 4.9355e-07
1.0217e-06 4.8688e-07
1.0217e-06 4.8021e-07
1.0217e-06 4.7354e-07
1.0217e-06 4.6687e-07
1.0217e-06 4.6020e-07
1.0217e-06 4.5353e-07
1.0217e-06 4.4686e-07
1.0217e-06 4.4019e-07
1.0217e-06 4.3352e-07
1.0217e-06 4.2685e-07
1.0217e-06 4.2018e-07
1.0217e-06 4.1351e-07
1.0217e-06 4.0684e-07
1.0217e-06 4.0017e-07
1.0217e-06 3.9350e-07
1.0217e-06 3.8683e-07
1.0217e-06 3.8016e-07
1.0217e-06 3.7349e-07
1.0217e-06 3.6682e-07
1.0217e-06 3.6015e-07
1.0217e-06 3.5348e-07
1.0217e-06 3.4682e-07
1.0217e-06 3.4015e-07
1.0217e-06 3.3348e-07
1.0217e-06 3.2681e-07
1.0217e-06 3.2014e-07
1.0217e-06 3.1347e-07
1.0217e-06 3.0680e-07
1.0217e-06 3.0013e-07
1.0217e-06 2.9346e-07
1.0217e-06 2.8679e-07
1.0217e-06 2.8012e-07
1.0217e-06 2.7345e-07
1.0217e-06 2.6678e-07
1.0217e-06 2.6011e-07
1.0217e-06 2.5344e-07
1.0217e-06 2.4677e-07
1.0217e-06 2.4010e-07
1.0217e-06 2.3343e-07
1.0217e-06 2.2676e-07
1.0217e-06 2.2009e-07
1.0217e-06 2.1342e-07
1.0217e-06 2.0676e-07
1.0217e-06 2.0009e-07
1.0217e-06 1.9342e-07
1.0217e-06 1.8675e-07
1.0217e-06 1.8008e-07
1.0217e-06 1.7341e-07
1.0217e-06 1.6674e-07
1.0217e-06 1.6007e-07
1.0217e-06 1.5340e-07
1.0217e-06 1.4673e-07
1.0217e-06 1.4006e-07
1.0217e-06 1.3339e-07
1.0217e-06 1.2672e-07
1.0217e-06 1.2005e-07
1.0217e-06 1.1338e-07
1.0217e-06 1.0671e-07
1.0217e-06 1.0004e-07
1.0217e-06 9.3373e-08
1.0217e-06 8.6704e-08
1.0217e-06 8.0034e-08
1.0217e-06 7.3365e-08
1.0217e-06 6.6695e-08
1.0217e-06 6.0026e-08
1.0217e-06 5.3356e-08
1.0217e-06 4.6687e-08
1.0217e-06 4.0017e-08
1.0217e-06 3.3348e-08
1.0217e-06 2.6678e-08
1.0217e-06 2.0009e-08
1.0217e-06 1.3339e-08
1.0217e-06 6.6695e-09
1.0188e-06 -7.1224e-09
1.0050e-06 -1.0000e-08
9.9820e-07 -1.0000e-08
9.9143e-07 -1.0000e-08
9.8466e-07 -1.0000e-08
9.7789e-07 -1.0000e-08
9.7113e-07 -1.0000e-08
9.6436e-07 -1.0000e-08
9.5759e-07 -1.0000e-08
9.5083e-07 -1.0000e-08
9.4406e-07 -1.0000e-08
9.3729e-07 -1.0000e-08
9.3052e-07 -1.0000e-08
9.2376e-07 -1.0000e-08
9.1699e-07 -1.0000e-08
9.1022e-07 -1.0000e-08
9.0345e-07 -1.0000e-08
8.9669e-07 -1.0000e-08
8.8992e-07 -1.0000e-08
8.8315e-07 -1.0000e-08
8.7638e-07 -1.0000e-08
8.6962e-07 -1.0000e-08
8.6285e-07 -1.0000e-08
8.5608e-07 -1.0000e-08
8.4931e-07 -1.0000e-08
8.4255e-07 -1.0000e-08
8.3578e-07 -1.0000e-08
8.2901e-07 -1.0000e-08
8.2224e-07 -1.0000e-08
8.1548e-07 -1.0000e-08
8.0871e-07 -1.0000e-08
8.0194e-07 -1.0000e-08
7.9517e-07 -1.0000e-08
7.8841e-07 -1.0000e-08
7.8164e-07 -1.0000e-08
7.7487e-07 -1.0000e-08
7.6810e-07 -1.0000e-08
7.6134e-07 -1.0000e-08
7.5457e-07 -1.0000e-08
7.4780e-07 -1.0000e-08
7.4103e-07 -1.0000e-08
7.3427e-07 -1.0000e-08
7.2750e-07 -1.0000e-08
7.2073e-07 -1.0000e-08
7.1396e-07 -1.0000e-08
7.0720e-07 -1.0000e-08
7.0043e-07 -1.0000e-08
6.9366e-07 -1.0000e-08
6.8690e-07 -1.0000e-08
6.8013e-07 -1.0000e-08
6.7336e-07 -1.0000e-08
6.6659e-07 -1.0000e-08
6.5983e-07 -1.0000e-08
6.5306e-07 -1.0000e-08
6.4629e-07 -1.0000e-08
6.3952e-07 -1.0000e-08
6.3276e-07 -1.0000e-08
6.2599e-07 -1.0000e-08
6.1922e-07 -1.0000e-08
6.1245e-07 -1.0000e-08
6.0569e-07 -1.0000e-08
5.9892e-07 -1.0000e-08
5.9215e-07 -1.0000e-08
5.8538e-07 -1.0000e-08
5.7862e-07 -1.0000e-08
5.7185e-07 -1.0000e-08
5.6508e-07 -1.0000e-08
5.5831e-07 -1.0000e-08
5.5155e-07 -1.0000e-08
5.4478e-07 -1.0000e-08
5.3801e-07 -1.0000e-08
5.3124e-07 -1.0000e-08
5.2448e-07 -1.0000e-08
5.1771e-07 -1.0000e-08
5.1094e-07 -1.0000e-08
5.0417e-07 -1.0000e-08
4.9741e-07 -1.0000e-08
4.9064e-07 -1.0000e-08
4.8387e-07 -1.0000e-08
4.7710e-07 -1.0000e-08
4.7034e-07 -1.0000e-08
4.6357e-07 -1.0000e-08
4.5680e-07 -1.0000e-08
4.5003e-07 -1.0000e-08
4.4327e-07 -1.0000e-08
4.3650e-07 -1.0000e-08
4.2973e-07 -1.0000e-08
4.2296e-07 -1.0000e-08
4.1620e-07 -1.0000e-08
4.0943e-07 -1.0000e-08
4.0266e-07 -1.0000e-08
3.9590e-07 -1.0000e-08
3.8913e-07 -1.0000e-08
3.8236e-07 -1.0000e-08
3.7559e-07 -1.0000e-08
3.6883e-07 -1.0000e-08
3.6206e-07 -1.0000e-08
3.5529e-07 -1.0000e-08
3.4852e-07 -1.0000e-08
3.4176e-07 -1.0000e-08
3.3499e-07 -1.0000e-08
3.2822e-07 -1.0000e-08
3.2145e-07 -1.0000e-08
3.1469e-07 -1.0000e-08
3.0792e-07 -1.0000e-08
3.0115e-07 -1.0000e-08
2.9438e-07 -1.0000e-08
2.8762e-07 -1.0000e-08
2.8085e-07 -1.0000e-08
2.7408e-07 -1.0000e-08
2.6731e-07 -1.0000e-08
2.6055e-07 -1.0000e-08
2.5378e-07 -1.0000e-08
2.4701e-07 -1.0000e-08
2.4024e-07 -1.0000e-08
2.3348e-07 -1.0000e-08
2.2671e-07 -1.0000e-08
2.1994e-07 -1.0000e-08
2.1317e-07 -1.0000e-08
2.0641e-07 -1.0000e-08
1.9964e-07 -1.0000e-08
1.9287e-07 -1.0000e-08
1.8610e-07 -1.0000e-08
1.7934e-07 -1.0000e-08
1.7257e-07 -1.0000e-08
1.6580e-07 -1.0000e-08
1.5903e-07 -1.0000e-08
1.5227e-07 -1.0000e-08
1.4550e-07 -1.0000e-08
1.3873e-07 -1.0000e-08
1.3197e-07 -1.0000e-08
1.2520e-07 -1.0000e-08
1.1843e-07 -1.0000e-08
1.1166e-07 -1.0000e-08
1.0490e-07 -1.0000e-08
9.8128e-08 -1.0000e-08
9.1360e-08 -1.0000e-08
8.4593e-08 -1.0000e-08
7.7826e-08 -1.0000e-08
7.1058e-08 -1.0000e-08
6.4291e-08 -1.0000e-08
5.7523e-08 -1.0000e-08
5.0756e-08 -1.0000e-08
4.3988e-08 -1.0000e-08
3.7221e-08 -1.0000e-08
3.0453e-08 -1.0000e-08
2.3686e-08 -1.0000e-08
1.6919e-08 -1.0000e-08
1.0151e-08 -1.0000e-08
3.3837e-09 -1.0000e-08
-3.3837e-09 -1.0000e-08
-1.0151e-08 -1.0000e-08
-1.6919e-08 -1.0000e-08
-2.3686e-08 -1.0000e-08
-3.0453e-08 -1.0000e-08
-3.7221e-08 -1.0000e-08
-4.3988e-08 -1.0000e-08
-5.0756e-08 -1.0000e-08
-5.7523e-08 -1.0000e-08
-6.4291e-08 -1.0000e-08
-7.1058e-08 -1.0000e-08
-7.7826e-08 -1.0000e-08
-8.4593e-08 -1.0000e-08
-9.1360e-08 -1.0000e-08
-9.8128e-08 -1.0000e-08
-1.0490e-07 -1.0000e-08
-1.1166e-07 -1.0000e-08
-1.1843e-07 -1.0000e-08
-1.2520e-07 -1.0000e-08
-1.3197e-07 -1.0000e-08
-1.3873e-07 -1.0000e-08
-1.4550e-07 -1.0000e-08
-1.5227e-07 -1.0000e-08
-1.5903e-07 -1.0000e-08
-1.6580e-07 -1.0000e-08
-1.7257e-07 -1.0000e-08
-1.7934e-07 -1.0000e-08
-1.8610e-07 -1.0000e-08
-1.9287e-07 -1.0000e-08
-1.9964e-07 -1.0000e-08
-2.0641e-07 -1.0000e-08
-2.1317e-07 -1.0000e-08
-2.1994e-07 -1.0000e-08
-2.2671e-07 -1.0000e-08
-2.3348e-07 -1.0000e-08
-2.4024e-07 -1.0000e-08
-2.4701e-07 -1.0000e-08
-2.5378e-07 -1.0000e-08
-2.6055e-07 -1.0000e-08
-2.6731e-07 -1.0000e-08
-2.7408e-07 -1.0000e-08
-2.8085e-07 -1.0000e-08
-2.8762e-07 -1.0000e-08
-2.9438e-07 -1.0000e-08
-3.0115e-07 -1.0000e-08
-3.0792e-07 -1.0000e-08
-3.1469e-07 -1.0000e-08
-3.2145e-07 -1.0000e-08
-3.2822e-07 -1.0000e-08
-3.3499e-07 -1.0000e-08
-3.4176e-07 -1.0000e-08
-3.4852e-07 -1.0000e-08
-3.5529e-07 -1.0000e-08
-3.6206e-07 -1.0000e-08
-3.6883e-07 -1.0000e-08
-3.7559e-07 -1.0000e-08
-3.8236e-07 -1.0000e-08
-3.8913e-07 -1.0000e-08
-3.9590e-07 -1.0000e-08
-4.0266e-07 -1.0000e-08
-4.0943e-07 -1.0000e-08
-4.1620e-07 -1.0000e-08
-4.2296e-07 -1.0000e-08
-4.2973e-07 -1.0000e-08
-4.3650e-07 -1.0000e-08
-4.4327e-07 -1.0000e-08
-4.5003e-07 -1.0000e-08
-4.5680e-07 -1.0000e-08
-4.6357e-07 -1.0000e-08
-4.7034e-07 -1.0000e-08
-4.7710e-07 -1.0000e-08
-4.8387e-07 -1.0000e-08
-4.9064e-07 -1.0000e-08
-4.9741e-07 -1.0000e-08
-5.0417e-07 -1.0000e-08
-5.1094e-07 -1.0000e-08
-5.1771e-07 -1.0000e-08
-5.2448e-07 -1.0000e-08
-5.3124e-07 -1.0000e-08
-5.3801e-07 -1.0000e-08
-5.4478e-07 -1.0000e-08
-5.5155e-07 -1.0000e-08
-5.5831e-07 -1.0000e-08
-5.6508e-07 -1.0000e-08
-5.7185e-07 -1.0000e-08
-5.7862e-07 -1.0000e-08
-5.8538e-07 -1.0000e-08
-5.9215e-07 -1.0000e-08
-5.9892e-07 -1.0000e-08
-6.0569e-07 -1.0000e-08
-6.1245e-07 -1.0000e-08
-6.1922e-07 -1.0000e-08
-6.2599e-07 -1.0000e-08
-6.3276e-07 -1.0000e-08
-6.3952e-07 -1.0000e-08
-6.4629e-07 -1.0000e-08
-6.5306e-07 -1.0000e-08
-6.5983e-07 -1.0000e-08
-6.6659e-07 -1.0000e-08
-6.7336e-07 -1.0000e-08
-6.8013e-07 -1.0000e-08
-6.8690e-07 -1.0000e-08
-6.9366e-07 -1.0000e-08
-7.0043e-07 -1.0000e-08
-7.0720e-07 -1.0000e-08
-7.1396e-07 -1.0000e-08
-7.2073e-07 -1.0000e-08
-7.2750e-07 -1.0000e-08
-7.3427e-07 -1.0000e-08
-7.4103e-07 -1.0000e-08
-7.4780e-07 -1.0000e-08
-7.5457e-07 -1.0000e-08
-7.6134e-07 -1.0000e-08
-7.6810e-07 -1.0000e-08
-7.7487e-07 -1.0000e-08
-7.8164e-07 -1.0000e-08
-7.8841e-07 -1.0000e-08
-7.9517e-07 -1.0000e-08
-8.0194e-07 -1.0000e-08
-8.0871e-07 -1.0000e-08
-8.1548e-07 -1.0000e-08
-8.2224e-07 -1.0000e-08
-8.2901e-07 -1.0000e-08
-8.3578e-07 -1.0000e-08
-8.4255e-07 -1.0000e-08
-8.4931e-07 -1.0000e-08
-8.5608e-07 -1.0000e-08
-8.6285e-07 -1.0000e-08
-8.6962e-07 -1.0000e-08
-8.7638e-07 -1.0000e-08
-8.8315e-07 -1.0000e-08
-8.8992e-07 -1.0000e-08
-8.9669e-07 -1.0000e-08
-9.0345e-07 -1.0000e-08
-9.1022e-07 -1.0000e-08
-9.1699e-07 -1.0000e-08
-9.2376e-07 -1.0000e-08
-9.3052e-07 -1.0000e-08
-9.3729e-07 -1.0000e-08
-9.4406e-07 -1.0000e-08
-9.5083e-07 -1.0000e-08
-9.5759e-07 -1.0000e-08
-9.6436e-07 -1.0000e-08
-9.7113e-07 -1.0000e-08
-9.7789e-07 -1.0000e-08
-9.8466e-07 -1.0000e-08
-9.9143e-07 -1.0000e-08
-9.9820e-07 -1.0000e-08
-1.0050e-06 -1.0000e-08
-1.0188e-06 -7.1215e-09
-1.0217e-06 6.6712e-09
-1.0217e-06 1.3342e-08
-1.0217e-06 2.0014e-08
-1.0217e-06 2.6685e-08
-1.0217e-06 3.3356e-08
-1.0217e-06 4.0027e-08
-1.0217e-06 4.6698e-08
-1.0217e-06 5.3370e-08
-1.0217e-06 6.0041e-08
-1.0217e-06 6.6712e-08
-1.0217e-06 7.3383e-08
-1.0217e-06 8.0054e-08
-1.0217e-06 8.6726e-08
-1.0217e-06 9.3397e-08
-1.0217e-06 1.0007e-07
-1.0217e-06 1.0674e-07
-1.0217e-06 1.1341e-07
-1.0217e-06 1.2008e-07
-1.0217e-06 1.2675e-07
-1.0217e-06 1.3342e-07
-1.0217e-06 1.4010e-07
-1.0217e-06 1.4677e-07
-1.0217e-06 1.5344e-07
-1.0217e-06 1.6011e-07
-1.0217e-06 1.6678e-07
-1.0217e-06 1.7345e-07
-1.0217e-06 1.8012e-07
-1.0217e-06 1.8679e-07
-1.0217e-06 1.9346e-07
-1.0217e-06 2.0014e-07
-1.0217e-06 2.0681e-07
-1.0217e-06 2.1348e-07
-1.0217e-06 2.2015e-07
-1.0217e-06 2.2682e-07
-1.0217e-06 2.3349e-07
-1.0217e-06 2.4016e-07
-1.0217e-06 2.4683e-07
-1.0217e-06 2.5351e-07
-1.0217e-06 2.6018e-07
-1.0217e-06 2.6685e-07
-1.0217e-06 2.7352e-07
-1.0217e-06 2.8019e-07
-1.0217e-06 2.8686e-07
-1.0217e-06 2.9353e-07
-1.0217e-06 3.0020e-07
-1.0217e-06 3.0688e-07
-1.0217e-06 3.1355e-07
-1.0217e-06 3.2022e-07
-1.0217e-06 3.2689e-07
-1.0217e-06 3.3356e-07
-1.0217e-06 3.4023e-07
-1.0217e-06 3.4690e-07
-1.0217e-06 3.5357e-07
-1.0217e-06 3.6024e-07
-1.0217e-06 3.6692e-07
-1.0217e-06 3.7359e-07
-1.0217e-06 3.8026e-07
-1.0217e-06 3.8693e-07
-1.0217e-06 3.9360e-07
-1.0217e-06 4.0027e-07
-1.0217e-06 4.0694e-07
-1.0217e-06 4.1361e-07
-1.0217e-06 4.2029e-07
-1.0217e-06 4.2696e-07
-1.0217e-06 4.3363e-07
-1.0217e-06 4.4030e-07
-1.0217e-06 4.4697e-07
-1.0217e-06 4.5364e-07
-1.0217e-06 4.6031e-07
-1.0217e-06 4.6698e-07
-1.0217e-06 4.7366e-07
-1.0217e-06 4.8033e-07
-1.0217e-06 4.8700e-07
-1.0217e-06 4.9367e-07
-1.0217e-06 5.0034e-07
-1.0217e-06 5.0701e-07
-1.0217e-06 5.1368e-07
-1.0217e-06 5.2035e-07
-1.0217e-06 5.2703e-07
-1.0217e-06 5.3370e-07
-1.0217e-06 5.4037e-07
-1.0217e-06 5.4704e-07
-1.0217e-06 5.5371e-07
-1.0217e-06 5.6038e-07
-1.0217e-06 5.6705e-07
-1.0217e-06 5.7372e-07
-1.0217e-06 5.8039e-07
-1.0217e-06 5.8707e-07
-1.0217e-06 5.9374e-07
-1.0217e-06 6.0041e-07
-1.0217e-06 6.0708e-07
-1.0217e-06 6.1375e-07
-1.0217e-06 6.2042e-07
-1.0217e-06 6.2709e-07
-1.0217e-06 6.3376e-07
-1.0217e-06 6.4044e-07
-1.0217e-06 6.4711e-07
-1.0217e-06 6.5378e-07
-1.0217e-06 6.6045e-07
-1.0217e-06 6.6712e-07
-1.0217e-06 6.7379e-07
-1.0217e-06 6.8046e-07
-1.0217e-06 6.8713e-07
-1.0217e-06 6.9381e-07
-1.0217e-06 7.0048e-07
-1.0217e-06 7.0715e-07
-1.0217e-06 7.1382e-07
-1.0217e-06 7.2049e-07
-1.0217e-06 7.2716e-07
-1.0217e-06 7.3383e-07
-1.0217e-06 7.4050e-07
-1.0217e-06 7.4717e-07
-1.0217e-06 7.5385e-07
-1.0217e-06 7.6052e-07
-1.0217e-06 7.6719e-07
-1.0217e-06 7.7386e-07
-1.0217e-06 7.8053e-07
-1.0217e-06 7.8720e-07
-1.0217e-06 7.9387e-07
-1.0217e-06 8.0054e-07
-1.0217e-06 8.0722e-07
-1.0217e-06 8.1389e-07
-1.0217e-06 8.2056e-07
-1.0217e-06 8.2723e-07
-1.0217e-06 8.3390e-07
-1.0217e-06 8.4057e-07
-1.0217e-06 8.4724e-07
-1.0217e-06 8.5391e-07
-1.0217e-06 8.6059e-07
-1.0217e-06 8.6726e-07
-1.0217e-06 8.7393e-07
-1.0217e-06 8.8060e-07
-1.0217e-06 8.8727e-07
-1.0217e-06 8.9394e-07
-1.0217e-06 9.0061e-07
-1.0217e-06 9.0728e-07
-1.0217e-06 9.1395e-07
-1.0217e-06 9.2063e-07
-1.0217e-06 9.2730e-07
-1.0217e-06 9.3397e-07
-1.0217e-06 9.4064e-07
-1.0217e-06 9.4731e-07
-1.0217e-06 9.5398e-07
-1.0217e-06 9.6065e-07
-1.0217e-06 9.6732e-07
-1.0217e-06 9.7400e-07
-1.0217e-06 9.8067e-07
-1.0217e-06 9.8734e-07
-1.0217e-06 9.9401e-07
-1.0217e-06 1.0007e-06
-1.0217e-06 1.0074e-06
-1.0217e-06 1.0140e-06
-1.0217e-06 1.0207e-06
-1.0217e-06 1.0274e-06
-1.0217e-06 1.0340e-06
-1.0217e-06 1.0407e-06
-1.0217e-06 1.0474e-06
-1.0217e-06 1.0541e-06
-1.0217e-06 1.0607e-06
-1.0217e-06 1.0674e-06
-1.0217e-06 1.0741e-06
-1.0217e-06 1.0807e-06
-1.0217e-06 1.0874e-06
-1.0217e-06 1.0941e-06
-1.0217e-06 1.1007e-06
-1.0217e-06 1.1074e-06
-1.0217e-06 1.1141e-06
-1.0217e-06 1.1208e-06
-1.0217e-06 1.1274e-06
-1.0217e-06 1.1341e-06
-1.0217e-06 1.1408e-06
-1.0217e-06 1.1474e-06
-1.0217e-06 1.1541e-06
-1.0217e-06 1.1608e-06
-1.0217e-06 1.1675e-06
-1.0217e-06 1.1741e-06
-1.0217e-06 1.1808e-06
-1.0217e-06 1.1875e-06
-1.0217e-06 1.1941e-06
-1.0217e-06 1.2008e-06
-1.0217e-06 1.2075e-06
-1.0217e-06 1.2142e-06
-1.0217e-06 1.2208e-06
-1.0217e-06 1.2275e-06
-1.0217e-06 1.2342e-06
-1.0217e-06 1.2408e-06
-1.0217e-06 1.2475e-06
-1.0217e-06 1.2542e-06
-1.0217e-06 1.2609e-06
-1.0217e-06 1.2675e-06
-1.0217e-06 1.2742e-06
-1.0217e-06 1.2809e-06
-1.0217e-06 1.2875e-06
-1.0217e-06 1.2942e-06
-1.0217e-06 1.3009e-06
-1.0217e-06 1.3076e-06
-1.0217e-06 1.3142e-06
-1.0217e-06 1.3209e-06
-1.0217e-06 1.3276e-06
-1.0217e-06 1.3342e-06
-1.0217e-06 1.3409e-06
-1.0217e-06 1.3476e-06
-1.0217e-06 1.3543e-06
-1.0217e-06 1.3609e-06
-1.0217e-06 1.3676e-06
-1.0217e-06 1.3743e-06
-1.0217e-06 1.3809e-06
-1.0217e-06 1.3876e-06
-1.0217e-06 1.3943e-06
-1.0217e-06 1.4010e-06
-1.0217e-06 1.4076e-06
-1.0217e-06 1.4143e-06
-1.0217e-06 1.4210e-06
-1.0217e-06 1.4276e-06
-1.0217e-06 1.4343e-06
-1.0217e-06 1.4410e-06
-1.0217e-06 1.4477e-06
-1.0217e-06 1.4543e-06
-1.0217e-06 1.4610e-06
-1.0217e-06 1.4677e-06
-1.0217e-06 1.4743e-06
-1.0217e-06 1.4810e-06
-1.0217e-06 1.4877e-06
-1.0035e-06 1.5000e-06
