-5.6783e-09 1.5333e-06
4.1696e-09 1.5356e-06
6.1277e-09 1.5353e-06
8.0413e-09 1.5351e-06
9.9245e-09 1.5349e-06
1.1855e-08 1.5348e-06
1.3896e-08 1.5346e-06
1.6096e-08 1.5344e-06
1.8218e-08 1.5341e-06
2.0142e-08 1.5339e-06
2.2107e-08 1.5337e-06
2.4173e-08 1.5335e-06
2.6389e-08 1.5332e-06
2.8386e-08 1.5329e-06
3.0143e-08 1.5327e-06
3.2056e-08 1.5325e-06
3.4187e-08 1.5323e-06
3.6470e-08 1.5320e-06
3.8659e-08 1.5317e-06
4.0707e-08 1.5313e-06
4.2721e-08 1.5310e-06
4.4788e-08 1.5307e-06
4.6904e-08 1.5303e-06
4.8923e-08 1.5299e-06
5.0888e-08 1.5295e-06
5.2887e-08 1.5292e-06
5.4788e-08 1.5288e-06
5.6639e-08 1.5285e-06
5.8751e-08 1.5282e-06
6.0911e-08 1.5278e-06
6.2915e-08 1.5275e-06
6.4136e-08 1.5272e-06
6.5254e-08 1.5272e-06
6.7596e-08 1.5272e-06
7.0020e-08 1.5270e-06
7.2023e-08 1.5268e-06
7.2537e-08 1.5267e-06
7.3118e-08 1.5269e-06
7.5476e-08 1.5274e-06
7.7810e-08 1.5277e-06
7.9777e-08 1.5279e-06
8.1085e-08 1.5281e-06
8.2501e-08 1.5285e-06
8.4616e-08 1.5291e-06
8.6688e-08 1.5296e-06
8.8702e-08 1.5302e-06
9.0755e-08 1.5307e-06
9.2818e-08 1.5312e-06
9.4860e-08 1.5317e-06
9.6881e-08 1.5322e-06
9.8971e-08 1.5327e-06
1.0125e-07 1.5332e-06
1.0347e-07 1.5336e-06
1.0551e-07 1.5339e-06
1.0753e-07 1.5343e-06
1.0959e-07 1.5346e-06
1.1170e-07 1.5349e-06
1.1367e-07 1.5352e-06
1.1555e-07 1.5355e-06
1.1753e-07 1.5359e-06
1.1965e-07 1.5363e-06
1.2186e-07 1.5366e-06
1.2391e-07 1.5369e-06
1.2588e-07 1.5371e-06
1.2788e-07 1.5374e-06
1.2999e-07 1.5377e-06
1.3216e-07 1.5379e-06
1.3426e-07 1.5382e-06
1.3630e-07 1.5384e-06
1.3831e-07 1.5386e-06
1.4034e-07 1.5388e-06
1.4237e-07 1.5389e-06
1.4429e-07 1.5391e-06
1.4622e-07 1.5393e-06
1.4823e-07 1.5395e-06
1.5015e-07 1.5397e-06
1.5216e-07 1.5400e-06
1.5445e-07 1.5402e-06
1.5666e-07 1.5404e-06
1.5865e-07 1.5405e-06
1.6053e-07 1.5406e-06
1.6248e-07 1.5408e-06
1.6461e-07 1.5410e-06
1.6669e-07 1.5411e-06
1.6870e-07 1.5412e-06
1.7073e-07 1.5414e-06
1.7283e-07 1.5415e-06
1.7495e-07 1.5416e-06
1.7702e-07 1.5417e-06
1.7906e-07 1.5417e-06
1.8119e-07 1.5418e-06
1.8331e-07 1.5418e-06
1.8536e-07 1.5418e-06
1.8738e-07 1.5418e-06
1.8947e-07 1.5418e-06
1.9168e-07 1.5418e-06
1.9376e-07 1.5417e-06
1.9573e-07 1.5416e-06
1.9772e-07 1.5415e-06
1.9987e-07 1.5415e-06
2.0213e-07 1.5413e-06
2.0405e-07 1.5412e-06
2.0584e-07 1.5411e-06
2.0783e-07 1.5410e-06
2.1013e-07 1.5409e-06
2.1252e-07 1.5406e-06
2.1431e-07 1.5404e-06
2.1600e-07 1.5403e-06
2.1801e-07 1.5402e-06
2.2028e-07 1.5401e-06
2.2256e-07 1.5398e-06
2.2429e-07 1.5396e-06
2.2601e-07 1.5395e-06
2.2802e-07 1.5394e-06
2.3018e-07 1.5393e-06
2.3231e-07 1.5391e-06
2.3416e-07 1.5389e-06
2.3605e-07 1.5388e-06
2.3806e-07 1.5387e-06
2.4014e-07 1.5386e-06
2.4226e-07 1.5384e-06
2.4438e-07 1.5383e-06
2.4646e-07 1.5381e-06
2.4845e-07 1.5379e-06
2.5693e-07 1.5344e-06
2.5949e-07 1.5257e-06
2.5949e-07 1.5236e-06
2.5949e-07 1.5216e-06
2.5949e-07 1.5196e-06
2.5949e-07 1.5175e-06
2.5949e-07 1.5155e-06
2.5949e-07 1.5135e-06
2.5949e-07 1.5114e-06
2.5949e-07 1.5094e-06
2.5949e-07 1.5073e-06
2.5949e-07 1.5053e-06
2.5949e-07 1.5033e-06
2.5949e-07 1.5012e-06
2.5949e-07 1.4992e-06
2.5949e-07 1.4972e-06
2.5949e-07 1.4951e-06
2.5949e-07 1.4931e-06
2.5949e-07 1.4910e-06
2.5949e-07 1.4890e-06
2.5949e-07 1.4870e-06
2.5949e-07 1.4849e-06
2.5949e-07 1.4829e-06
2.5949e-07 1.4809e-06
2.5949e-07 1.4788e-06
2.5949e-07 1.4768e-06
2.5949e-07 1.4748e-06
2.5949e-07 1.4727e-06
2.5949e-07 1.4707e-06
2.5949e-07 1.4686e-06
2.5949e-07 1.4666e-06
2.5949e-07 1.4646e-06
2.5949e-07 1.4625e-06
2.5949e-07 1.4605e-06
2.5949e-07 1.4585e-06
2.5949e-07 1.4564e-06
2.5949e-07 1.4544e-06
2.5949e-07 1.4523e-06
2.5949e-07 1.4503e-06
2.5949e-07 1.4483e-06
2.5949e-07 1.4462e-06
2.5949e-07 1.4442e-06
2.5949e-07 1.4422e-06
2.5949e-07 1.4401e-06
2.5949e-07 1.4381e-06
2.5949e-07 1.4360e-06
2.5949e-07 1.4340e-06
2.5949e-07 1.4320e-06
2.5949e-07 1.4299e-06
2.5949e-07 1.4279e-06
2.5949e-07 1.4259e-06
2.5949e-07 1.4238e-06
2.5949e-07 1.4218e-06
2.5949e-07 1.4198e-06
2.5949e-07 1.4177e-06
2.5949e-07 1.4157e-06
2.5949e-07 1.4136e-06
2.5949e-07 1.4116e-06
2.5949e-07 1.4096e-06
2.5949e-07 1.4075e-06
2.5949e-07 1.4055e-06
2.5949e-07 1.4035e-06
2.5949e-07 1.4014e-06
2.5949e-07 1.3994e-06
2.5949e-07 1.3973e-06
2.5949e-07 1.3953e-06
2.5949e-07 1.3933e-06
2.5949e-07 1.3912e-06
2.5949e-07 1.3892e-06
2.5949e-07 1.3872e-06
2.5949e-07 1.3851e-06
2.5949e-07 1.3831e-06
2.5949e-07 1.3811e-06
2.5949e-07 1.3790e-06
2.5949e-07 1.3770e-06
2.5949e-07 1.3749e-06
2.5949e-07 1.3729e-06
2.5949e-07 1.3709e-06
2.5949e-07 1.3688e-06
2.5949e-07 1.3668e-06
2.5949e-07 1.3648e-06
2.5949e-07 1.3627e-06
2.5949e-07 1.3607e-06
2.5949e-07 1.3586e-06
2.5949e-07 1.3566e-06
2.5949e-07 1.3546e-06
2.5949e-07 1.3525e-06
2.5949e-07 1.3505e-06
2.5949e-07 1.3485e-06
2.5949e-07 1.3464e-06
2.5949e-07 1.3444e-06
2.5949e-07 1.3424e-06
2.5949e-07 1.3403e-06
2.5949e-07 1.3383e-06
2.5949e-07 1.3362e-06
2.5949e-07 1.3342e-06
2.5949e-07 1.3322e-06
2.5949e-07 1.3301e-06
2.5949e-07 1.3281e-06
2.5949e-07 1.3261e-06
2.5949e-07 1.3240e-06
2.5949e-07 1.3220e-06
2.5949e-07 1.3199e-06
2.5949e-07 1.3179e-06
2.5949e-07 1.3159e-06
2.5949e-07 1.3138e-06
2.5949e-07 1.3118e-06
2.5949e-07 1.3098e-06
2.5949e-07 1.3077e-06
2.5949e-07 1.3057e-06
2.5949e-07 1.3036e-06
2.5949e-07 1.3016e-06
2.5949e-07 1.2996e-06
2.5949e-07 1.2975e-06
2.5949e-07 1.2955e-06
2.5949e-07 1.2935e-06
2.5949e-07 1.2914e-06
2.5949e-07 1.2894e-06
2.5949e-07 1.2874e-06
2.5949e-07 1.2853e-06
2.5949e-07 1.2833e-06
2.5949e-07 1.2812e-06
2.5949e-07 1.2792e-06
2.5949e-07 1.2772e-06
2.5949e-07 1.2751e-06
2.5949e-07 1.2731e-06
2.5949e-07 1.2711e-06
2.5949e-07 1.2690e-06
2.5949e-07 1.2670e-06
2.5949e-07 1.2649e-06
2.5949e-07 1.2629e-06
2.5949e-07 1.2609e-06
2.5949e-07 1.2588e-06
2.5949e-07 1.2568e-06
2.5949e-07 1.2548e-06
2.5949e-07 1.2527e-06
2.5949e-07 1.2507e-06
2.5949e-07 1.2487e-06
2.5949e-07 1.2466e-06
2.5949e-07 1.2446e-06
2.5949e-07 1.2425e-06
2.5949e-07 1.2405e-06
2.5949e-07 1.2385e-06
2.5949e-07 1.2364e-06
2.5949e-07 1.2344e-06
2.5949e-07 1.2324e-06
2.5949e-07 1.2303e-06
2.5949e-07 1.2283e-06
2.5949e-07 1.2262e-06
2.5949e-07 1.2242e-06
2.5949e-07 1.2222e-06
2.5949e-07 1.2201e-06
2.5949e-07 1.2181e-06
2.5949e-07 1.2161e-06
2.5949e-07 1.2140e-06
2.5949e-07 1.2120e-06
2.5949e-07 1.2099e-06
2.5949e-07 1.2079e-06
2.5949e-07 1.2059e-06
2.5949e-07 1.2038e-06
2.5949e-07 1.2018e-06
2.5949e-07 1.1998e-06
2.5949e-07 1.1977e-06
2.5949e-07 1.1957e-06
2.5949e-07 1.1937e-06
2.5949e-07 1.1916e-06
2.5949e-07 1.1896e-06
2.5949e-07 1.1875e-06
2.5949e-07 1.1855e-06
2.5949e-07 1.1835e-06
2.5949e-07 1.1814e-06
2.5949e-07 1.1794e-06
2.5949e-07 1.1774e-06
2.5949e-07 1.1753e-06
2.5949e-07 1.1733e-06
2.5949e-07 1.1712e-06
2.5949e-07 1.1692e-06
2.5949e-07 1.1672e-06
2.5949e-07 1.1651e-06
2.5949e-07 1.1631e-06
2.5949e-07 1.1611e-06
2.5949e-07 1.1590e-06
2.5949e-07 1.1570e-06
2.5949e-07 1.1550e-06
2.5949e-07 1.1529e-06
2.5949e-07 1.1509e-06
2.5949e-07 1.1488e-06
2.5949e-07 1.1468e-06
2.5949e-07 1.1448e-06
2.5949e-07 1.1427e-06
2.5949e-07 1.1407e-06
2.5949e-07 1.1387e-06
2.5949e-07 1.1366e-06
2.5949e-07 1.1346e-06
2.5949e-07 1.1325e-06
2.5949e-07 1.1305e-06
2.5949e-07 1.1285e-06
2.5949e-07 1.1264e-06
2.5949e-07 1.1244e-06
2.5949e-07 1.1224e-06
2.5949e-07 1.1203e-06
2.5949e-07 1.1183e-06
2.5949e-07 1.1162e-06
2.5949e-07 1.1142e-06
2.5949e-07 1.1122e-06
2.5949e-07 1.1101e-06
2.5949e-07 1.1081e-06
2.5949e-07 1.1061e-06
2.5949e-07 1.1040e-06
2.5949e-07 1.1020e-06
2.5949e-07 1.1000e-06
2.5949e-07 1.0979e-06
2.5949e-07 1.0959e-06
2.5949e-07 1.0938e-06
2.5949e-07 1.0918e-06
2.5949e-07 1.0898e-06
2.5949e-07 1.0877e-06
2.5949e-07 1.0857e-06
2.5949e-07 1.0837e-06
2.5949e-07 1.0816e-06
2.5949e-07 1.0796e-06
2.5949e-07 1.0775e-06
2.5949e-07 1.0755e-06
2.5949e-07 1.0735e-06
2.5949e-07 1.0714e-06
2.5949e-07 1.0694e-06
2.5949e-07 1.0674e-06
2.5949e-07 1.0653e-06
2.5949e-07 1.0633e-06
2.5949e-07 1.0613e-06
2.5949e-07 1.0592e-06
2.5949e-07 1.0572e-06
2.5949e-07 1.0551e-06
2.5949e-07 1.0531e-06
2.5949e-07 1.0511e-06
2.5949e-07 1.0490e-06
2.5949e-07 1.0470e-06
2.5949e-07 1.0450e-06
2.5949e-07 1.0429e-06
2.5949e-07 1.0409e-06
2.5949e-07 1.0388e-06
2.5949e-07 1.0368e-06
2.5949e-07 1.0348e-06
2.5949e-07 1.0327e-06
2.5949e-07 1.0307e-06
2.5949e-07 1.0287e-06
2.5949e-07 1.0266e-06
2.5949e-07 1.0246e-06
2.5949e-07 1.0225e-06
2.5949e-07 1.0205e-06
2.5949e-07 1.0185e-06
2.5949e-07 1.0164e-06
2.5949e-07 1.0144e-06
2.5949e-07 1.0124e-06
2.5949e-07 1.0103e-06
2.5949e-07 1.0083e-06
2.5949e-07 1.0063e-06
2.5949e-07 1.0042e-06
2.5949e-07 1.0022e-06
2.5949e-07 1.0001e-06
2.5949e-07 9.9811e-07
2.5949e-07 9.9607e-07
2.5949e-07 9.9403e-07
2.5949e-07 9.9199e-07
2.5949e-07 9.8996e-07
2.5949e-07 9.8792e-07
2.5949e-07 9.8588e-07
2.5949e-07 9.8385e-07
2.5949e-07 9.8181e-07
2.5949e-07 9.7977e-07
2.5949e-07 9.7774e-07
2.5949e-07 9.7570e-07
2.5949e-07 9.7366e-07
2.5949e-07 9.7163e-07
2.5949e-07 9.6959e-07
2.5949e-07 9.6755e-07
2.5949e-07 9.6551e-07
2.5949e-07 9.6348e-07
2.5949e-07 9.6144e-07
2.5949e-07 9.5940e-07
2.5949e-07 9.5737e-07
2.5949e-07 9.5533e-07
2.5949e-07 9.5329e-07
2.5949e-07 9.5126e-07
2.5949e-07 9.4922e-07
2.5949e-07 9.4718e-07
2.5949e-07 9.4514e-07
2.5949e-07 9.4311e-07
2.5949e-07 9.4107e-07
2.5949e-07 9.3903e-07
2.5949e-07 9.3700e-07
2.5949e-07 9.3496e-07
2.5949e-07 9.3292e-07
2.5949e-07 9.3089e-07
2.5949e-07 9.2885e-07
2.5949e-07 9.2681e-07
2.5949e-07 9.2478e-07
2.5949e-07 9.2274e-07
2.5949e-07 9.2070e-07
2.5949e-07 9.1866e-07
2.5949e-07 9.1663e-07
2.5949e-07 9.1459e-07
2.5949e-07 9.1255e-07
2.5949e-07 9.1052e-07
2.5949e-07 9.0848e-07
2.5949e-07 9.0644e-07
2.5949e-07 9.0441e-07
2.5949e-07 9.0237e-07
2.5949e-07 9.0033e-07
2.5949e-07 8.9829e-07
2.5949e-07 8.9626e-07
2.5949e-07 8.9422e-07
2.5949e-07 8.9218e-07
2.5949e-07 8.9015e-07
2.5949e-07 8.8811e-07
2.5949e-07 8.8607e-07
2.5949e-07 8.8404e-07
2.5949e-07 8.8200e-07
2.5949e-07 8.7996e-07
2.5949e-07 8.7793e-07
2.5949e-07 8.7589e-07
2.5949e-07 8.7385e-07
2.5949e-07 8.7181e-07
2.5949e-07 8.6978e-07
2.5949e-07 8.6774e-07
2.5949e-07 8.6570e-07
2.5949e-07 8.6367e-07
2.5949e-07 8.6163e-07
2.5949e-07 8.5959e-07
2.5949e-07 8.5756e-07
2.5949e-07 8.5552e-07
2.5949e-07 8.5348e-07
2.5949e-07 8.5145e-07
2.5949e-07 8.4941e-07
2.5949e-07 8.4737e-07
2.5949e-07 8.4533e-07
2.5949e-07 8.4330e-07
2.5949e-07 8.4126e-07
2.5949e-07 8.3922e-07
2.5949e-07 8.3719e-07
2.5949e-07 8.3515e-07
2.5949e-07 8.3311e-07
2.5949e-07 8.3108e-07
2.5949e-07 8.2904e-07
2.5949e-07 8.2700e-07
2.5949e-07 8.2496e-07
2.5949e-07 8.2293e-07
2.5949e-07 8.2089e-07
2.5949e-07 8.1885e-07
2.5949e-07 8.1682e-07
2.5949e-07 8.1478e-07
2.5949e-07 8.1274e-07
2.5949e-07 8.1071e-07
2.5949e-07 8.0867e-07
2.5949e-07 8.0663e-07
2.5949e-07 8.0460e-07
2.5949e-07 8.0256e-07
2.5949e-07 8.0052e-07
2.5949e-07 7.9848e-07
2.5949e-07 7.9645e-07
2.5949e-07 7.9441e-07
2.5949e-07 7.9237e-07
2.5949e-07 7.9034e-07
2.5949e-07 7.8830e-07
2.5949e-07 7.8626e-07
2.5949e-07 7.8423e-07
2.5949e-07 7.8219e-07
2.5949e-07 7.8015e-07
2.5949e-07 7.7811e-07
2.5949e-07 7.7608e-07
2.5949e-07 7.7404e-07
2.5949e-07 7.7200e-07
2.5949e-07 7.6997e-07
2.5949e-07 7.6793e-07
2.5949e-07 7.6589e-07
2.5949e-07 7.6386e-07
2.5949e-07 7.6182e-07
2.5949e-07 7.5978e-07
2.5949e-07 7.5775e-07
2.5949e-07 7.5571e-07
2.5949e-07 7.5367e-07
2.5949e-07 7.5163e-07
2.5949e-07 7.4960e-07
2.5949e-07 7.4756e-07
2.5949e-07 7.4552e-07
2.5949e-07 7.4349e-07
2.5949e-07 7.4145e-07
2.5949e-07 7.3941e-07
2.5949e-07 7.3738e-07
2.5949e-07 7.3534e-07
2.5949e-07 7.3330e-07
2.5949e-07 7.3127e-07
2.5949e-07 7.2923e-07
2.5949e-07 7.2719e-07
2.5949e-07 7.2515e-07
2.5949e-07 7.2312e-07
2.5949e-07 7.2108e-07
2.5949e-07 7.1904e-07
2.5949e-07 7.1701e-07
2.5949e-07 7.1497e-07
2.5949e-07 7.1293e-07
2.5949e-07 7.1090e-07
2.5949e-07 7.0886e-07
2.5949e-07 7.0682e-07
2.5949e-07 7.0478e-07
2.5949e-07 7.0275e-07
2.5949e-07 7.0071e-07
2.5949e-07 6.9867e-07
2.5949e-07 6.9664e-07
2.5949e-07 6.9460e-07
2.5949e-07 6.9256e-07
2.5949e-07 6.9053e-07
2.5949e-07 6.8849e-07
2.5949e-07 6.8645e-07
2.5949e-07 6.8442e-07
2.5949e-07 6.8238e-07
2.5949e-07 6.8034e-07
2.5949e-07 6.7830e-07
2.5949e-07 6.7627e-07
2.5949e-07 6.7423e-07
2.5949e-07 6.7219e-07
2.5949e-07 6.7016e-07
2.5949e-07 6.6812e-07
2.5949e-07 6.6608e-07
2.5949e-07 6.6405e-07
2.5949e-07 6.6201e-07
2.5949e-07 6.5997e-07
2.5949e-07 6.5793e-07
2.5949e-07 6.5590e-07
2.5949e-07 6.5386e-07
2.5949e-07 6.5182e-07
2.5949e-07 6.4979e-07
2.5949e-07 6.4775e-07
2.5949e-07 6.4571e-07
2.5949e-07 6.4368e-07
2.5949e-07 6.4164e-07
2.5949e-07 6.3960e-07
2.5949e-07 6.3757e-07
2.5949e-07 6.3553e-07
2.5949e-07 6.3349e-07
2.5949e-07 6.3145e-07
2.5949e-07 6.2942e-07
2.5949e-07 6.2738e-07
2.5949e-07 6.2534e-07
2.5949e-07 6.2331e-07
2.5949e-07 6.2127e-07
2.5949e-07 6.1923e-07
2.5949e-07 6.1720e-07
2.5949e-07 6.1516e-07
2.5949e-07 6.1312e-07
2.5949e-07 6.1108e-07
2.5949e-07 6.0905e-07
2.5949e-07 6.0701e-07
2.5949e-07 6.0497e-07
2.5949e-07 6.0294e-07
2.5949e-07 6.0090e-07
2.5949e-07 5.9886e-07
2.5949e-07 5.9683e-07
2.5949e-07 5.9479e-07
2.5949e-07 5.9275e-07
2.5949e-07 5.9072e-07
2.5949e-07 5.8868e-07
2.5949e-07 5.8664e-07
2.5949e-07 5.8460e-07
2.5949e-07 5.8257e-07
2.5949e-07 5.8053e-07
2.5949e-07 5.7849e-07
2.5949e-07 5.7646e-07
2.5949e-07 5.7442e-07
2.5949e-07 5.7238e-07
2.5949e-07 5.7035e-07
2.5949e-07 5.6831e-07
2.5949e-07 5.6627e-07
2.5949e-07 5.6424e-07
2.5949e-07 5.6220e-07
2.5949e-07 5.6016e-07
2.5949e-07 5.5812e-07
2.5949e-07 5.5609e-07
2.5949e-07 5.5405e-07
2.5949e-07 5.5201e-07
2.5949e-07 5.4998e-07
2.5949e-07 5.4794e-07
2.5949e-07 5.4590e-07
2.5949e-07 5.4387e-07
2.5949e-07 5.4183e-07
2.5949e-07 5.3979e-07
2.5949e-07 5.3775e-07
2.5949e-07 5.3572e-07
2.5949e-07 5.3368e-07
2.5949e-07 5.3164e-07
2.5949e-07 5.2961e-07
2.5949e-07 5.2757e-07
2.5949e-07 5.2553e-07
2.5949e-07 5.2350e-07
2.5949e-07 5.2146e-07
2.5949e-07 5.1942e-07
2.5949e-07 5.1739e-07
2.5949e-07 5.1535e-07
2.5949e-07 5.1331e-07
2.5949e-07 5.1127e-07
2.5949e-07 5.0924e-07
2.5949e-07 5.0720e-07
2.5949e-07 5.0516e-07
2.5949e-07 5.0313e-07
2.5949e-07 5.0109e-07
2.5949e-07 4.9905e-07
2.5949e-07 4.9702e-07
2.5949e-07 4.9498e-07
2.5949e-07 4.9294e-07
2.5949e-07 4.9090e-07
2.5949e-07 4.8887e-07
2.5949e-07 4.8683e-07
2.5949e-07 4.8479e-07
2.5949e-07 4.8276e-07
2.5949e-07 4.8072e-07
2.5949e-07 4.7868e-07
2.5949e-07 4.7665e-07
2.5949e-07 4.7461e-07
2.5949e-07 4.7257e-07
2.5949e-07 4.7054e-07
2.5949e-07 4.6850e-07
2.5949e-07 4.6646e-07
2.5949e-07 4.6442e-07
2.5949e-07 4.6239e-07
2.5949e-07 4.6035e-07
2.5949e-07 4.5831e-07
2.5949e-07 4.5628e-07
2.5949e-07 4.5424e-07
2.5949e-07 4.5220e-07
2.5949e-07 4.5017e-07
2.5949e-07 4.4813e-07
2.5949e-07 4.4609e-07
2.5949e-07 4.4406e-07
2.5949e-07 4.4202e-07
2.5949e-07 4.3998e-07
2.5949e-07 4.3794e-07
2.5949e-07 4.3591e-07
2.5949e-07 4.3387e-07
2.5949e-07 4.3183e-07
2.5949e-07 4.2980e-07
2.5949e-07 4.2776e-07
2.5949e-07 4.2572e-07
2.5949e-07 4.2369e-07
2.5949e-07 4.2165e-07
2.5949e-07 4.1961e-07
2.5949e-07 4.1757e-07
2.5949e-07 4.1554e-07
2.5949e-07 4.1350e-07
2.5949e-07 4.1146e-07
2.5949e-07 4.0943e-07
2.5949e-07 4.0739e-07
2.5949e-07 4.0535e-07
2.5949e-07 4.0332e-07
2.5949e-07 4.0128e-07
2.5949e-07 3.9924e-07
2.5949e-07 3.9721e-07
2.5949e-07 3.9517e-07
2.5949e-07 3.9313e-07
2.5949e-07 3.9109e-07
2.5949e-07 3.8906e-07
2.5949e-07 3.8702e-07
2.5949e-07 3.8498e-07
2.5949e-07 3.8295e-07
2.5949e-07 3.8091e-07
2.5949e-07 3.7887e-07
2.5949e-07 3.7684e-07
2.5949e-07 3.7480e-07
2.5949e-07 3.7276e-07
2.5949e-07 3.7072e-07
2.5949e-07 3.6869e-07
2.5949e-07 3.6665e-07
2.5949e-07 3.6461e-07
2.5949e-07 3.6258e-07
2.5949e-07 3.6054e-07
2.5949e-07 3.5850e-07
2.5949e-07 3.5647e-07
2.5949e-07 3.5443e-07
2.5949e-07 3.5239e-07
2.5949e-07 3.5036e-07
2.5949e-07 3.4832e-07
2.5949e-07 3.4628e-07
2.5949e-07 3.4424e-07
2.5949e-07 3.4221e-07
2.5949e-07 3.4017e-07
2.5949e-07 3.3813e-07
2.5949e-07 3.3610e-07
2.5949e-07 3.3406e-07
2.5949e-07 3.3202e-07
2.5949e-07 3.2999e-07
2.5949e-07 3.2795e-07
2.5949e-07 3.2591e-07
2.5949e-07 3.2388e-07
2.5949e-07 3.2184e-07
2.5949e-07 3.1980e-07
2.5949e-07 3.1776e-07
2.5949e-07 3.1573e-07
2.5949e-07 3.1369e-07
2.5949e-07 3.1165e-07
2.5949e-07 3.0962e-07
2.5949e-07 3.0758e-07
2.5949e-07 3.0554e-07
2.5949e-07 3.0351e-07
2.5949e-07 3.0147e-07
2.5949e-07 2.9943e-07
2.5949e-07 2.9739e-07
2.5949e-07 2.9536e-07
2.5949e-07 2.9332e-07
2.5949e-07 2.9128e-07
2.5949e-07 2.8925e-07
2.5949e-07 2.8721e-07
2.5949e-07 2.8517e-07
2.5949e-07 2.8314e-07
2.5949e-07 2.8110e-07
2.5949e-07 2.7906e-07
2.5949e-07 2.7703e-07
2.5949e-07 2.7499e-07
2.5949e-07 2.7295e-07
2.5949e-07 2.7091e-07
2.5949e-07 2.6888e-07
2.5949e-07 2.6684e-07
2.5949e-07 2.6480e-07
2.5949e-07 2.6277e-07
2.5949e-07 2.6073e-07
2.5949e-07 2.5869e-07
2.5949e-07 2.5666e-07
2.5949e-07 2.5462e-07
2.5949e-07 2.5258e-07
2.5949e-07 2.5054e-07
2.5949e-07 2.4851e-07
2.5949e-07 2.4647e-07
2.5949e-07 2.4443e-07
2.5949e-07 2.4240e-07
2.5949e-07 2.4036e-07
2.5949e-07 2.3832e-07
2.5949e-07 2.3629e-07
2.5949e-07 2.3425e-07
2.5949e-07 2.3221e-07
2.5949e-07 2.3018e-07
2.5949e-07 2.2814e-07
2.5949e-07 2.2610e-07
2.5949e-07 2.2406e-07
2.5949e-07 2.2203e-07
2.5949e-07 2.1999e-07
2.5949e-07 2.1795e-07
2.5949e-07 2.1592e-07
2.5949e-07 2.1388e-07
2.5949e-07 2.1184e-07
2.5949e-07 2.0981e-07
2.5949e-07 2.0777e-07
2.5949e-07 2.0573e-07
2.5949e-07 2.0369e-07
2.5949e-07 2.0166e-07
2.5949e-07 1.9962e-07
2.5949e-07 1.9758e-07
2.5949e-07 1.9555e-07
2.5949e-07 1.9351e-07
2.5949e-07 1.9147e-07
2.5949e-07 1.8944e-07
2.5949e-07 1.8740e-07
2.5949e-07 1.8536e-07
2.5949e-07 1.8333e-07
2.5949e-07 1.8129e-07
2.5949e-07 1.7925e-07
2.5949e-07 1.7721e-07
2.5949e-07 1.7518e-07
2.5949e-07 1.7314e-07
2.5949e-07 1.7110e-07
2.5949e-07 1.6907e-07
2.5949e-07 1.6703e-07
2.5949e-07 1.6499e-07
2.5949e-07 1.6296e-07
2.5949e-07 1.6092e-07
2.5949e-07 1.5888e-07
2.5949e-07 1.5685e-07
2.5949e-07 1.5481e-07
2.5949e-07 1.5277e-07
2.5949e-07 1.5073e-07
2.5949e-07 1.4870e-07
2.5949e-07 1.4666e-07
2.5949e-07 1.4462e-07
2.5949e-07 1.4259e-07
2.5949e-07 1.4055e-07
2.5949e-07 1.3851e-07
2.5949e-07 1.3648e-07
2.5949e-07 1.3444e-07
2.5949e-07 1.3240e-07
2.5949e-07 1.3036e-07
2.5949e-07 1.2833e-07
2.5949e-07 1.2629e-07
2.5949e-07 1.2425e-07
2.5949e-07 1.2222e-07
2.5949e-07 1.2018e-07
2.5949e-07 1.1814e-07
2.5949e-07 1.1611e-07
2.5949e-07 1.1407e-07
2.5949e-07 1.1203e-07
2.5949e-07 1.1000e-07
2.5949e-07 1.0796e-07
2.5949e-07 1.0592e-07
2.5949e-07 1.0388e-07
2.5949e-07 1.0185e-07
2.5949e-07 9.9811e-08
2.5949e-07 9.7774e-08
2.5949e-07 9.5737e-08
2.5949e-07 9.3700e-08
2.5949e-07 9.1663e-08
2.5949e-07 8.9626e-08
2.5949e-07 8.7589e-08
2.5949e-07 8.5552e-08
2.5949e-07 8.3515e-08
2.5949e-07 8.1478e-08
2.5949e-07 7.9441e-08
2.5949e-07 7.7404e-08
2.5949e-07 7.5367e-08
2.5949e-07 7.3330e-08
2.5949e-07 7.1293e-08
2.5949e-07 6.9256e-08
2.5949e-07 6.7219e-08
2.5949e-07 6.5182e-08
2.5949e-07 6.3145e-08
2.5949e-07 6.1108e-08
2.5949e-07 5.9072e-08
2.5949e-07 5.7035e-08
2.5949e-07 5.4998e-08
2.5949e-07 5.2961e-08
2.5949e-07 5.0924e-08
2.5949e-07 4.8887e-08
2.5949e-07 4.6850e-08
2.5949e-07 4.4813e-08
2.5949e-07 4.2776e-08
2.5949e-07 4.0739e-08
2.5949e-07 3.8702e-08
2.5949e-07 3.6665e-08
2.5949e-07 3.4628e-08
2.5949e-07 3.2591e-08
2.5949e-07 3.0554e-08
2.5949e-07 2.8517e-08
2.5949e-07 2.6480e-08
2.5949e-07 2.4443e-08
2.5949e-07 2.2406e-08
2.5949e-07 2.0369e-08
2.5949e-07 1.8333e-08
2.5949e-07 1.6296e-08
2.5949e-07 1.4259e-08
2.5949e-07 1.2222e-08
2.5949e-07 1.0185e-08
2.5949e-07 8.1478e-09
2.5949e-07 6.1108e-09
2.5949e-07 4.0739e-09
2.5949e-07 2.0369e-09
2.5662e-07 -7.0130e-09
2.4748e-07 -1.0000e-08
2.4548e-07 -1.0000e-08
2.4348e-07 -1.0000e-08
2.4147e-07 -1.0000e-08
2.3947e-07 -1.0000e-08
2.3746e-07 -1.0000e-08
2.3546e-07 -1.0000e-08
2.3346e-07 -1.0000e-08
2.3145e-07 -1.0000e-08
2.2945e-07 -1.0000e-08
2.2745e-07 -1.0000e-08
2.2544e-07 -1.0000e-08
2.2344e-07 -1.0000e-08
2.2143e-07 -1.0000e-08
2.1943e-07 -1.0000e-08
2.1743e-07 -1.0000e-08
2.1542e-07 -1.0000e-08
2.1342e-07 -1.0000e-08
2.1141e-07 -1.0000e-08
2.0941e-07 -1.0000e-08
2.0741e-07 -1.0000e-08
2.0540e-07 -1.0000e-08
2.0340e-07 -1.0000e-08
2.0139e-07 -1.0000e-08
1.9939e-07 -1.0000e-08
1.9739e-07 -1.0000e-08
1.9538e-07 -1.0000e-08
1.9338e-07 -1.0000e-08
1.9137e-07 -1.0000e-08
1.8937e-07 -1.0000e-08
1.8737e-07 -1.0000e-08
1.8536e-07 -1.0000e-08
1.8336e-07 -1.0000e-08
1.8135e-07 -1.0000e-08
1.7935e-07 -1.0000e-08
1.7735e-07 -1.0000e-08
1.7534e-07 -1.0000e-08
1.7334e-07 -1.0000e-08
1.7134e-07 -1.0000e-08
1.6933e-07 -1.0000e-08
1.6733e-07 -1.0000e-08
1.6532e-07 -1.0000e-08
1.6332e-07 -1.0000e-08
1.6132e-07 -1.0000e-08
1.5931e-07 -1.0000e-08
1.5731e-07 -1.0000e-08
1.5530e-07 -1.0000e-08
1.5330e-07 -1.0000e-08
1.5130e-07 -1.0000e-08
1.4929e-07 -1.0000e-08
1.4729e-07 -1.0000e-08
1.4528e-07 -1.0000e-08
1.4328e-07 -1.0000e-08
1.4128e-07 -1.0000e-08
1.3927e-07 -1.0000e-08
1.3727e-07 -1.0000e-08
1.3526e-07 -1.0000e-08
1.3326e-07 -1.0000e-08
1.3126e-07 -1.0000e-08
1.2925e-07 -1.0000e-08
1.2725e-07 -1.0000e-08
1.2525e-07 -1.0000e-08
1.2324e-07 -1.0000e-08
1.2124e-07 -1.0000e-08
1.1923e-07 -1.0000e-08
1.1723e-07 -1.0000e-08
1.1523e-07 -1.0000e-08
1.1322e-07 -1.0000e-08
1.1122e-07 -1.0000e-08
1.0921e-07 -1.0000e-08
1.0721e-07 -1.0000e-08
1.0521e-07 -1.0000e-08
1.0320e-07 -1.0000e-08
1.0120e-07 -1.0000e-08
9.9194e-08 -1.0000e-08
9.7190e-08 -1.0000e-08
9.5186e-08 -1.0000e-08
9.3182e-08 -1.0000e-08
9.1178e-08 -1.0000e-08
8.9174e-08 -1.0000e-08
8.7171e-08 -1.0000e-08
8.5167e-08 -1.0000e-08
8.3163e-08 -1.0000e-08
8.1159e-08 -1.0000e-08
7.9155e-08 -1.0000e-08
7.7151e-08 -1.0000e-08
7.5147e-08 -1.0000e-08
7.3143e-08 -1.0000e-08
7.1139e-08 -1.0000e-08
6.9135e-08 -1.0000e-08
6.7131e-08 -1.0000e-08
6.5127e-08 -1.0000e-08
6.3124e-08 -1.0000e-08
6.1120e-08 -1.0000e-08
5.9116e-08 -1.0000e-08
5.7112e-08 -1.0000e-08
5.5108e-08 -1.0000e-08
5.3104e-08 -1.0000e-08
5.1100e-08 -1.0000e-08
4.9096e-08 -1.0000e-08
4.7092e-08 -1.0000e-08
4.5088e-08 -1.0000e-08
4.3084e-08 -1.0000e-08
4.1080e-08 -1.0000e-08
3.9076e-08 -1.0000e-08
3.7073e-08 -1.0000e-08
3.5069e-08 -1.0000e-08
3.3065e-08 -1.0000e-08
3.1061e-08 -1.0000e-08
2.9057e-08 -1.0000e-08
2.7053e-08 -1.0000e-08
2.5049e-08 -1.0000e-08
2.3045e-08 -1.0000e-08
2.1041e-08 -1.0000e-08
1.9037e-08 -1.0000e-08
1.7033e-08 -1.0000e-08
1.5029e-08 -1.0000e-08
1.3025e-08 -1.0000e-08
1.1022e-08 -1.0000e-08
9.0176e-09 -1.0000e-08
7.0137e-09 -1.0000e-08
5.0098e-09 -1.0000e-08
3.0059e-09 -1.0000e-08
-6.1224e-09 -7.0174e-09
-8.9980e-09 2.0345e-09
-8.9980e-09 4.0690e-09
-8.9980e-09 6.1034e-09
-8.9980e-09 8.1379e-09
-8.9980e-09 1.0172e-08
-8.9980e-09 1.2207e-08
-8.9980e-09 1.4241e-08
-8.9980e-09 1.6276e-08
-8.9980e-09 1.8310e-08
-8.9980e-09 2.0345e-08
-8.9980e-09 2.2379e-08
-8.9980e-09 2.4414e-08
-8.9980e-09 2.6448e-08
-8.9980e-09 2.8483e-08
-8.9980e-09 3.0517e-08
-8.9980e-09 3.2552e-08
-8.9980e-09 3.4586e-08
-8.9980e-09 3.6621e-08
-8.9980e-09 3.8655e-08
-8.9980e-09 4.0690e-08
-8.9980e-09 4.2724e-08
-8.9980e-09 4.4759e-08
-8.9980e-09 4.6793e-08
-8.9980e-09 4.8827e-08
-8.9980e-09 5.0862e-08
-8.9980e-09 5.2896e-08
-8.9980e-09 5.4931e-08
-8.9980e-09 5.6965e-08
-8.9980e-09 5.9000e-08
-8.9980e-09 6.1034e-08
-8.9980e-09 6.3069e-08
-8.9980e-09 6.5103e-08
-8.9980e-09 6.7138e-08
-8.9980e-09 6.9172e-08
-8.9980e-09 7.1207e-08
-8.9980e-09 7.3241e-08
-8.9980e-09 7.5276e-08
-8.9980e-09 7.7310e-08
-8.9980e-09 7.9345e-08
-8.9980e-09 8.1379e-08
-8.9980e-09 8.3414e-08
-8.9980e-09 8.5448e-08
-8.9980e-09 8.7483e-08
-8.9980e-09 8.9517e-08
-8.9980e-09 9.1552e-08
-8.9980e-09 9.3586e-08
-8.9980e-09 9.5620e-08
-8.9980e-09 9.7655e-08
-8.9980e-09 9.9689e-08
-8.9980e-09 1.0172e-07
-8.9980e-09 1.0376e-07
-8.9980e-09 1.0579e-07
-8.9980e-09 1.0783e-07
-8.9980e-09 1.0986e-07
-8.9980e-09 1.1190e-07
-8.9980e-09 1.1393e-07
-8.9980e-09 1.1597e-07
-8.9980e-09 1.1800e-07
-8.9980e-09 1.2003e-07
-8.9980e-09 1.2207e-07
-8.9980e-09 1.2410e-07
-8.9980e-09 1.2614e-07
-8.9980e-09 1.2817e-07
-8.9980e-09 1.3021e-07
-8.9980e-09 1.3224e-07
-8.9980e-09 1.3428e-07
-8.9980e-09 1.3631e-07
-8.9980e-09 1.3834e-07
-8.9980e-09 1.4038e-07
-8.9980e-09 1.4241e-07
-8.9980e-09 1.4445e-07
-8.9980e-09 1.4648e-07
-8.9980e-09 1.4852e-07
-8.9980e-09 1.5055e-07
-8.9980e-09 1.5259e-07
-8.9980e-09 1.5462e-07
-8.9980e-09 1.5665e-07
-8.9980e-09 1.5869e-07
-8.9980e-09 1.6072e-07
-8.9980e-09 1.6276e-07
-8.9980e-09 1.6479e-07
-8.9980e-09 1.6683e-07
-8.9980e-09 1.6886e-07
-8.9980e-09 1.7090e-07
-8.9980e-09 1.7293e-07
-8.9980e-09 1.7497e-07
-8.9980e-09 1.7700e-07
-8.9980e-09 1.7903e-07
-8.9980e-09 1.8107e-07
-8.9980e-09 1.8310e-07
-8.9980e-09 1.8514e-07
-8.9980e-09 1.8717e-07
-8.9980e-09 1.8921e-07
-8.9980e-09 1.9124e-07
-8.9980e-09 1.9328e-07
-8.9980e-09 1.9531e-07
-8.9980e-09 1.9734e-07
-8.9980e-09 1.9938e-07
-8.9980e-09 2.0141e-07
-8.9980e-09 2.0345e-07
-8.9980e-09 2.0548e-07
-8.9980e-09 2.0752e-07
-8.9980e-09 2.0955e-07
-8.9980e-09 2.1159e-07
-8.9980e-09 2.1362e-07
-8.9980e-09 2.1565e-07
-8.9980e-09 2.1769e-07
-8.9980e-09 2.1972e-07
-8.9980e-09 2.2176e-07
-8.9980e-09 2.2379e-07
-8.9980e-09 2.2583e-07
-8.9980e-09 2.2786e-07
-8.9980e-09 2.2990e-07
-8.9980e-09 2.3193e-07
-8.9980e-09 2.3397e-07
-8.9980e-09 2.3600e-07
-8.9980e-09 2.3803e-07
-8.9980e-09 2.4007e-07
-8.9980e-09 2.4210e-07
-8.9980e-09 2.4414e-07
-8.9980e-09 2.4617e-07
-8.9980e-09 2.4821e-07
-8.9980e-09 2.5024e-07
-8.9980e-09 2.5228e-07
-8.9980e-09 2.5431e-07
-8.9980e-09 2.5634e-07
-8.9980e-09 2.5838e-07
-8.9980e-09 2.6041e-07
-8.9980e-09 2.6245e-07
-8.9980e-09 2.6448e-07
-8.9980e-09 2.6652e-07
-8.9980e-09 2.6855e-07
-8.9980e-09 2.7059e-07
-8.9980e-09 2.7262e-07
-8.9980e-09 2.7465e-07
-8.9980e-09 2.7669e-07
-8.9980e-09 2.7872e-07
-8.9980e-09 2.8076e-07
-8.9980e-09 2.8279e-07
-8.9980e-09 2.8483e-07
-8.9980e-09 2.8686e-07
-8.9980e-09 2.8890e-07
-8.9980e-09 2.9093e-07
-8.9980e-09 2.9296e-07
-8.9980e-09 2.9500e-07
-8.9980e-09 2.9703e-07
-8.9980e-09 2.9907e-07
-8.9980e-09 3.0110e-07
-8.9980e-09 3.0314e-07
-8.9980e-09 3.0517e-07
-8.9980e-09 3.0721e-07
-8.9980e-09 3.0924e-07
-8.9980e-09 3.1128e-07
-8.9980e-09 3.1331e-07
-8.9980e-09 3.1534e-07
-8.9980e-09 3.1738e-07
-8.9980e-09 3.1941e-07
-8.9980e-09 3.2145e-07
-8.9980e-09 3.2348e-07
-8.9980e-09 3.2552e-07
-8.9980e-09 3.2755e-07
-8.9980e-09 3.2959e-07
-8.9980e-09 3.3162e-07
-8.9980e-09 3.3365e-07
-8.9980e-09 3.3569e-07
-8.9980e-09 3.3772e-07
-8.9980e-09 3.3976e-07
-8.9980e-09 3.4179e-07
-8.9980e-09 3.4383e-07
-8.9980e-09 3.4586e-07
-8.9980e-09 3.4790e-07
-8.9980e-09 3.4993e-07
-8.9980e-09 3.5196e-07
-8.9980e-09 3.5400e-07
-8.9980e-09 3.5603e-07
-8.9980e-09 3.5807e-07
-8.9980e-09 3.6010e-07
-8.9980e-09 3.6214e-07
-8.9980e-09 3.6417e-07
-8.9980e-09 3.6621e-07
-8.9980e-09 3.6824e-07
-8.9980e-09 3.7028e-07
-8.9980e-09 3.7231e-07
-8.9980e-09 3.7434e-07
-8.9980e-09 3.7638e-07
-8.9980e-09 3.7841e-07
-8.9980e-09 3.8045e-07
-8.9980e-09 3.8248e-07
-8.9980e-09 3.8452e-07
-8.9980e-09 3.8655e-07
-8.9980e-09 3.8859e-07
-8.9980e-09 3.9062e-07
-8.9980e-09 3.9265e-07
-8.9980e-09 3.9469e-07
-8.9980e-09 3.9672e-07
-8.9980e-09 3.9876e-07
-8.9980e-09 4.0079e-07
-8.9980e-09 4.0283e-07
-8.9980e-09 4.0486e-07
-8.9980e-09 4.0690e-07
-8.9980e-09 4.0893e-07
-8.9980e-09 4.1096e-07
-8.9980e-09 4.1300e-07
-8.9980e-09 4.1503e-07
-8.9980e-09 4.1707e-07
-8.9980e-09 4.1910e-07
-8.9980e-09 4.2114e-07
-8.9980e-09 4.2317e-07
-8.9980e-09 4.2521e-07
-8.9980e-09 4.2724e-07
-8.9980e-09 4.2927e-07
-8.9980e-09 4.3131e-07
-8.9980e-09 4.3334e-07
-8.9980e-09 4.3538e-07
-8.9980e-09 4.3741e-07
-8.9980e-09 4.3945e-07
-8.9980e-09 4.4148e-07
-8.9980e-09 4.4352e-07
-8.9980e-09 4.4555e-07
-8.9980e-09 4.4759e-07
-8.9980e-09 4.4962e-07
-8.9980e-09 4.5165e-07
-8.9980e-09 4.5369e-07
-8.9980e-09 4.5572e-07
-8.9980e-09 4.5776e-07
-8.9980e-09 4.5979e-07
-8.9980e-09 4.6183e-07
-8.9980e-09 4.6386e-07
-8.9980e-09 4.6590e-07
-8.9980e-09 4.6793e-07
-8.9980e-09 4.6996e-07
-8.9980e-09 4.7200e-07
-8.9980e-09 4.7403e-07
-8.9980e-09 4.7607e-07
-8.9980e-09 4.7810e-07
-8.9980e-09 4.8014e-07
-8.9980e-09 4.8217e-07
-8.9980e-09 4.8421e-07
-8.9980e-09 4.8624e-07
-8.9980e-09 4.8827e-07
-8.9980e-09 4.9031e-07
-8.9980e-09 4.9234e-07
-8.9980e-09 4.9438e-07
-8.9980e-09 4.9641e-07
-8.9980e-09 4.9845e-07
-8.9980e-09 5.0048e-07
-8.9980e-09 5.0252e-07
-8.9980e-09 5.0455e-07
-8.9980e-09 5.0659e-07
-8.9980e-09 5.0862e-07
-8.9980e-09 5.1065e-07
-8.9980e-09 5.1269e-07
-8.9980e-09 5.1472e-07
-8.9980e-09 5.1676e-07
-8.9980e-09 5.1879e-07
-8.9980e-09 5.2083e-07
-8.9980e-09 5.2286e-07
-8.9980e-09 5.2490e-07
-8.9980e-09 5.2693e-07
-8.9980e-09 5.2896e-07
-8.9980e-09 5.3100e-07
-8.9980e-09 5.3303e-07
-8.9980e-09 5.3507e-07
-8.9980e-09 5.3710e-07
-8.9980e-09 5.3914e-07
-8.9980e-09 5.4117e-07
-8.9980e-09 5.4321e-07
-8.9980e-09 5.4524e-07
-8.9980e-09 5.4727e-07
-8.9980e-09 5.4931e-07
-8.9980e-09 5.5134e-07
-8.9980e-09 5.5338e-07
-8.9980e-09 5.5541e-07
-8.9980e-09 5.5745e-07
-8.9980e-09 5.5948e-07
-8.9980e-09 5.6152e-07
-8.9980e-09 5.6355e-07
-8.9980e-09 5.6558e-07
-8.9980e-09 5.6762e-07
-8.9980e-09 5.6965e-07
-8.9980e-09 5.7169e-07
-8.9980e-09 5.7372e-07
-8.9980e-09 5.7576e-07
-8.9980e-09 5.7779e-07
-8.9980e-09 5.7983e-07
-8.9980e-09 5.8186e-07
-8.9980e-09 5.8390e-07
-8.9980e-09 5.8593e-07
-8.9980e-09 5.8796e-07
-8.9980e-09 5.9000e-07
-8.9980e-09 5.9203e-07
-8.9980e-09 5.9407e-07
-8.9980e-09 5.9610e-07
-8.9980e-09 5.9814e-07
-8.9980e-09 6.0017e-07
-8.9980e-09 6.0221e-07
-8.9980e-09 6.0424e-07
-8.9980e-09 6.0627e-07
-8.9980e-09 6.0831e-07
-8.9980e-09 6.1034e-07
-8.9980e-09 6.1238e-07
-8.9980e-09 6.1441e-07
-8.9980e-09 6.1645e-07
-8.9980e-09 6.1848e-07
-8.9980e-09 6.2052e-07
-8.9980e-09 6.2255e-07
-8.9980e-09 6.2458e-07
-8.9980e-09 6.2662e-07
-8.9980e-09 6.2865e-07
-8.9980e-09 6.3069e-07
-8.9980e-09 6.3272e-07
-8.9980e-09 6.3476e-07
-8.9980e-09 6.3679e-07
-8.9980e-09 6.3883e-07
-8.9980e-09 6.4086e-07
-8.9980e-09 6.4290e-07
-8.9980e-09 6.4493e-07
-8.9980e-09 6.4696e-07
-8.9980e-09 6.4900e-07
-8.9980e-09 6.5103e-07
-8.9980e-09 6.5307e-07
-8.9980e-09 6.5510e-07
-8.9980e-09 6.5714e-07
-8.9980e-09 6.5917e-07
-8.9980e-09 6.6121e-07
-8.9980e-09 6.6324e-07
-8.9980e-09 6.6527e-07
-8.9980e-09 6.6731e-07
-8.9980e-09 6.6934e-07
-8.9980e-09 6.7138e-07
-8.9980e-09 6.7341e-07
-8.9980e-09 6.7545e-07
-8.9980e-09 6.7748e-07
-8.9980e-09 6.7952e-07
-8.9980e-09 6.8155e-07
-8.9980e-09 6.8358e-07
-8.9980e-09 6.8562e-07
-8.9980e-09 6.8765e-07
-8.9980e-09 6.8969e-07
-8.9980e-09 6.9172e-07
-8.9980e-09 6.9376e-07
-8.9980e-09 6.9579e-07
-8.9980e-09 6.9783e-07
-8.9980e-09 6.9986e-07
-8.9980e-09 7.0190e-07
-8.9980e-09 7.0393e-07
-8.9980e-09 7.0596e-07
-8.9980e-09 7.0800e-07
-8.9980e-09 7.1003e-07
-8.9980e-09 7.1207e-07
-8.9980e-09 7.1410e-07
-8.9980e-09 7.1614e-07
-8.9980e-09 7.1817e-07
-8.9980e-09 7.2021e-07
-8.9980e-09 7.2224e-07
-8.9980e-09 7.2427e-07
-8.9980e-09 7.2631e-07
-8.9980e-09 7.2834e-07
-8.9980e-09 7.3038e-07
-8.9980e-09 7.3241e-07
-8.9980e-09 7.3445e-07
-8.9980e-09 7.3648e-07
-8.9980e-09 7.3852e-07
-8.9980e-09 7.4055e-07
-8.9980e-09 7.4258e-07
-8.9980e-09 7.4462e-07
-8.9980e-09 7.4665e-07
-8.9980e-09 7.4869e-07
-8.9980e-09 7.5072e-07
-8.9980e-09 7.5276e-07
-8.9980e-09 7.5479e-07
-8.9980e-09 7.5683e-07
-8.9980e-09 7.5886e-07
-8.9980e-09 7.6089e-07
-8.9980e-09 7.6293e-07
-8.9980e-09 7.6496e-07
-8.9980e-09 7.6700e-07
-8.9980e-09 7.6903e-07
-8.9980e-09 7.7107e-07
-8.9980e-09 7.7310e-07
-8.9980e-09 7.7514e-07
-8.9980e-09 7.7717e-07
-8.9980e-09 7.7921e-07
-8.9980e-09 7.8124e-07
-8.9980e-09 7.8327e-07
-8.9980e-09 7.8531e-07
-8.9980e-09 7.8734e-07
-8.9980e-09 7.8938e-07
-8.9980e-09 7.9141e-07
-8.9980e-09 7.9345e-07
-8.9980e-09 7.9548e-07
-8.9980e-09 7.9752e-07
-8.9980e-09 7.9955e-07
-8.9980e-09 8.0158e-07
-8.9980e-09 8.0362e-07
-8.9980e-09 8.0565e-07
-8.9980e-09 8.0769e-07
-8.9980e-09 8.0972e-07
-8.9980e-09 8.1176e-07
-8.9980e-09 8.1379e-07
-8.9980e-09 8.1583e-07
-8.9980e-09 8.1786e-07
-8.9980e-09 8.1989e-07
-8.9980e-09 8.2193e-07
-8.9980e-09 8.2396e-07
-8.9980e-09 8.2600e-07
-8.9980e-09 8.2803e-07
-8.9980e-09 8.3007e-07
-8.9980e-09 8.3210e-07
-8.9980e-09 8.3414e-07
-8.9980e-09 8.3617e-07
-8.9980e-09 8.3821e-07
-8.9980e-09 8.4024e-07
-8.9980e-09 8.4227e-07
-8.9980e-09 8.4431e-07
-8.9980e-09 8.4634e-07
-8.9980e-09 8.4838e-07
-8.9980e-09 8.5041e-07
-8.9980e-09 8.5245e-07
-8.9980e-09 8.5448e-07
-8.9980e-09 8.5652e-07
-8.9980e-09 8.5855e-07
-8.9980e-09 8.6058e-07
-8.9980e-09 8.6262e-07
-8.9980e-09 8.6465e-07
-8.9980e-09 8.6669e-07
-8.9980e-09 8.6872e-07
-8.9980e-09 8.7076e-07
-8.9980e-09 8.7279e-07
-8.9980e-09 8.7483e-07
-8.9980e-09 8.7686e-07
-8.9980e-09 8.7889e-07
-8.9980e-09 8.8093e-07
-8.9980e-09 8.8296e-07
-8.9980e-09 8.8500e-07
-8.9980e-09 8.8703e-07
-8.9980e-09 8.8907e-07
-8.9980e-09 8.9110e-07
-8.9980e-09 8.9314e-07
-8.9980e-09 8.9517e-07
-8.9980e-09 8.9720e-07
-8.9980e-09 8.9924e-07
-8.9980e-09 9.0127e-07
-8.9980e-09 9.0331e-07
-8.9980e-09 9.0534e-07
-8.9980e-09 9.0738e-07
-8.9980e-09 9.0941e-07
-8.9980e-09 9.1145e-07
-8.9980e-09 9.1348e-07
-8.9980e-09 9.1552e-07
-8.9980e-09 9.1755e-07
-8.9980e-09 9.1958e-07
-8.9980e-09 9.2162e-07
-8.9980e-09 9.2365e-07
-8.9980e-09 9.2569e-07
-8.9980e-09 9.2772e-07
-8.9980e-09 9.2976e-07
-8.9980e-09 9.3179e-07
-8.9980e-09 9.3383e-07
-8.9980e-09 9.3586e-07
-8.9980e-09 9.3789e-07
-8.9980e-09 9.3993e-07
-8.9980e-09 9.4196e-07
-8.9980e-09 9.4400e-07
-8.9980e-09 9.4603e-07
-8.9980e-09 9.4807e-07
-8.9980e-09 9.5010e-07
-8.9980e-09 9.5214e-07
-8.9980e-09 9.5417e-07
-8.9980e-09 9.5620e-07
-8.9980e-09 9.5824e-07
-8.9980e-09 9.6027e-07
-8.9980e-09 9.6231e-07
-8.9980e-09 9.6434e-07
-8.9980e-09 9.6638e-07
-8.9980e-09 9.6841e-07
-8.9980e-09 9.7045e-07
-8.9980e-09 9.7248e-07
-8.9980e-09 9.7452e-07
-8.9980e-09 9.7655e-07
-8.9980e-09 9.7858e-07
-8.9980e-09 9.8062e-07
-8.9980e-09 9.8265e-07
-8.9980e-09 9.8469e-07
-8.9980e-09 9.8672e-07
-8.9980e-09 9.8876e-07
-8.9980e-09 9.9079e-07
-8.9980e-09 9.9283e-07
-8.9980e-09 9.9486e-07
-8.9980e-09 9.9689e-07
-8.9980e-09 9.9893e-07
-8.9980e-09 1.0010e-06
-8.9980e-09 1.0030e-06
-8.9980e-09 1.0050e-06
-8.9980e-09 1.0071e-06
-8.9980e-09 1.0091e-06
-8.9980e-09 1.0111e-06
-8.9980e-09 1.0132e-06
-8.9980e-09 1.0152e-06
-8.9980e-09 1.0172e-06
-8.9980e-09 1.0193e-06
-8.9980e-09 1.0213e-06
-8.9980e-09 1.0233e-06
-8.9980e-09 1.0254e-06
-8.9980e-09 1.0274e-06
-8.9980e-09 1.0294e-06
-8.9980e-09 1.0315e-06
-8.9980e-09 1.0335e-06
-8.9980e-09 1.0355e-06
-8.9980e-09 1.0376e-06
-8.9980e-09 1.0396e-06
-8.9980e-09 1.0417e-06
-8.9980e-09 1.0437e-06
-8.9980e-09 1.0457e-06
-8.9980e-09 1.0478e-06
-8.9980e-09 1.0498e-06
-8.9980e-09 1.0518e-06
-8.9980e-09 1.0539e-06
-8.9980e-09 1.0559e-06
-8.9980e-09 1.0579e-06
-8.9980e-09 1.0600e-06
-8.9980e-09 1.0620e-06
-8.9980e-09 1.0640e-06
-8.9980e-09 1.0661e-06
-8.9980e-09 1.0681e-06
-8.9980e-09 1.0701e-06
-8.9980e-09 1.0722e-06
-8.9980e-09 1.0742e-06
-8.9980e-09 1.0762e-06
-8.9980e-09 1.0783e-06
-8.9980e-09 1.0803e-06
-8.9980e-09 1.0823e-06
-8.9980e-09 1.0844e-06
-8.9980e-09 1.0864e-06
-8.9980e-09 1.0884e-06
-8.9980e-09 1.0905e-06
-8.9980e-09 1.0925e-06
-8.9980e-09 1.0945e-06
-8.9980e-09 1.0966e-06
-8.9980e-09 1.0986e-06
-8.9980e-09 1.1007e-06
-8.9980e-09 1.1027e-06
-8.9980e-09 1.1047e-06
-8.9980e-09 1.1068e-06
-8.9980e-09 1.1088e-06
-8.9980e-09 1.1108e-06
-8.9980e-09 1.1129e-06
-8.9980e-09 1.1149e-06
-8.9980e-09 1.1169e-06
-8.9980e-09 1.1190e-06
-8.9980e-09 1.1210e-06
-8.9980e-09 1.1230e-06
-8.9980e-09 1.1251e-06
-8.9980e-09 1.1271e-06
-8.9980e-09 1.1291e-06
-8.9980e-09 1.1312e-06
-8.9980e-09 1.1332e-06
-8.9980e-09 1.1352e-06
-8.9980e-09 1.1373e-06
-8.9980e-09 1.1393e-06
-8.9980e-09 1.1413e-06
-8.9980e-09 1.1434e-06
-8.9980e-09 1.1454e-06
-8.9980e-09 1.1474e-06
-8.9980e-09 1.1495e-06
-8.9980e-09 1.1515e-06
-8.9980e-09 1.1535e-06
-8.9980e-09 1.1556e-06
-8.9980e-09 1.1576e-06
-8.9980e-09 1.1597e-06
-8.9980e-09 1.1617e-06
-8.9980e-09 1.1637e-06
-8.9980e-09 1.1658e-06
-8.9980e-09 1.1678e-06
-8.9980e-09 1.1698e-06
-8.9980e-09 1.1719e-06
-8.9980e-09 1.1739e-06
-8.9980e-09 1.1759e-06
-8.9980e-09 1.1780e-06
-8.9980e-09 1.1800e-06
-8.9980e-09 1.1820e-06
-8.9980e-09 1.1841e-06
-8.9980e-09 1.1861e-06
-8.9980e-09 1.1881e-06
-8.9980e-09 1.1902e-06
-8.9980e-09 1.1922e-06
-8.9980e-09 1.1942e-06
-8.9980e-09 1.1963e-06
-8.9980e-09 1.1983e-06
-8.9980e-09 1.2003e-06
-8.9980e-09 1.2024e-06
-8.9980e-09 1.2044e-06
-8.9980e-09 1.2064e-06
-8.9980e-09 1.2085e-06
-8.9980e-09 1.2105e-06
-8.9980e-09 1.2125e-06
-8.9980e-09 1.2146e-06
-8.9980e-09 1.2166e-06
-8.9980e-09 1.2187e-06
-8.9980e-09 1.2207e-06
-8.9980e-09 1.2227e-06
-8.9980e-09 1.2248e-06
-8.9980e-09 1.2268e-06
-8.9980e-09 1.2288e-06
-8.9980e-09 1.2309e-06
-8.9980e-09 1.2329e-06
-8.9980e-09 1.2349e-06
-8.9980e-09 1.2370e-06
-8.9980e-09 1.2390e-06
-8.9980e-09 1.2410e-06
-8.9980e-09 1.2431e-06
-8.9980e-09 1.2451e-06
-8.9980e-09 1.2471e-06
-8.9980e-09 1.2492e-06
-8.9980e-09 1.2512e-06
-8.9980e-09 1.2532e-06
-8.9980e-09 1.2553e-06
-8.9980e-09 1.2573e-06
-8.9980e-09 1.2593e-06
-8.9980e-09 1.2614e-06
-8.9980e-09 1.2634e-06
-8.9980e-09 1.2654e-06
-8.9980e-09 1.2675e-06
-8.9980e-09 1.2695e-06
-8.9980e-09 1.2715e-06
-8.9980e-09 1.2736e-06
-8.9980e-09 1.2756e-06
-8.9980e-09 1.2777e-06
-8.9980e-09 1.2797e-06
-8.9980e-09 1.2817e-06
-8.9980e-09 1.2838e-06
-8.9980e-09 1.2858e-06
-8.9980e-09 1.2878e-06
-8.9980e-09 1.2899e-06
-8.9980e-09 1.2919e-06
-8.9980e-09 1.2939e-06
-8.9980e-09 1.2960e-06
-8.9980e-09 1.2980e-06
-8.9980e-09 1.3000e-06
-8.9980e-09 1.3021e-06
-8.9980e-09 1.3041e-06
-8.9980e-09 1.3061e-06
-8.9980e-09 1.3082e-06
-8.9980e-09 1.3102e-06
-8.9980e-09 1.3122e-06
-8.9980e-09 1.3143e-06
-8.9980e-09 1.3163e-06
-8.9980e-09 1.3183e-06
-8.9980e-09 1.3204e-06
-8.9980e-09 1.3224e-06
-8.9980e-09 1.3244e-06
-8.9980e-09 1.3265e-06
-8.9980e-09 1.3285e-06
-8.9980e-09 1.3305e-06
-8.9980e-09 1.3326e-06
-8.9980e-09 1.3346e-06
-8.9980e-09 1.3367e-06
-8.9980e-09 1.3387e-06
-8.9980e-09 1.3407e-06
-8.9980e-09 1.3428e-06
-8.9980e-09 1.3448e-06
-8.9980e-09 1.3468e-06
-8.9980e-09 1.3489e-06
-8.9980e-09 1.3509e-06
-8.9980e-09 1.3529e-06
-8.9980e-09 1.3550e-06
-8.9980e-09 1.3570e-06
-8.9980e-09 1.3590e-06
-8.9980e-09 1.3611e-06
-8.9980e-09 1.3631e-06
-8.9980e-09 1.3651e-06
-8.9980e-09 1.3672e-06
-8.9980e-09 1.3692e-06
-8.9980e-09 1.3712e-06
-8.9980e-09 1.3733e-06
-8.9980e-09 1.3753e-06
-8.9980e-09 1.3773e-06
-8.9980e-09 1.3794e-06
-8.9980e-09 1.3814e-06
-8.9980e-09 1.3834e-06
-8.9980e-09 1.3855e-06
-8.9980e-09 1.3875e-06
-8.9980e-09 1.3895e-06
-8.9980e-09 1.3916e-06
-8.9980e-09 1.3936e-06
-8.9980e-09 1.3957e-06
-8.9980e-09 1.3977e-06
-8.9980e-09 1.3997e-06
-8.9980e-09 1.4018e-06
-8.9980e-09 1.4038e-06
-8.9980e-09 1.4058e-06
-8.9980e-09 1.4079e-06
-8.9980e-09 1.4099e-06
-8.9980e-09 1.4119e-06
-8.9980e-09 1.4140e-06
-8.9980e-09 1.4160e-06
-8.9980e-09 1.4180e-06
-8.9980e-09 1.4201e-06
-8.9980e-09 1.4221e-06
-8.9980e-09 1.4241e-06
-8.9980e-09 1.4262e-06
-8.9980e-09 1.4282e-06
-8.9980e-09 1.4302e-06
-8.9980e-09 1.4323e-06
-8.9980e-09 1.4343e-06
-8.9980e-09 1.4363e-06
-8.9980e-09 1.4384e-06
-8.9980e-09 1.4404e-06
-8.9980e-09 1.4424e-06
-8.9980e-09 1.4445e-06
-8.9980e-09 1.4465e-06
-8.9980e-09 1.4485e-06
-8.9980e-09 1.4506e-06
-8.9980e-09 1.4526e-06
-8.9980e-09 1.4547e-06
-8.9980e-09 1.4567e-06
-8.9980e-09 1.4587e-06
-8.9980e-09 1.4608e-06
-8.9980e-09 1.4628e-06
-8.9980e-09 1.4648e-06
-8.9980e-09 1.4669e-06
-8.9980e-09 1.4689e-06
-8.9980e-09 1.4709e-06
-8.9980e-09 1.4730e-06
-8.9980e-09 1.4750e-06
-8.9980e-09 1.4770e-06
-8.9980e-09 1.4791e-06
-8.9980e-09 1.4811e-06
-8.9980e-09 1.4831e-06
-8.9980e-09 1.4852e-06
-8.9980e-09 1.4872e-06
-8.9980e-09 1.4892e-06
-8.9980e-09 1.4913e-06
-8.9980e-09 1.4933e-06
-8.9980e-09 1.4953e-06
-8.9980e-09 1.4974e-06
-8.9980e-09 1.4994e-06
-8.9980e-09 1.5014e-06
-8.9980e-09 1.5035e-06
-8.9980e-09 1.5055e-06
-8.9980e-09 1.5075e-06
-8.9980e-09 1.5096e-06
-8.9980e-09 1.5116e-06
-8.9980e-09 1.5137e-06
-8.9980e-09 1.5157e-06
-8.9980e-09 1.5177e-06
-8.9980e-09 1.5198e-06
-8.9980e-09 1.5218e-06
1.0103e-09 1.5138e-06
