-1.0010e-06 1.4940e-06
-1.0010e-06 1.5007e-06
-9.9426e-07 1.5004e-06
-9.8757e-07 1.4996e-06
-9.8087e-07 1.4984e-06
-9.7418e-07 1.4970e-06
-9.6748e-07 1.4956e-06
-9.6079e-07 1.4944e-06
-9.5409e-07 1.4935e-06
-9.4740e-07 1.4931e-06
-9.4070e-07 1.4930e-06
-9.3400e-07 1.4932e-06
-9.2731e-07 1.4938e-06
-9.2061e-07 1.4945e-06
-9.1392e-07 1.4951e-06
-9.0722e-07 1.4956e-06
-9.0053e-07 1.4962e-06
-8.9383e-07 1.4968e-06
-8.8714e-07 1.4975e-06
-8.8044e-07 1.4980e-06
-8.7375e-07 1.4983e-06
-8.6705e-07 1.4983e-06
-8.6036e-07 1.4982e-06
-8.5366e-07 1.4979e-06
-8.4696e-07 1.4976e-06
-8.4027e-07 1.4973e-06
-8.3357e-07 1.4972e-06
-8.2688e-07 1.4972e-06
-8.2018e-07 1.4972e-06
-8.1349e-07 1.4969e-06
-8.0679e-07 1.4962e-06
-8.0010e-07 1.4950e-06
-7.9340e-07 1.4936e-06
-7.8671e-07 1.4922e-06
-7.8001e-07 1.4909e-06
-7.7332e-07 1.4898e-06
-7.6662e-07 1.4889e-06
-7.5993e-07 1.4881e-06
-7.5323e-07 1.4874e-06
-7.4653e-07 1.4866e-06
-7.3984e-07 1.4861e-06
-7.3314e-07 1.4857e-06
-7.2645e-07 1.4852e-06
-7.1975e-07 1.4847e-06
-7.1306e-07 1.4843e-06
-7.0636e-07 1.4839e-06
-6.9967e-07 1.4835e-06
-6.9297e-07 1.4835e-06
-6.8628e-07 1.4837e-06
-6.7958e-07 1.4844e-06
-6.7289e-07 1.4857e-06
-6.6619e-07 1.4874e-06
-6.5949e-07 1.4894e-06
-6.5280e-07 1.4916e-06
-6.4610e-07 1.4938e-06
-6.3941e-07 1.4961e-06
-6.3271e-07 1.4985e-06
-6.2602e-07 1.5007e-06
-6.1932e-07 1.5025e-06
-6.1263e-07 1.5038e-06
-6.0593e-07 1.5047e-06
-5.9924e-07 1.5052e-06
-5.9254e-07 1.5052e-06
-5.8585e-07 1.5051e-06
-5.7915e-07 1.5051e-06
-5.7245e-07 1.5054e-06
-5.6576e-07 1.5055e-06
-5.5906e-07 1.5055e-06
-5.5237e-07 1.5055e-06
-5.4567e-07 1.5057e-06
-5.3898e-07 1.5058e-06
-5.3228e-07 1.5061e-06
-5.2559e-07 1.5064e-06
-5.1889e-07 1.5068e-06
-5.1220e-07 1.5075e-06
-5.0550e-07 1.5087e-06
-4.9881e-07 1.5101e-06
-4.9211e-07 1.5115e-06
-4.8541e-07 1.5126e-06
-4.7872e-07 1.5133e-06
-4.7202e-07 1.5136e-06
-4.6533e-07 1.5134e-06
-4.5863e-07 1.5128e-06
-4.5194e-07 1.5119e-06
-4.4524e-07 1.5106e-06
-4.3855e-07 1.5088e-06
-4.3185e-07 1.5070e-06
-4.2516e-07 1.5054e-06
-4.1846e-07 1.5042e-06
-4.1177e-07 1.5032e-06
-4.0507e-07 1.5021e-06
-3.9837e-07 1.5011e-06
-3.9168e-07 1.5001e-06
-3.8498e-07 1.4992e-06
-3.7829e-07 1.4986e-06
-3.7159e-07 1.4983e-06
-3.6490e-07 1.4982e-06
-3.5820e-07 1.4983e-06
-3.5151e-07 1.4984e-06
-3.4481e-07 1.4983e-06
-3.3812e-07 1.4978e-06
-3.3142e-07 1.4971e-06
-3.2473e-07 1.4964e-06
-3.1803e-07 1.4956e-06
-3.1133e-07 1.4952e-06
-3.0464e-07 1.4952e-06
-2.9794e-07 1.4955e-06
-2.9125e-07 1.4961e-06
-2.8455e-07 1.4969e-06
-2.7786e-07 1.4977e-06
-2.7116e-07 1.4986e-06
-2.6447e-07 1.4993e-06
-2.5777e-07 1.5000e-06
-2.5108e-07 1.5006e-06
-2.4438e-07 1.5009e-06
-2.3769e-07 1.5012e-06
-2.3099e-07 1.5013e-06
-2.2430e-07 1.5011e-06
-2.1760e-07 1.5007e-06
-2.1090e-07 1.5005e-06
-2.0421e-07 1.5004e-06
-1.9751e-07 1.5001e-06
-1.9082e-07 1.4999e-06
-1.8412e-07 1.4999e-06
-1.7743e-07 1.5001e-06
-1.7073e-07 1.5001e-06
-1.6404e-07 1.4999e-06
-1.5734e-07 1.4996e-06
-1.5065e-07 1.4991e-06
-1.4395e-07 1.4987e-06
-1.3726e-07 1.4984e-06
-1.3056e-07 1.4982e-06
-1.2386e-07 1.4983e-06
-1.1717e-07 1.4985e-06
-1.1047e-07 1.4988e-06
-1.0378e-07 1.4991e-06
-9.7083e-08 1.4993e-06
-9.0388e-08 1.4994e-06
-8.3692e-08 1.4994e-06
-7.6997e-08 1.4995e-06
-7.0301e-08 1.4997e-06
-6.3606e-08 1.5000e-06
-5.6911e-08 1.5004e-06
-5.0215e-08 1.5007e-06
-4.3520e-08 1.5011e-06
-3.6825e-08 1.5014e-06
-3.0129e-08 1.5016e-06
-2.3434e-08 1.5019e-06
-1.6738e-08 1.5022e-06
-1.0043e-08 1.5025e-06
-3.3477e-09 1.5031e-06
3.3477e-09 1.5035e-06
1.0043e-08 1.5037e-06
1.6738e-08 1.5039e-06
2.3434e-08 1.5044e-06
3.0129e-08 1.5050e-06
3.6825e-08 1.5052e-06
4.3520e-08 1.5049e-06
5.0215e-08 1.5044e-06
5.6911e-08 1.5039e-06
6.3606e-08 1.5041e-06
7.0301e-08 1.5046e-06
7.6997e-08 1.5054e-06
8.3692e-08 1.5062e-06
9.0388e-08 1.5071e-06
9.7083e-08 1.5082e-06
1.0378e-07 1.5094e-06
1.1047e-07 1.5103e-06
1.1717e-07 1.5109e-06
1.2386e-07 1.5115e-06
1.3056e-07 1.5122e-06
1.3726e-07 1.5129e-06
1.4395e-07 1.5134e-06
1.5065e-07 1.5138e-06
1.5734e-07 1.5140e-06
1.6404e-07 1.5141e-06
1.7073e-07 1.5138e-06
1.7743e-07 1.5135e-06
1.8412e-07 1.5130e-06
1.9082e-07 1.5122e-06
1.9751e-07 1.5110e-06
2.0421e-07 1.5097e-06
2.1090e-07 1.5083e-06
2.1760e-07 1.5069e-06
2.2430e-07 1.5056e-06
2.3099e-07 1.5044e-06
2.3769e-07 1.5031e-06
2.4438e-07 1.5019e-06
2.5108e-07 1.5008e-06
2.5777e-07 1.4998e-06
2.6447e-07 1.4990e-06
2.7116e-07 1.4987e-06
2.7786e-07 1.4988e-06
2.8455e-07 1.4994e-06
2.9125e-07 1.5005e-06
2.9794e-07 1.5017e-06
3.0464e-07 1.5028e-06
3.1133e-07 1.5038e-06
3.1803e-07 1.5045e-06
3.2473e-07 1.5053e-06
3.3142e-07 1.5060e-06
3.3812e-07 1.5066e-06
3.4481e-07 1.5070e-06
3.5151e-07 1.5070e-06
3.5820e-07 1.5065e-06
3.6490e-07 1.5058e-06
3.7159e-07 1.5050e-06
3.7829e-07 1.5042e-06
3.8498e-07 1.5032e-06
3.9168e-07 1.5023e-06
3.9837e-07 1.5018e-06
4.0507e-07 1.5016e-06
4.1177e-07 1.5016e-06
4.1846e-07 1.5017e-06
4.2516e-07 1.5018e-06
4.3185e-07 1.5022e-06
4.3855e-07 1.5029e-06
4.4524e-07 1.5035e-06
4.5194e-07 1.5038e-06
4.5863e-07 1.5040e-06
4.6533e-07 1.5042e-06
4.7202e-07 1.5042e-06
4.7872e-07 1.5041e-06
4.8541e-07 1.5039e-06
4.9211e-07 1.5037e-06
4.9881e-07 1.5037e-06
5.0550e-07 1.5038e-06
5.1220e-07 1.5035e-06
5.1889e-07 1.5030e-06
5.2559e-07 1.5024e-06
5.3228e-07 1.5019e-06
5.3898e-07 1.5016e-06
5.4567e-07 1.5013e-06
5.5237e-07 1.5013e-06
5.5906e-07 1.5015e-06
5.6576e-07 1.5018e-06
5.7245e-07 1.5018e-06
5.7915e-07 1.5019e-06
5.8585e-07 1.5021e-06
5.9254e-07 1.5021e-06
5.9924e-07 1.5022e-06
6.0593e-07 1.5023e-06
6.1263e-07 1.5020e-06
6.1932e-07 1.5012e-06
6.2602e-07 1.5004e-06
6.3271e-07 1.4998e-06
6.3941e-07 1.4992e-06
6.4610e-07 1.4987e-06
6.5280e-07 1.4984e-06
6.5949e-07 1.4986e-06
6.6619e-07 1.4991e-06
6.7289e-07 1.4996e-06
6.7958e-07 1.4999e-06
6.8628e-07 1.5000e-06
6.9297e-07 1.4999e-06
6.9967e-07 1.4997e-06
7.0636e-07 1.4994e-06
7.1306e-07 1.4991e-06
7.1975e-07 1.4987e-06
7.2645e-07 1.4983e-06
7.3314e-07 1.4977e-06
7.3984e-07 1.4972e-06
7.4653e-07 1.4966e-06
7.5323e-07 1.4962e-06
7.5993e-07 1.4959e-06
7.6662e-07 1.4961e-06
7.7332e-07 1.4966e-06
7.8001e-07 1.4971e-06
7.8671e-07 1.4973e-06
7.9340e-07 1.4973e-06
8.0010e-07 1.4971e-06
8.0679e-07 1.4968e-06
8.1349e-07 1.4965e-06
8.2018e-07 1.4960e-06
8.2688e-07 1.4954e-06
8.3357e-07 1.4946e-06
8.4027e-07 1.4937e-06
8.4696e-07 1.4930e-06
8.5366e-07 1.4928e-06
8.6036e-07 1.4932e-06
8.6705e-07 1.4939e-06
8.7375e-07 1.4948e-06
8.8044e-07 1.4962e-06
8.8714e-07 1.4979e-06
8.9383e-07 1.4994e-06
9.0053e-07 1.5007e-06
9.0722e-07 1.5017e-06
9.1392e-07 1.5026e-06
9.2061e-07 1.5032e-06
9.2731e-07 1.5033e-06
9.3400e-07 1.5029e-06
9.4070e-07 1.5020e-06
9.4740e-07 1.5005e-06
9.5409e-07 1.4990e-06
9.6079e-07 1.4974e-06
9.6748e-07 1.4958e-06
9.7418e-07 1.4940e-06
9.8087e-07 1.4924e-06
9.8757e-07 1.4909e-06
9.9426e-07 1.4894e-06
1.0010e-06 1.4878e-06
1.0010e-06 1.4812e-06
1.0010e-06 1.4745e-06
1.0010e-06 1.4679e-06
1.0010e-06 1.4613e-06
1.0010e-06 1.4547e-06
1.0010e-06 1.4481e-06
1.0010e-06 1.4415e-06
1.0010e-06 1.4349e-06
1.0010e-06 1.4283e-06
1.0010e-06 1.4216e-06
1.0010e-06 1.4150e-06
1.0010e-06 1.4084e-06
1.0010e-06 1.4018e-06
1.0010e-06 1.3952e-06
1.0010e-06 1.3886e-06
1.0010e-06 1.3820e-06
1.0010e-06 1.3754e-06
1.0010e-06 1.3688e-06
1.0010e-06 1.3621e-06
1.0010e-06 1.3555e-06
1.0010e-06 1.3489e-06
1.0010e-06 1.3423e-06
1.0010e-06 1.3357e-06
1.0010e-06 1.3291e-06
1.0010e-06 1.3225e-06
1.0010e-06 1.3159e-06
1.0010e-06 1.3092e-06
1.0010e-06 1.3026e-06
1.0010e-06 1.2960e-06
1.0010e-06 1.2894e-06
1.0010e-06 1.2828e-06
1.0010e-06 1.2762e-06
1.0010e-06 1.2696e-06
1.0010e-06 1.2630e-06
1.0010e-06 1.2563e-06
1.0010e-06 1.2497e-06
1.0010e-06 1.2431e-06
1.0010e-06 1.2365e-06
1.0010e-06 1.2299e-06
1.0010e-06 1.2233e-06
1.0010e-06 1.2167e-06
1.0010e-06 1.2101e-06
1.0010e-06 1.2034e-06
1.0010e-06 1.1968e-06
1.0010e-06 1.1902e-06
1.0010e-06 1.1836e-06
1.0010e-06 1.1770e-06
1.0010e-06 1.1704e-06
1.0010e-06 1.1638e-06
1.0010e-06 1.1572e-06
1.0010e-06 1.1505e-06
1.0010e-06 1.1439e-06
1.0010e-06 1.1373e-06
1.0010e-06 1.1307e-06
1.0010e-06 1.1241e-06
1.0010e-06 1.1175e-06
1.0010e-06 1.1109e-06
1.0010e-06 1.1043e-06
1.0010e-06 1.0976e-06
1.0010e-06 1.0910e-06
1.0010e-06 1.0844e-06
1.0010e-06 1.0778e-06
1.0010e-06 1.0712e-06
1.0010e-06 1.0646e-06
1.0010e-06 1.0580e-06
1.0010e-06 1.0514e-06
1.0010e-06 1.0447e-06
1.0010e-06 1.0381e-06
1.0010e-06 1.0315e-06
1.0010e-06 1.0249e-06
1.0010e-06 1.0183e-06
1.0010e-06 1.0117e-06
1.0010e-06 1.0051e-06
1.0010e-06 9.9846e-07
1.0010e-06 9.9185e-07
1.0010e-06 9.8524e-07
1.0010e-06 9.7862e-07
1.0010e-06 9.7201e-07
1.0010e-06 9.6540e-07
1.0010e-06 9.5879e-07
1.0010e-06 9.5217e-07
1.0010e-06 9.4556e-07
1.0010e-06 9.3895e-07
1.0010e-06 9.3234e-07
1.0010e-06 9.2573e-07
1.0010e-06 9.1911e-07
1.0010e-06 9.1250e-07
1.0010e-06 9.0589e-07
1.0010e-06 8.9928e-07
1.0010e-06 8.9266e-07
1.0010e-06 8.8605e-07
1.0010e-06 8.7944e-07
1.0010e-06 8.7283e-07
1.0010e-06 8.6621e-07
1.0010e-06 8.5960e-07
1.0010e-06 8.5299e-07
1.0010e-06 8.4638e-07
1.0010e-06 8.3976e-07
1.0010e-06 8.3315e-07
1.0010e-06 8.2654e-07
1.0010e-06 8.1993e-07
1.0010e-06 8.1332e-07
1.0010e-06 8.0670e-07
1.0010e-06 8.0009e-07
1.0010e-06 7.9348e-07
1.0010e-06 7.8687e-07
1.0010e-06 7.8025e-07
1.0010e-06 7.7364e-07
1.0010e-06 7.6703e-07
1.0010e-06 7.6042e-07
1.0010e-06 7.5380e-07
1.0010e-06 7.4719e-07
1.0010e-06 7.4058e-07
1.0010e-06 7.3397e-07
1.0010e-06 7.2736e-07
1.0010e-06 7.2074e-07
1.0010e-06 7.1413e-07
1.0010e-06 7.0752e-07
1.0010e-06 7.0091e-07
1.0010e-06 6.9429e-07
1.0010e-06 6.8768e-07
1.0010e-06 6.8107e-07
1.0010e-06 6.7446e-07
1.0010e-06 6.6784e-07
1.0010e-06 6.6123e-07
1.0010e-06 6.5462e-07
1.0010e-06 6.4801e-07
1.0010e-06 6.4140e-07
1.0010e-06 6.3478e-07
1.0010e-06 6.2817e-07
1.0010e-06 6.2156e-07
1.0010e-06 6.1495e-07
1.0010e-06 6.0833e-07
1.0010e-06 6.0172e-07
1.0010e-06 5.9511e-07
1.0010e-06 5.8850e-07
1.0010e-06 5.8188e-07
1.0010e-06 5.7527e-07
1.0010e-06 5.6866e-07
1.0010e-06 5.6205e-07
1.0010e-06 5.5544e-07
1.0010e-06 5.4882e-07
1.0010e-06 5.4221e-07
1.0010e-06 5.3560e-07
1.0010e-06 5.2899e-07
1.0010e-06 5.2237e-07
1.0010e-06 5.1576e-07
1.0010e-06 5.0915e-07
1.0010e-06 5.0254e-07
1.0010e-06 4.9592e-07
1.0010e-06 4.8931e-07
1.0010e-06 4.8270e-07
1.0010e-06 4.7609e-07
1.0010e-06 4.6947e-07
1.0010e-06 4.6286e-07
1.0010e-06 4.5625e-07
1.0010e-06 4.4964e-07
1.0010e-06 4.4303e-07
1.0010e-06 4.3641e-07
1.0010e-06 4.2980e-07
1.0010e-06 4.2319e-07
1.0010e-06 4.1658e-07
1.0010e-06 4.0996e-07
1.0010e-06 4.0335e-07
1.0010e-06 3.9674e-07
1.0010e-06 3.9013e-07
1.0010e-06 3.8351e-07
1.0010e-06 3.7690e-07
1.0010e-06 3.7029e-07
1.0010e-06 3.6368e-07
1.0010e-06 3.5707e-07
1.0010e-06 3.5045e-07
1.0010e-06 3.4384e-07
1.0010e-06 3.3723e-07
1.0010e-06 3.3062e-07
1.0010e-06 3.2400e-07
1.0010e-06 3.1739e-07
1.0010e-06 3.1078e-07
1.0010e-06 3.0417e-07
1.0010e-06 2.9755e-07
1.0010e-06 2.9094e-07
1.0010e-06 2.8433e-07
1.0010e-06 2.7772e-07
1.0010e-06 2.7111e-07
1.0010e-06 2.6449e-07
1.0010e-06 2.5788e-07
1.0010e-06 2.5127e-07
1.0010e-06 2.4466e-07
1.0010e-06 2.3804e-07
1.0010e-06 2.3143e-07
1.0010e-06 2.2482e-07
1.0010e-06 2.1821e-07
1.0010e-06 2.1159e-07
1.0010e-06 2.0498e-07
1.0010e-06 1.9837e-07
1.0010e-06 1.9176e-07
1.0010e-06 1.8515e-07
1.0010e-06 1.7853e-07
1.0010e-06 1.7192e-07
1.0010e-06 1.6531e-07
1.0010e-06 1.5870e-07
1.0010e-06 1.5208e-07
1.0010e-06 1.4547e-07
1.0010e-06 1.3886e-07
1.0010e-06 1.3225e-07
1.0010e-06 1.2563e-07
1.0010e-06 1.1902e-07
1.0010e-06 1.1241e-07
1.0010e-06 1.0580e-07
1.0010e-06 9.9185e-08
1.0010e-06 9.2573e-08
1.0010e-06 8.5960e-08
1.0010e-06 7.9348e-08
1.0010e-06 7.2736e-08
1.0010e-06 6.6123e-08
1.0010e-06 5.9511e-08
1.0010e-06 5.2899e-08
1.0010e-06 4.6286e-08
1.0010e-06 3.9674e-08
1.0010e-06 3.3062e-08
1.0010e-06 2.6449e-08
1.0010e-06 1.9837e-08
1.0010e-06 1.3225e-08
1.0010e-06 6.6123e-09
1.0010e-06 0.0000e+00
9.9426e-07 0.0000e+00
9.8757e-07 0.0000e+00
9.8087e-07 0.0000e+00
9.7418e-07 0.0000e+00
9.6748e-07 0.0000e+00
9.6079e-07 0.0000e+00
9.5409e-07 0.0000e+00
9.4740e-07 0.0000e+00
9.4070e-07 0.0000e+00
9.3400e-07 0.0000e+00
9.2731e-07 0.0000e+00
9.2061e-07 0.0000e+00
9.1392e-07 0.0000e+00
9.0722e-07 0.0000e+00
9.0053e-07 0.0000e+00
8.9383e-07 0.0000e+00
8.8714e-07 0.0000e+00
8.8044e-07 0.0000e+00
8.7375e-07 0.0000e+00
8.6705e-07 0.0000e+00
8.6036e-07 0.0000e+00
8.5366e-07 0.0000e+00
8.4696e-07 0.0000e+00
8.4027e-07 0.0000e+00
8.3357e-07 0.0000e+00
8.2688e-07 0.0000e+00
8.2018e-07 0.0000e+00
8.1349e-07 0.0000e+00
8.0679e-07 0.0000e+00
8.0010e-07 0.0000e+00
7.9340e-07 0.0000e+00
7.8671e-07 0.0000e+00
7.8001e-07 0.0000e+00
7.7332e-07 0.0000e+00
7.6662e-07 0.0000e+00
7.5993e-07 0.0000e+00
7.5323e-07 0.0000e+00
7.4653e-07 0.0000e+00
7.3984e-07 0.0000e+00
7.3314e-07 0.0000e+00
7.2645e-07 0.0000e+00
7.1975e-07 0.0000e+00
7.1306e-07 0.0000e+00
7.0636e-07 0.0000e+00
6.9967e-07 0.0000e+00
6.9297e-07 0.0000e+00
6.8628e-07 0.0000e+00
6.7958e-07 0.0000e+00
6.7289e-07 0.0000e+00
6.6619e-07 0.0000e+00
6.5949e-07 0.0000e+00
6.5280e-07 0.0000e+00
6.4610e-07 0.0000e+00
6.3941e-07 0.0000e+00
6.3271e-07 0.0000e+00
6.2602e-07 0.0000e+00
6.1932e-07 0.0000e+00
6.1263e-07 0.0000e+00
6.0593e-07 0.0000e+00
5.9924e-07 0.0000e+00
5.9254e-07 0.0000e+00
5.8585e-07 0.0000e+00
5.7915e-07 0.0000e+00
5.7245e-07 0.0000e+00
5.6576e-07 0.0000e+00
5.5906e-07 0.0000e+00
5.5237e-07 0.0000e+00
5.4567e-07 0.0000e+00
5.3898e-07 0.0000e+00
5.3228e-07 0.0000e+00
5.2559e-07 0.0000e+00
5.1889e-07 0.0000e+00
5.1220e-07 0.0000e+00
5.0550e-07 0.0000e+00
4.9881e-07 0.0000e+00
4.9211e-07 0.0000e+00
4.8541e-07 0.0000e+00
4.7872e-07 0.0000e+00
4.7202e-07 0.0000e+00
4.6533e-07 0.0000e+00
4.5863e-07 0.0000e+00
4.5194e-07 0.0000e+00
4.4524e-07 0.0000e+00
4.3855e-07 0.0000e+00
4.3185e-07 0.0000e+00
4.2516e-07 0.0000e+00
4.1846e-07 0.0000e+00
4.1177e-07 0.0000e+00
4.0507e-07 0.0000e+00
3.9837e-07 0.0000e+00
3.9168e-07 0.0000e+00
3.8498e-07 0.0000e+00
3.7829e-07 0.0000e+00
3.7159e-07 0.0000e+00
3.6490e-07 0.0000e+00
3.5820e-07 0.0000e+00
3.5151e-07 0.0000e+00
3.4481e-07 0.0000e+00
3.3812e-07 0.0000e+00
3.3142e-07 0.0000e+00
3.2473e-07 0.0000e+00
3.1803e-07 0.0000e+00
3.1133e-07 0.0000e+00
3.0464e-07 0.0000e+00
2.9794e-07 0.0000e+00
2.9125e-07 0.0000e+00
2.8455e-07 0.0000e+00
2.7786e-07 0.0000e+00
2.7116e-07 0.0000e+00
2.6447e-07 0.0000e+00
2.5777e-07 0.0000e+00
2.5108e-07 0.0000e+00
2.4438e-07 0.0000e+00
2.3769e-07 0.0000e+00
2.3099e-07 0.0000e+00
2.2430e-07 0.0000e+00
2.1760e-07 0.0000e+00
2.1090e-07 0.0000e+00
2.0421e-07 0.0000e+00
1.9751e-07 0.0000e+00
1.9082e-07 0.0000e+00
1.8412e-07 0.0000e+00
1.7743e-07 0.0000e+00
1.7073e-07 0.0000e+00
1.6404e-07 0.0000e+00
1.5734e-07 0.0000e+00
1.5065e-07 0.0000e+00
1.4395e-07 0.0000e+00
1.3726e-07 0.0000e+00
1.3056e-07 0.0000e+00
1.2386e-07 0.0000e+00
1.1717e-07 0.0000e+00
1.1047e-07 0.0000e+00
1.0378e-07 0.0000e+00
9.7083e-08 0.0000e+00
9.0388e-08 0.0000e+00
8.3692e-08 0.0000e+00
7.6997e-08 0.0000e+00
7.0301e-08 0.0000e+00
6.3606e-08 0.0000e+00
5.6911e-08 0.0000e+00
5.0215e-08 0.0000e+00
4.3520e-08 0.0000e+00
3.6825e-08 0.0000e+00
3.0129e-08 0.0000e+00
2.3434e-08 0.0000e+00
1.6738e-08 0.0000e+00
1.0043e-08 0.0000e+00
3.3477e-09 0.0000e+00
-3.3477e-09 0.0000e+00
-1.0043e-08 0.0000e+00
-1.6738e-08 0.0000e+00
-2.3434e-08 0.0000e+00
-3.0129e-08 0.0000e+00
-3.6825e-08 0.0000e+00
-4.3520e-08 0.0000e+00
-5.0215e-08 0.0000e+00
-5.6911e-08 0.0000e+00
-6.3606e-08 0.0000e+00
-7.0301e-08 0.0000e+00
-7.6997e-08 0.0000e+00
-8.3692e-08 0.0000e+00
-9.0388e-08 0.0000e+00
-9.7083e-08 0.0000e+00
-1.0378e-07 0.0000e+00
-1.1047e-07 0.0000e+00
-1.1717e-07 0.0000e+00
-1.2386e-07 0.0000e+00
-1.3056e-07 0.0000e+00
-1.3726e-07 0.0000e+00
-1.4395e-07 0.0000e+00
-1.5065e-07 0.0000e+00
-1.5734e-07 0.0000e+00
-1.6404e-07 0.0000e+00
-1.7073e-07 0.0000e+00
-1.7743e-07 0.0000e+00
-1.8412e-07 0.0000e+00
-1.9082e-07 0.0000e+00
-1.9751e-07 0.0000e+00
-2.0421e-07 0.0000e+00
-2.1090e-07 0.0000e+00
-2.1760e-07 0.0000e+00
-2.2430e-07 0.0000e+00
-2.3099e-07 0.0000e+00
-2.3769e-07 0.0000e+00
-2.4438e-07 0.0000e+00
-2.5108e-07 0.0000e+00
-2.5777e-07 0.0000e+00
-2.6447e-07 0.0000e+00
-2.7116e-07 0.0000e+00
-2.7786e-07 0.0000e+00
-2.8455e-07 0.0000e+00
-2.9125e-07 0.0000e+00
-2.9794e-07 0.0000e+00
-3.0464e-07 0.0000e+00
-3.1133e-07 0.0000e+00
-3.1803e-07 0.0000e+00
-3.2473e-07 0.0000e+00
-3.3142e-07 0.0000e+00
-3.3812e-07 0.0000e+00
-3.4481e-07 0.0000e+00
-3.5151e-07 0.0000e+00
-3.5820e-07 0.0000e+00
-3.6490e-07 0.0000e+00
-3.7159e-07 0.0000e+00
-3.7829e-07 0.0000e+00
-3.8498e-07 0.0000e+00
-3.9168e-07 0.0000e+00
-3.9837e-07 0.0000e+00
-4.0507e-07 0.0000e+00
-4.1177e-07 0.0000e+00
-4.1846e-07 0.0000e+00
-4.2516e-07 0.0000e+00
-4.3185e-07 0.0000e+00
-4.3855e-07 0.0000e+00
-4.4524e-07 0.0000e+00
-4.5194e-07 0.0000e+00
-4.5863e-07 0.0000e+00
-4.6533e-07 0.0000e+00
-4.7202e-07 0.0000e+00
-4.7872e-07 0.0000e+00
-4.8541e-07 0.0000e+00
-4.9211e-07 0.0000e+00
-4.9881e-07 0.0000e+00
-5.0550e-07 0.0000e+00
-5.1220e-07 0.0000e+00
-5.1889e-07 0.0000e+00
-5.2559e-07 0.0000e+00
-5.3228e-07 0.0000e+00
-5.3898e-07 0.0000e+00
-5.4567e-07 0.0000e+00
-5.5237e-07 0.0000e+00
-5.5906e-07 0.0000e+00
-5.6576e-07 0.0000e+00
-5.7245e-07 0.0000e+00
-5.7915e-07 0.0000e+00
-5.8585e-07 0.0000e+00
-5.9254e-07 0.0000e+00
-5.9924e-07 0.0000e+00
-6.0593e-07 0.0000e+00
-6.1263e-07 0.0000e+00
-6.1932e-07 0.0000e+00
-6.2602e-07 0.0000e+00
-6.3271e-07 0.0000e+00
-6.3941e-07 0.0000e+00
-6.4610e-07 0.0000e+00
-6.5280e-07 0.0000e+00
-6.5949e-07 0.0000e+00
-6.6619e-07 0.0000e+00
-6.7289e-07 0.0000e+00
-6.7958e-07 0.0000e+00
-6.8628e-07 0.0000e+00
-6.9297e-07 0.0000e+00
-6.9967e-07 0.0000e+00
-7.0636e-07 0.0000e+00
-7.1306e-07 0.0000e+00
-7.1975e-07 0.0000e+00
-7.2645e-07 0.0000e+00
-7.3314e-07 0.0000e+00
-7.3984e-07 0.0000e+00
-7.4653e-07 0.0000e+00
-7.5323e-07 0.0000e+00
-7.5993e-07 0.0000e+00
-7.6662e-07 0.0000e+00
-7.7332e-07 0.0000e+00
-7.8001e-07 0.0000e+00
-7.8671e-07 0.0000e+00
-7.9340e-07 0.0000e+00
-8.0010e-07 0.0000e+00
-8.0679e-07 0.0000e+00
-8.1349e-07 0.0000e+00
-8.2018e-07 0.0000e+00
-8.2688e-07 0.0000e+00
-8.3357e-07 0.0000e+00
-8.4027e-07 0.0000e+00
-8.4696e-07 0.0000e+00
-8.5366e-07 0.0000e+00
-8.6036e-07 0.0000e+00
-8.6705e-07 0.0000e+00
-8.7375e-07 0.0000e+00
-8.8044e-07 0.0000e+00
-8.8714e-07 0.0000e+00
-8.9383e-07 0.0000e+00
-9.0053e-07 0.0000e+00
-9.0722e-07 0.0000e+00
-9.1392e-07 0.0000e+00
-9.2061e-07 0.0000e+00
-9.2731e-07 0.0000e+00
-9.3400e-07 0.0000e+00
-9.4070e-07 0.0000e+00
-9.4740e-07 0.0000e+00
-9.5409e-07 0.0000e+00
-9.6079e-07 0.0000e+00
-9.6748e-07 0.0000e+00
-9.7418e-07 0.0000e+00
-9.8087e-07 0.0000e+00
-9.8757e-07 0.0000e+00
-9.9426e-07 0.0000e+00
-1.0010e-06 0.0000e+00
-1.0010e-06 6.6697e-09
-1.0010e-06 1.3339e-08
-1.0010e-06 2.0009e-08
-1.0010e-06 2.6679e-08
-1.0010e-06 3.3348e-08
-1.0010e-06 4.0018e-08
-1.0010e-06 4.6688e-08
-1.0010e-06 5.3357e-08
-1.0010e-06 6.0027e-08
-1.0010e-06 6.6697e-08
-1.0010e-06 7.3366e-08
-1.0010e-06 8.0036e-08
-1.0010e-06 8.6706e-08
-1.0010e-06 9.3375e-08
-1.0010e-06 1.0005e-07
-1.0010e-06 1.0671e-07
-1.0010e-06 1.1338e-07
-1.0010e-06 1.2005e-07
-1.0010e-06 1.2672e-07
-1.0010e-06 1.3339e-07
-1.0010e-06 1.4006e-07
-1.0010e-06 1.4673e-07
-1.0010e-06 1.5340e-07
-1.0010e-06 1.6007e-07
-1.0010e-06 1.6674e-07
-1.0010e-06 1.7341e-07
-1.0010e-06 1.8008e-07
-1.0010e-06 1.8675e-07
-1.0010e-06 1.9342e-07
-1.0010e-06 2.0009e-07
-1.0010e-06 2.0676e-07
-1.0010e-06 2.1343e-07
-1.0010e-06 2.2010e-07
-1.0010e-06 2.2677e-07
-1.0010e-06 2.3344e-07
-1.0010e-06 2.4011e-07
-1.0010e-06 2.4678e-07
-1.0010e-06 2.5345e-07
-1.0010e-06 2.6012e-07
-1.0010e-06 2.6679e-07
-1.0010e-06 2.7346e-07
-1.0010e-06 2.8013e-07
-1.0010e-06 2.8680e-07
-1.0010e-06 2.9347e-07
-1.0010e-06 3.0014e-07
-1.0010e-06 3.0680e-07
-1.0010e-06 3.1347e-07
-1.0010e-06 3.2014e-07
-1.0010e-06 3.2681e-07
-1.0010e-06 3.3348e-07
-1.0010e-06 3.4015e-07
-1.0010e-06 3.4682e-07
-1.0010e-06 3.5349e-07
-1.0010e-06 3.6016e-07
-1.0010e-06 3.6683e-07
-1.0010e-06 3.7350e-07
-1.0010e-06 3.8017e-07
-1.0010e-06 3.8684e-07
-1.0010e-06 3.9351e-07
-1.0010e-06 4.0018e-07
-1.0010e-06 4.0685e-07
-1.0010e-06 4.1352e-07
-1.0010e-06 4.2019e-07
-1.0010e-06 4.2686e-07
-1.0010e-06 4.3353e-07
-1.0010e-06 4.4020e-07
-1.0010e-06 4.4687e-07
-1.0010e-06 4.5354e-07
-1.0010e-06 4.6021e-07
-1.0010e-06 4.6688e-07
-1.0010e-06 4.7355e-07
-1.0010e-06 4.8022e-07
-1.0010e-06 4.8689e-07
-1.0010e-06 4.9356e-07
-1.0010e-06 5.0023e-07
-1.0010e-06 5.0690e-07
-1.0010e-06 5.1356e-07
-1.0010e-06 5.2023e-07
-1.0010e-06 5.2690e-07
-1.0010e-06 5.3357e-07
-1.0010e-06 5.4024e-07
-1.0010e-06 5.4691e-07
-1.0010e-06 5.5358e-07
-1.0010e-06 5.6025e-07
-1.0010e-06 5.6692e-07
-1.0010e-06 5.7359e-07
-1.0010e-06 5.8026e-07
-1.0010e-06 5.8693e-07
-1.0010e-06 5.9360e-07
-1.0010e-06 6.0027e-07
-1.0010e-06 6.0694e-07
-1.0010e-06 6.1361e-07
-1.0010e-06 6.2028e-07
-1.0010e-06 6.2695e-07
-1.0010e-06 6.3362e-07
-1.0010e-06 6.4029e-07
-1.0010e-06 6.4696e-07
-1.0010e-06 6.5363e-07
-1.0010e-06 6.6030e-07
-1.0010e-06 6.6697e-07
-1.0010e-06 6.7364e-07
-1.0010e-06 6.8031e-07
-1.0010e-06 6.8698e-07
-1.0010e-06 6.9365e-07
-1.0010e-06 7.0032e-07
-1.0010e-06 7.0699e-07
-1.0010e-06 7.1366e-07
-1.0010e-06 7.2032e-07
-1.0010e-06 7.2699e-07
-1.0010e-06 7.3366e-07
-1.0010e-06 7.4033e-07
-1.0010e-06 7.4700e-07
-1.0010e-06 7.5367e-07
-1.0010e-06 7.6034e-07
-1.0010e-06 7.6701e-07
-1.0010e-06 7.7368e-07
-1.0010e-06 7.8035e-07
-1.0010e-06 7.8702e-07
-1.0010e-06 7.9369e-07
-1.0010e-06 8.0036e-07
-1.0010e-06 8.0703e-07
-1.0010e-06 8.1370e-07
-1.0010e-06 8.2037e-07
-1.0010e-06 8.2704e-07
-1.0010e-06 8.3371e-07
-1.0010e-06 8.4038e-07
-1.0010e-06 8.4705e-07
-1.0010e-06 8.5372e-07
-1.0010e-06 8.6039e-07
-1.0010e-06 8.6706e-07
-1.0010e-06 8.7373e-07
-1.0010e-06 8.8040e-07
-1.0010e-06 8.8707e-07
-1.0010e-06 8.9374e-07
-1.0010e-06 9.0041e-07
-1.0010e-06 9.0708e-07
-1.0010e-06 9.1375e-07
-1.0010e-06 9.2041e-07
-1.0010e-06 9.2708e-07
-1.0010e-06 9.3375e-07
-1.0010e-06 9.4042e-07
-1.0010e-06 9.4709e-07
-1.0010e-06 9.5376e-07
-1.0010e-06 9.6043e-07
-1.0010e-06 9.6710e-07
-1.0010e-06 9.7377e-07
-1.0010e-06 9.8044e-07
-1.0010e-06 9.8711e-07
-1.0010e-06 9.9378e-07
-1.0010e-06 1.0005e-06
-1.0010e-06 1.0071e-06
-1.0010e-06 1.0138e-06
-1.0010e-06 1.0205e-06
-1.0010e-06 1.0271e-06
-1.0010e-06 1.0338e-06
-1.0010e-06 1.0405e-06
-1.0010e-06 1.0471e-06
-1.0010e-06 1.0538e-06
-1.0010e-06 1.0605e-06
-1.0010e-06 1.0671e-06
-1.0010e-06 1.0738e-06
-1.0010e-06 1.0805e-06
-1.0010e-06 1.0872e-06
-1.0010e-06 1.0938e-06
-1.0010e-06 1.1005e-06
-1.0010e-06 1.1072e-06
-1.0010e-06 1.1138e-06
-1.0010e-06 1.1205e-06
-1.0010e-06 1.1272e-06
-1.0010e-06 1.1338e-06
-1.0010e-06 1.1405e-06
-1.0010e-06 1.1472e-06
-1.0010e-06 1.1539e-06
-1.0010e-06 1.1605e-06
-1.0010e-06 1.1672e-06
-1.0010e-06 1.1739e-06
-1.0010e-06 1.1805e-06
-1.0010e-06 1.1872e-06
-1.0010e-06 1.1939e-06
-1.0010e-06 1.2005e-06
-1.0010e-06 1.2072e-06
-1.0010e-06 1.2139e-06
-1.0010e-06 1.2206e-06
-1.0010e-06 1.2272e-06
-1.0010e-06 1.2339e-06
-1.0010e-06 1.2406e-06
-1.0010e-06 1.2472e-06
-1.0010e-06 1.2539e-06
-1.0010e-06 1.2606e-06
-1.0010e-06 1.2672e-06
-1.0010e-06 1.2739e-06
-1.0010e-06 1.2806e-06
-1.0010e-06 1.2872e-06
-1.0010e-06 1.2939e-06
-1.0010e-06 1.3006e-06
-1.0010e-06 1.3073e-06
-1.0010e-06 1.3139e-06
-1.0010e-06 1.3206e-06
-1.0010e-06 1.3273e-06
-1.0010e-06 1.3339e-06
-1.0010e-06 1.3406e-06
-1.0010e-06 1.3473e-06
-1.0010e-06 1.3539e-06
-1.0010e-06 1.3606e-06
-1.0010e-06 1.3673e-06
-1.0010e-06 1.3740e-06
-1.0010e-06 1.3806e-06
-1.0010e-06 1.3873e-06
-1.0010e-06 1.3940e-06
-1.0010e-06 1.4006e-06
-1.0010e-06 1.4073e-06
-1.0010e-06 1.4140e-06
-1.0010e-06 1.4206e-06
-1.0010e-06 1.4273e-06
-1.0010e-06 1.4340e-06
-1.0010e-06 1.4406e-06
-1.0010e-06 1.4473e-06
-1.0010e-06 1.4540e-06
-1.0010e-06 1.4607e-06
-1.0010e-06 1.4673e-06
-1.0010e-06 1.4740e-06
-1.0010e-06 1.4807e-06
-1.0010e-06 1.4873e-06
-1.0010e-06 1.4940e-06
-1.0010e-06 1.5007e-06
