-9.8859e-07 1.4855e-06
-9.8460e-07 1.4856e-06
-9.8062e-07 1.4858e-06
-9.7664e-07 1.4859e-06
-9.7266e-07 1.4860e-06
-9.6869e-07 1.4860e-06
-9.6472e-07 1.4861e-06
-9.6075e-07 1.4861e-06
-9.5679e-07 1.4862e-06
-9.5283e-07 1.4862e-06
-9.4888e-07 1.4862e-06
-9.4493e-07 1.4861e-06
-9.4098e-07 1.4860e-06
-9.3703e-07 1.4860e-06
-9.3309e-07 1.4858e-06
-9.2915e-07 1.4857e-06
-9.2520e-07 1.4855e-06
-9.2126e-07 1.4853e-06
-9.1732e-07 1.4851e-06
-9.1337e-07 1.4848e-06
-9.0943e-07 1.4846e-06
-9.0548e-07 1.4843e-06
-9.0152e-07 1.4839e-06
-8.9756e-07 1.4836e-06
-8.9360e-07 1.4832e-06
-8.8963e-07 1.4828e-06
-8.8565e-07 1.4824e-06
-8.8167e-07 1.4820e-06
-8.7768e-07 1.4815e-06
-8.7368e-07 1.4811e-06
-8.6968e-07 1.4806e-06
-8.6566e-07 1.4802e-06
-8.6164e-07 1.4798e-06
-8.5760e-07 1.4793e-06
-8.5356e-07 1.4789e-06
-8.4951e-07 1.4785e-06
-8.4545e-07 1.4781e-06
-8.4138e-07 1.4777e-06
-8.3730e-07 1.4773e-06
-8.3322e-07 1.4770e-06
-8.2913e-07 1.4767e-06
-8.2503e-07 1.4765e-06
-8.2092e-07 1.4762e-06
-8.1682e-07 1.4760e-06
-8.1270e-07 1.4759e-06
-8.0859e-07 1.4758e-06
-8.0447e-07 1.4757e-06
-8.0035e-07 1.4757e-06
-7.9624e-07 1.4757e-06
-7.9212e-07 1.4758e-06
-7.8801e-07 1.4759e-06
-7.8389e-07 1.4761e-06
-7.7979e-07 1.4763e-06
-7.7568e-07 1.4765e-06
-7.7159e-07 1.4768e-06
-7.6749e-07 1.4771e-06
-7.6341e-07 1.4774e-06
-7.5933e-07 1.4778e-06
-7.5525e-07 1.4782e-06
-7.5119e-07 1.4786e-06
-7.4713e-07 1.4790e-06
-7.4308e-07 1.4795e-06
-7.3903e-07 1.4799e-06
-7.3499e-07 1.4804e-06
-7.3096e-07 1.4809e-06
-7.2693e-07 1.4814e-06
-7.2291e-07 1.4819e-06
-7.1890e-07 1.4824e-06
-7.1489e-07 1.4829e-06
-7.1088e-07 1.4834e-06
-7.0688e-07 1.4839e-06
-7.0289e-07 1.4843e-06
-6.9889e-07 1.4848e-06
-6.9490e-07 1.4853e-06
-6.9092e-07 1.4857e-06
-6.8694e-07 1.4862e-06
-6.8295e-07 1.4866e-06
-6.7897e-07 1.4871e-06
-6.7500e-07 1.4875e-06
-6.7102e-07 1.4879e-06
-6.6705e-07 1.4882e-06
-6.6307e-07 1.4886e-06
-6.5910e-07 1.4889e-06
-6.5513e-07 1.4893e-06
-6.5115e-07 1.4896e-06
-6.4718e-07 1.4899e-06
-6.4321e-07 1.4902e-06
-6.3924e-07 1.4904e-06
-6.3527e-07 1.4907e-06
-6.3129e-07 1.4909e-06
-6.2732e-07 1.4912e-06
-6.2335e-07 1.4914e-06
-6.1937e-07 1.4915e-06
-6.1540e-07 1.4917e-06
-6.1142e-07 1.4919e-06
-6.0745e-07 1.4920e-06
-6.0347e-07 1.4922e-06
-5.9949e-07 1.4923e-06
-5.9550e-07 1.4924e-06
-5.9152e-07 1.4925e-06
-5.8753e-07 1.4926e-06
-5.8355e-07 1.4926e-06
-5.7956e-07 1.4927e-06
-5.7556e-07 1.4928e-06
-5.7157e-07 1.4928e-06
-5.6757e-07 1.4929e-06
-5.6357e-07 1.4929e-06
-5.5957e-07 1.4929e-06
-5.5557e-07 1.4930e-06
-5.5156e-07 1.4930e-06
-5.4755e-07 1.4930e-06
-5.4354e-07 1.4931e-06
-5.3952e-07 1.4931e-06
-5.3551e-07 1.4931e-06
-5.3149e-07 1.4931e-06
-5.2747e-07 1.4932e-06
-5.2344e-07 1.4932e-06
-5.1942e-07 1.4933e-06
-5.1539e-07 1.4933e-06
-5.1136e-07 1.4934e-06
-5.0733e-07 1.4934e-06
-5.0330e-07 1.4935e-06
-4.9927e-07 1.4936e-06
-4.9523e-07 1.4937e-06
-4.9119e-07 1.4938e-06
-4.8716e-07 1.4939e-06
-4.8312e-07 1.4940e-06
-4.7908e-07 1.4941e-06
-4.7504e-07 1.4943e-06
-4.7101e-07 1.4944e-06
-4.6697e-07 1.4946e-06
-4.6293e-07 1.4948e-06
-4.5890e-07 1.4949e-06
-4.5486e-07 1.4951e-06
-4.5083e-07 1.4953e-06
-4.4681e-07 1.4955e-06
-4.4278e-07 1.4957e-06
-4.3876e-07 1.4960e-06
-4.3474e-07 1.4962e-06
-4.3072e-07 1.4964e-06
-4.2671e-07 1.4966e-06
-4.2271e-07 1.4968e-06
-4.1871e-07 1.4971e-06
-4.1471e-07 1.4973e-06
-4.1072e-07 1.4975e-06
-4.0673e-07 1.4977e-06
-4.0275e-07 1.4979e-06
-3.9878e-07 1.4980e-06
-3.9481e-07 1.4982e-06
-3.9085e-07 1.4983e-06
-3.8689e-07 1.4984e-06
-3.8293e-07 1.4985e-06
-3.7898e-07 1.4986e-06
-3.7504e-07 1.4986e-06
-3.7109e-07 1.4986e-06
-3.6715e-07 1.4986e-06
-3.6321e-07 1.4986e-06
-3.5928e-07 1.4985e-06
-3.5534e-07 1.4984e-06
-3.5140e-07 1.4983e-06
-3.4746e-07 1.4981e-06
-3.4352e-07 1.4979e-06
-3.3958e-07 1.4977e-06
-3.3563e-07 1.4975e-06
-3.3168e-07 1.4972e-06
-3.2772e-07 1.4969e-06
-3.2376e-07 1.4966e-06
-3.1979e-07 1.4963e-06
-3.1582e-07 1.4959e-06
-3.1184e-07 1.4956e-06
-3.0785e-07 1.4952e-06
-3.0385e-07 1.4948e-06
-2.9984e-07 1.4944e-06
-2.9583e-07 1.4940e-06
-2.9181e-07 1.4937e-06
-2.8778e-07 1.4933e-06
-2.8375e-07 1.4929e-06
-2.7971e-07 1.4925e-06
-2.7566e-07 1.4922e-06
-2.7161e-07 1.4918e-06
-2.6755e-07 1.4915e-06
-2.6349e-07 1.4912e-06
-2.5943e-07 1.4909e-06
-2.5536e-07 1.4907e-06
-2.5129e-07 1.4904e-06
-2.4722e-07 1.4902e-06
-2.4315e-07 1.4900e-06
-2.3908e-07 1.4899e-06
-2.3502e-07 1.4897e-06
-2.3095e-07 1.4896e-06
-2.2689e-07 1.4895e-06
-2.2283e-07 1.4894e-06
-2.1878e-07 1.4894e-06
-2.1473e-07 1.4893e-06
-2.1068e-07 1.4893e-06
-2.0664e-07 1.4893e-06
-2.0260e-07 1.4893e-06
-1.9857e-07 1.4893e-06
-1.9454e-07 1.4893e-06
-1.9052e-07 1.4893e-06
-1.8650e-07 1.4893e-06
-1.8248e-07 1.4894e-06
-1.7847e-07 1.4894e-06
-1.7447e-07 1.4894e-06
-1.7046e-07 1.4894e-06
-1.6646e-07 1.4894e-06
-1.6246e-07 1.4894e-06
-1.5846e-07 1.4894e-06
-1.5446e-07 1.4894e-06
-1.5046e-07 1.4894e-06
-1.4647e-07 1.4894e-06
-1.4247e-07 1.4894e-06
-1.3847e-07 1.4894e-06
-1.3448e-07 1.4894e-06
-1.3048e-07 1.4893e-06
-1.2648e-07 1.4893e-06
-1.2247e-07 1.4892e-06
-1.1847e-07 1.4892e-06
-1.1447e-07 1.4891e-06
-1.1046e-07 1.4891e-06
-1.0645e-07 1.4890e-06
-1.0244e-07 1.4890e-06
-9.8427e-08 1.4889e-06
-9.4414e-08 1.4889e-06
-9.0398e-08 1.4888e-06
-8.6381e-08 1.4888e-06
-8.2363e-08 1.4887e-06
-7.8344e-08 1.4887e-06
-7.4322e-08 1.4886e-06
-7.0301e-08 1.4886e-06
-6.6279e-08 1.4886e-06
-6.2256e-08 1.4885e-06
-5.8233e-08 1.4885e-06
-5.4209e-08 1.4885e-06
-5.0186e-08 1.4885e-06
-4.6161e-08 1.4884e-06
-4.2137e-08 1.4884e-06
-3.8113e-08 1.4884e-06
-3.4090e-08 1.4884e-06
-3.0066e-08 1.4884e-06
-2.6042e-08 1.4885e-06
-2.2018e-08 1.4885e-06
-1.7994e-08 1.4885e-06
-1.3970e-08 1.4885e-06
-9.9455e-09 1.4886e-06
-5.9208e-09 1.4886e-06
-1.8950e-09 1.4886e-06
2.1310e-09 1.4887e-06
6.1579e-09 1.4887e-06
1.0186e-08 1.4888e-06
1.4215e-08 1.4889e-06
1.8245e-08 1.4889e-06
2.2277e-08 1.4890e-06
2.6310e-08 1.4891e-06
3.0345e-08 1.4892e-06
3.4381e-08 1.4893e-06
3.8418e-08 1.4894e-06
4.2456e-08 1.4896e-06
4.6496e-08 1.4897e-06
5.0538e-08 1.4898e-06
5.4579e-08 1.4900e-06
5.8622e-08 1.4902e-06
6.2665e-08 1.4904e-06
6.6707e-08 1.4906e-06
7.0749e-08 1.4908e-06
7.4791e-08 1.4910e-06
7.8831e-08 1.4913e-06
8.2871e-08 1.4915e-06
8.6907e-08 1.4918e-06
9.0941e-08 1.4920e-06
9.4973e-08 1.4923e-06
9.9001e-08 1.4926e-06
1.0303e-07 1.4929e-06
1.0705e-07 1.4932e-06
1.1106e-07 1.4935e-06
1.1508e-07 1.4938e-06
1.1909e-07 1.4941e-06
1.2309e-07 1.4944e-06
1.2709e-07 1.4946e-06
1.3108e-07 1.4949e-06
1.3507e-07 1.4952e-06
1.3906e-07 1.4955e-06
1.4304e-07 1.4957e-06
1.4702e-07 1.4960e-06
1.5099e-07 1.4962e-06
1.5497e-07 1.4964e-06
1.5894e-07 1.4966e-06
1.6290e-07 1.4968e-06
1.6687e-07 1.4969e-06
1.7083e-07 1.4971e-06
1.7479e-07 1.4972e-06
1.7876e-07 1.4973e-06
1.8272e-07 1.4974e-06
1.8668e-07 1.4974e-06
1.9064e-07 1.4975e-06
1.9461e-07 1.4975e-06
1.9857e-07 1.4975e-06
2.0254e-07 1.4975e-06
2.0651e-07 1.4975e-06
2.1048e-07 1.4974e-06
2.1445e-07 1.4973e-06
2.1842e-07 1.4973e-06
2.2240e-07 1.4972e-06
2.2638e-07 1.4971e-06
2.3036e-07 1.4969e-06
2.3434e-07 1.4968e-06
2.3833e-07 1.4967e-06
2.4231e-07 1.4965e-06
2.4630e-07 1.4963e-06
2.5029e-07 1.4962e-06
2.5428e-07 1.4960e-06
2.5827e-07 1.4958e-06
2.6227e-07 1.4956e-06
2.6626e-07 1.4954e-06
2.7026e-07 1.4952e-06
2.7426e-07 1.4949e-06
2.7826e-07 1.4947e-06
2.8226e-07 1.4945e-06
2.8627e-07 1.4943e-06
2.9027e-07 1.4940e-06
2.9428e-07 1.4938e-06
2.9829e-07 1.4935e-06
3.0230e-07 1.4933e-06
3.0631e-07 1.4931e-06
3.1032e-07 1.4928e-06
3.1434e-07 1.4926e-06
3.1836e-07 1.4923e-06
3.2238e-07 1.4921e-06
3.2641e-07 1.4919e-06
3.3044e-07 1.4917e-06
3.3447e-07 1.4914e-06
3.3850e-07 1.4912e-06
3.4253e-07 1.4910e-06
3.4657e-07 1.4909e-06
3.5061e-07 1.4907e-06
3.5466e-07 1.4905e-06
3.5870e-07 1.4904e-06
3.6275e-07 1.4902e-06
3.6681e-07 1.4901e-06
3.7086e-07 1.4900e-06
3.7491e-07 1.4899e-06
3.7897e-07 1.4898e-06
3.8303e-07 1.4898e-06
3.8709e-07 1.4897e-06
3.9115e-07 1.4897e-06
3.9520e-07 1.4897e-06
3.9926e-07 1.4898e-06
4.0332e-07 1.4898e-06
4.0738e-07 1.4899e-06
4.1144e-07 1.4900e-06
4.1549e-07 1.4901e-06
4.1955e-07 1.4902e-06
4.2360e-07 1.4903e-06
4.2765e-07 1.4904e-06
4.3170e-07 1.4906e-06
4.3574e-07 1.4908e-06
4.3978e-07 1.4910e-06
4.4382e-07 1.4912e-06
4.4786e-07 1.4914e-06
4.5189e-07 1.4916e-06
4.5592e-07 1.4918e-06
4.5995e-07 1.4921e-06
4.6397e-07 1.4923e-06
4.6800e-07 1.4926e-06
4.7202e-07 1.4928e-06
4.7603e-07 1.4931e-06
4.8005e-07 1.4933e-06
4.8406e-07 1.4936e-06
4.8807e-07 1.4938e-06
4.9207e-07 1.4941e-06
4.9608e-07 1.4943e-06
5.0008e-07 1.4946e-06
5.0408e-07 1.4948e-06
5.0809e-07 1.4951e-06
5.1209e-07 1.4953e-06
5.1608e-07 1.4955e-06
5.2008e-07 1.4957e-06
5.2408e-07 1.4959e-06
5.2807e-07 1.4962e-06
5.3206e-07 1.4964e-06
5.3606e-07 1.4965e-06
5.4005e-07 1.4967e-06
5.4404e-07 1.4969e-06
5.4803e-07 1.4971e-06
5.5202e-07 1.4972e-06
5.5601e-07 1.4974e-06
5.6000e-07 1.4975e-06
5.6399e-07 1.4977e-06
5.6798e-07 1.4978e-06
5.7196e-07 1.4979e-06
5.7595e-07 1.4980e-06
5.7993e-07 1.4981e-06
5.8391e-07 1.4982e-06
5.8789e-07 1.4983e-06
5.9187e-07 1.4983e-06
5.9585e-07 1.4984e-06
5.9983e-07 1.4984e-06
6.0381e-07 1.4984e-06
6.0778e-07 1.4984e-06
6.1176e-07 1.4984e-06
6.1573e-07 1.4984e-06
6.1970e-07 1.4983e-06
6.2367e-07 1.4983e-06
6.2764e-07 1.4982e-06
6.3161e-07 1.4981e-06
6.3558e-07 1.4980e-06
6.3954e-07 1.4978e-06
6.4351e-07 1.4977e-06
6.4748e-07 1.4975e-06
6.5145e-07 1.4974e-06
6.5541e-07 1.4972e-06
6.5938e-07 1.4969e-06
6.6335e-07 1.4967e-06
6.6733e-07 1.4965e-06
6.7130e-07 1.4962e-06
6.7528e-07 1.4959e-06
6.7926e-07 1.4956e-06
6.8325e-07 1.4953e-06
6.8723e-07 1.4950e-06
6.9123e-07 1.4947e-06
6.9523e-07 1.4943e-06
6.9923e-07 1.4940e-06
7.0324e-07 1.4937e-06
7.0725e-07 1.4933e-06
7.1127e-07 1.4930e-06
7.1530e-07 1.4927e-06
7.1934e-07 1.4923e-06
7.2338e-07 1.4920e-06
7.2742e-07 1.4917e-06
7.3148e-07 1.4914e-06
7.3554e-07 1.4912e-06
7.3960e-07 1.4909e-06
7.4367e-07 1.4907e-06
7.4775e-07 1.4905e-06
7.5183e-07 1.4903e-06
7.5591e-07 1.4902e-06
7.6000e-07 1.4900e-06
7.6409e-07 1.4899e-06
7.6817e-07 1.4899e-06
7.7226e-07 1.4899e-06
7.7635e-07 1.4899e-06
7.8043e-07 1.4899e-06
7.8451e-07 1.4900e-06
7.8859e-07 1.4901e-06
7.9266e-07 1.4902e-06
7.9672e-07 1.4903e-06
8.0078e-07 1.4905e-06
8.0483e-07 1.4907e-06
8.0886e-07 1.4909e-06
8.1289e-07 1.4911e-06
8.1691e-07 1.4913e-06
8.2092e-07 1.4915e-06
8.2491e-07 1.4916e-06
8.2890e-07 1.4918e-06
8.3287e-07 1.4920e-06
8.3683e-07 1.4922e-06
8.4079e-07 1.4923e-06
8.4473e-07 1.4924e-06
8.4866e-07 1.4925e-06
8.5259e-07 1.4925e-06
8.5651e-07 1.4925e-06
8.6042e-07 1.4925e-06
8.6433e-07 1.4924e-06
8.6823e-07 1.4923e-06
8.7213e-07 1.4922e-06
8.7604e-07 1.4920e-06
8.7994e-07 1.4917e-06
8.8385e-07 1.4915e-06
8.8776e-07 1.4911e-06
8.9167e-07 1.4908e-06
8.9559e-07 1.4904e-06
8.9952e-07 1.4899e-06
9.0346e-07 1.4895e-06
9.0740e-07 1.4890e-06
9.1136e-07 1.4884e-06
9.1533e-07 1.4879e-06
9.1931e-07 1.4873e-06
9.2329e-07 1.4868e-06
9.2729e-07 1.4862e-06
9.3130e-07 1.4856e-06
9.3533e-07 1.4850e-06
9.3936e-07 1.4844e-06
9.4340e-07 1.4838e-06
9.4745e-07 1.4833e-06
9.5151e-07 1.4827e-06
9.5558e-07 1.4822e-06
9.5966e-07 1.4817e-06
9.6375e-07 1.4812e-06
9.6784e-07 1.4808e-06
9.7193e-07 1.4804e-06
9.7603e-07 1.4800e-06
9.8014e-07 1.4797e-06
9.8424e-07 1.4794e-06
9.8835e-07 1.4791e-06
9.9096e-07 1.4767e-06
9.9096e-07 1.4727e-06
9.9096e-07 1.4688e-06
9.9096e-07 1.4648e-06
9.9096e-07 1.4608e-06
9.9096e-07 1.4568e-06
9.9096e-07 1.4529e-06
9.9096e-07 1.4489e-06
9.9096e-07 1.4449e-06
9.9096e-07 1.4410e-06
9.9096e-07 1.4370e-06
9.9096e-07 1.4330e-06
9.9096e-07 1.4291e-06
9.9096e-07 1.4251e-06
9.9096e-07 1.4211e-06
9.9096e-07 1.4171e-06
9.9096e-07 1.4132e-06
9.9096e-07 1.4092e-06
9.9096e-07 1.4052e-06
9.9096e-07 1.4013e-06
9.9096e-07 1.3973e-06
9.9096e-07 1.3933e-06
9.9096e-07 1.3894e-06
9.9096e-07 1.3854e-06
9.9096e-07 1.3814e-06
9.9096e-07 1.3775e-06
9.9096e-07 1.3735e-06
9.9096e-07 1.3695e-06
9.9096e-07 1.3655e-06
9.9096e-07 1.3616e-06
9.9096e-07 1.3576e-06
9.9096e-07 1.3536e-06
9.9096e-07 1.3497e-06
9.9096e-07 1.3457e-06
9.9096e-07 1.3417e-06
9.9096e-07 1.3378e-06
9.9096e-07 1.3338e-06
9.9096e-07 1.3298e-06
9.9096e-07 1.3258e-06
9.9096e-07 1.3219e-06
9.9096e-07 1.3179e-06
9.9096e-07 1.3139e-06
9.9096e-07 1.3100e-06
9.9096e-07 1.3060e-06
9.9096e-07 1.3020e-06
9.9096e-07 1.2981e-06
9.9096e-07 1.2941e-06
9.9096e-07 1.2901e-06
9.9096e-07 1.2862e-06
9.9096e-07 1.2822e-06
9.9096e-07 1.2782e-06
9.9096e-07 1.2742e-06
9.9096e-07 1.2703e-06
9.9096e-07 1.2663e-06
9.9096e-07 1.2623e-06
9.9096e-07 1.2584e-06
9.9096e-07 1.2544e-06
9.9096e-07 1.2504e-06
9.9096e-07 1.2465e-06
9.9096e-07 1.2425e-06
9.9096e-07 1.2385e-06
9.9096e-07 1.2345e-06
9.9096e-07 1.2306e-06
9.9096e-07 1.2266e-06
9.9096e-07 1.2226e-06
9.9096e-07 1.2187e-06
9.9096e-07 1.2147e-06
9.9096e-07 1.2107e-06
9.9096e-07 1.2068e-06
9.9096e-07 1.2028e-06
9.9096e-07 1.1988e-06
9.9096e-07 1.1949e-06
9.9096e-07 1.1909e-06
9.9096e-07 1.1869e-06
9.9096e-07 1.1829e-06
9.9096e-07 1.1790e-06
9.9096e-07 1.1750e-06
9.9096e-07 1.1710e-06
9.9096e-07 1.1671e-06
9.9096e-07 1.1631e-06
9.9096e-07 1.1591e-06
9.9096e-07 1.1552e-06
9.9096e-07 1.1512e-06
9.9096e-07 1.1472e-06
9.9096e-07 1.1432e-06
9.9096e-07 1.1393e-06
9.9096e-07 1.1353e-06
9.9096e-07 1.1313e-06
9.9096e-07 1.1274e-06
9.9096e-07 1.1234e-06
9.9096e-07 1.1194e-06
9.9096e-07 1.1155e-06
9.9096e-07 1.1115e-06
9.9096e-07 1.1075e-06
9.9096e-07 1.1035e-06
9.9096e-07 1.0996e-06
9.9096e-07 1.0956e-06
9.9096e-07 1.0916e-06
9.9096e-07 1.0877e-06
9.9096e-07 1.0837e-06
9.9096e-07 1.0797e-06
9.9096e-07 1.0758e-06
9.9096e-07 1.0718e-06
9.9096e-07 1.0678e-06
9.9096e-07 1.0639e-06
9.9096e-07 1.0599e-06
9.9096e-07 1.0559e-06
9.9096e-07 1.0519e-06
9.9096e-07 1.0480e-06
9.9096e-07 1.0440e-06
9.9096e-07 1.0400e-06
9.9096e-07 1.0361e-06
9.9096e-07 1.0321e-06
9.9096e-07 1.0281e-06
9.9096e-07 1.0242e-06
9.9096e-07 1.0202e-06
9.9096e-07 1.0162e-06
9.9096e-07 1.0122e-06
9.9096e-07 1.0083e-06
9.9096e-07 1.0043e-06
9.9096e-07 1.0003e-06
9.9096e-07 9.9637e-07
9.9096e-07 9.9240e-07
9.9096e-07 9.8843e-07
9.9096e-07 9.8446e-07
9.9096e-07 9.8049e-07
9.9096e-07 9.7652e-07
9.9096e-07 9.7255e-07
9.9096e-07 9.6858e-07
9.9096e-07 9.6461e-07
9.9096e-07 9.6064e-07
9.9096e-07 9.5667e-07
9.9096e-07 9.5270e-07
9.9096e-07 9.4874e-07
9.9096e-07 9.4477e-07
9.9096e-07 9.4080e-07
9.9096e-07 9.3683e-07
9.9096e-07 9.3286e-07
9.9096e-07 9.2889e-07
9.9096e-07 9.2492e-07
9.9096e-07 9.2095e-07
9.9096e-07 9.1698e-07
9.9096e-07 9.1301e-07
9.9096e-07 9.0904e-07
9.9096e-07 9.0507e-07
9.9096e-07 9.0110e-07
9.9096e-07 8.9713e-07
9.9096e-07 8.9316e-07
9.9096e-07 8.8919e-07
9.9096e-07 8.8522e-07
9.9096e-07 8.8125e-07
9.9096e-07 8.7728e-07
9.9096e-07 8.7331e-07
9.9096e-07 8.6934e-07
9.9096e-07 8.6537e-07
9.9096e-07 8.6140e-07
9.9096e-07 8.5743e-07
9.9096e-07 8.5346e-07
9.9096e-07 8.4950e-07
9.9096e-07 8.4553e-07
9.9096e-07 8.4156e-07
9.9096e-07 8.3759e-07
9.9096e-07 8.3362e-07
9.9096e-07 8.2965e-07
9.9096e-07 8.2568e-07
9.9096e-07 8.2171e-07
9.9096e-07 8.1774e-07
9.9096e-07 8.1377e-07
9.9096e-07 8.0980e-07
9.9096e-07 8.0583e-07
9.9096e-07 8.0186e-07
9.9096e-07 7.9789e-07
9.9096e-07 7.9392e-07
9.9096e-07 7.8995e-07
9.9096e-07 7.8598e-07
9.9096e-07 7.8201e-07
9.9096e-07 7.7804e-07
9.9096e-07 7.7407e-07
9.9096e-07 7.7010e-07
9.9096e-07 7.6613e-07
9.9096e-07 7.6216e-07
9.9096e-07 7.5819e-07
9.9096e-07 7.5422e-07
9.9096e-07 7.5026e-07
9.9096e-07 7.4629e-07
9.9096e-07 7.4232e-07
9.9096e-07 7.3835e-07
9.9096e-07 7.3438e-07
9.9096e-07 7.3041e-07
9.9096e-07 7.2644e-07
9.9096e-07 7.2247e-07
9.9096e-07 7.1850e-07
9.9096e-07 7.1453e-07
9.9096e-07 7.1056e-07
9.9096e-07 7.0659e-07
9.9096e-07 7.0262e-07
9.9096e-07 6.9865e-07
9.9096e-07 6.9468e-07
9.9096e-07 6.9071e-07
9.9096e-07 6.8674e-07
9.9096e-07 6.8277e-07
9.9096e-07 6.7880e-07
9.9096e-07 6.7483e-07
9.9096e-07 6.7086e-07
9.9096e-07 6.6689e-07
9.9096e-07 6.6292e-07
9.9096e-07 6.5895e-07
9.9096e-07 6.5498e-07
9.9096e-07 6.5101e-07
9.9096e-07 6.4705e-07
9.9096e-07 6.4308e-07
9.9096e-07 6.3911e-07
9.9096e-07 6.3514e-07
9.9096e-07 6.3117e-07
9.9096e-07 6.2720e-07
9.9096e-07 6.2323e-07
9.9096e-07 6.1926e-07
9.9096e-07 6.1529e-07
9.9096e-07 6.1132e-07
9.9096e-07 6.0735e-07
9.9096e-07 6.0338e-07
9.9096e-07 5.9941e-07
9.9096e-07 5.9544e-07
9.9096e-07 5.9147e-07
9.9096e-07 5.8750e-07
9.9096e-07 5.8353e-07
9.9096e-07 5.7956e-07
9.9096e-07 5.7559e-07
9.9096e-07 5.7162e-07
9.9096e-07 5.6765e-07
9.9096e-07 5.6368e-07
9.9096e-07 5.5971e-07
9.9096e-07 5.5574e-07
9.9096e-07 5.5177e-07
9.9096e-07 5.4781e-07
9.9096e-07 5.4384e-07
9.9096e-07 5.3987e-07
9.9096e-07 5.3590e-07
9.9096e-07 5.3193e-07
9.9096e-07 5.2796e-07
9.9096e-07 5.2399e-07
9.9096e-07 5.2002e-07
9.9096e-07 5.1605e-07
9.9096e-07 5.1208e-07
9.9096e-07 5.0811e-07
9.9096e-07 5.0414e-07
9.9096e-07 5.0017e-07
9.9096e-07 4.9620e-07
9.9096e-07 4.9223e-07
9.9096e-07 4.8826e-07
9.9096e-07 4.8429e-07
9.9096e-07 4.8032e-07
9.9096e-07 4.7635e-07
9.9096e-07 4.7238e-07
9.9096e-07 4.6841e-07
9.9096e-07 4.6444e-07
9.9096e-07 4.6047e-07
9.9096e-07 4.5650e-07
9.9096e-07 4.5253e-07
9.9096e-07 4.4857e-07
9.9096e-07 4.4460e-07
9.9096e-07 4.4063e-07
9.9096e-07 4.3666e-07
9.9096e-07 4.3269e-07
9.9096e-07 4.2872e-07
9.9096e-07 4.2475e-07
9.9096e-07 4.2078e-07
9.9096e-07 4.1681e-07
9.9096e-07 4.1284e-07
9.9096e-07 4.0887e-07
9.9096e-07 4.0490e-07
9.9096e-07 4.0093e-07
9.9096e-07 3.9696e-07
9.9096e-07 3.9299e-07
9.9096e-07 3.8902e-07
9.9096e-07 3.8505e-07
9.9096e-07 3.8108e-07
9.9096e-07 3.7711e-07
9.9096e-07 3.7314e-07
9.9096e-07 3.6917e-07
9.9096e-07 3.6520e-07
9.9096e-07 3.6123e-07
9.9096e-07 3.5726e-07
9.9096e-07 3.5329e-07
9.9096e-07 3.4933e-07
9.9096e-07 3.4536e-07
9.9096e-07 3.4139e-07
9.9096e-07 3.3742e-07
9.9096e-07 3.3345e-07
9.9096e-07 3.2948e-07
9.9096e-07 3.2551e-07
9.9096e-07 3.2154e-07
9.9096e-07 3.1757e-07
9.9096e-07 3.1360e-07
9.9096e-07 3.0963e-07
9.9096e-07 3.0566e-07
9.9096e-07 3.0169e-07
9.9096e-07 2.9772e-07
9.9096e-07 2.9375e-07
9.9096e-07 2.8978e-07
9.9096e-07 2.8581e-07
9.9096e-07 2.8184e-07
9.9096e-07 2.7787e-07
9.9096e-07 2.7390e-07
9.9096e-07 2.6993e-07
9.9096e-07 2.6596e-07
9.9096e-07 2.6199e-07
9.9096e-07 2.5802e-07
9.9096e-07 2.5405e-07
9.9096e-07 2.5009e-07
9.9096e-07 2.4612e-07
9.9096e-07 2.4215e-07
9.9096e-07 2.3818e-07
9.9096e-07 2.3421e-07
9.9096e-07 2.3024e-07
9.9096e-07 2.2627e-07
9.9096e-07 2.2230e-07
9.9096e-07 2.1833e-07
9.9096e-07 2.1436e-07
9.9096e-07 2.1039e-07
9.9096e-07 2.0642e-07
9.9096e-07 2.0245e-07
9.9096e-07 1.9848e-07
9.9096e-07 1.9451e-07
9.9096e-07 1.9054e-07
9.9096e-07 1.8657e-07
9.9096e-07 1.8260e-07
9.9096e-07 1.7863e-07
9.9096e-07 1.7466e-07
9.9096e-07 1.7069e-07
9.9096e-07 1.6672e-07
9.9096e-07 1.6275e-07
9.9096e-07 1.5878e-07
9.9096e-07 1.5481e-07
9.9096e-07 1.5084e-07
9.9096e-07 1.4688e-07
9.9096e-07 1.4291e-07
9.9096e-07 1.3894e-07
9.9096e-07 1.3497e-07
9.9096e-07 1.3100e-07
9.9096e-07 1.2703e-07
9.9096e-07 1.2306e-07
9.9096e-07 1.1909e-07
9.9096e-07 1.1512e-07
9.9096e-07 1.1115e-07
9.9096e-07 1.0718e-07
9.9096e-07 1.0321e-07
9.9096e-07 9.9240e-08
9.9096e-07 9.5270e-08
9.9096e-07 9.1301e-08
9.9096e-07 8.7331e-08
9.9096e-07 8.3362e-08
9.9096e-07 7.9392e-08
9.9096e-07 7.5422e-08
9.9096e-07 7.1453e-08
9.9096e-07 6.7483e-08
9.9096e-07 6.3514e-08
9.9096e-07 5.9544e-08
9.9096e-07 5.5574e-08
9.9096e-07 5.1605e-08
9.9096e-07 4.7635e-08
9.9096e-07 4.3666e-08
9.9096e-07 3.9696e-08
9.9096e-07 3.5726e-08
9.9096e-07 3.1757e-08
9.9096e-07 2.7787e-08
9.9096e-07 2.3818e-08
9.9096e-07 1.9848e-08
9.9096e-07 1.5878e-08
9.9096e-07 1.1909e-08
9.8892e-07 1.0000e-08
9.8491e-07 1.0000e-08
9.8090e-07 1.0000e-08
9.7689e-07 1.0000e-08
9.7288e-07 1.0000e-08
9.6886e-07 1.0000e-08
9.6485e-07 1.0000e-08
9.6084e-07 1.0000e-08
9.5683e-07 1.0000e-08
9.5282e-07 1.0000e-08
9.4880e-07 1.0000e-08
9.4479e-07 1.0000e-08
9.4078e-07 1.0000e-08
9.3677e-07 1.0000e-08
9.3276e-07 1.0000e-08
9.2875e-07 1.0000e-08
9.2473e-07 1.0000e-08
9.2072e-07 1.0000e-08
9.1671e-07 1.0000e-08
9.1270e-07 1.0000e-08
9.0869e-07 1.0000e-08
9.0467e-07 1.0000e-08
9.0066e-07 1.0000e-08
8.9665e-07 1.0000e-08
8.9264e-07 1.0000e-08
8.8863e-07 1.0000e-08
8.8461e-07 1.0000e-08
8.8060e-07 1.0000e-08
8.7659e-07 1.0000e-08
8.7258e-07 1.0000e-08
8.6857e-07 1.0000e-08
8.6456e-07 1.0000e-08
8.6054e-07 1.0000e-08
8.5653e-07 1.0000e-08
8.5252e-07 1.0000e-08
8.4851e-07 1.0000e-08
8.4450e-07 1.0000e-08
8.4048e-07 1.0000e-08
8.3647e-07 1.0000e-08
8.3246e-07 1.0000e-08
8.2845e-07 1.0000e-08
8.2444e-07 1.0000e-08
8.2042e-07 1.0000e-08
8.1641e-07 1.0000e-08
8.1240e-07 1.0000e-08
8.0839e-07 1.0000e-08
8.0438e-07 1.0000e-08
8.0037e-07 1.0000e-08
7.9635e-07 1.0000e-08
7.9234e-07 1.0000e-08
7.8833e-07 1.0000e-08
7.8432e-07 1.0000e-08
7.8031e-07 1.0000e-08
7.7629e-07 1.0000e-08
7.7228e-07 1.0000e-08
7.6827e-07 1.0000e-08
7.6426e-07 1.0000e-08
7.6025e-07 1.0000e-08
7.5624e-07 1.0000e-08
7.5222e-07 1.0000e-08
7.4821e-07 1.0000e-08
7.4420e-07 1.0000e-08
7.4019e-07 1.0000e-08
7.3618e-07 1.0000e-08
7.3216e-07 1.0000e-08
7.2815e-07 1.0000e-08
7.2414e-07 1.0000e-08
7.2013e-07 1.0000e-08
7.1612e-07 1.0000e-08
7.1210e-07 1.0000e-08
7.0809e-07 1.0000e-08
7.0408e-07 1.0000e-08
7.0007e-07 1.0000e-08
6.9606e-07 1.0000e-08
6.9205e-07 1.0000e-08
6.8803e-07 1.0000e-08
6.8402e-07 1.0000e-08
6.8001e-07 1.0000e-08
6.7600e-07 1.0000e-08
6.7199e-07 1.0000e-08
6.6797e-07 1.0000e-08
6.6396e-07 1.0000e-08
6.5995e-07 1.0000e-08
6.5594e-07 1.0000e-08
6.5193e-07 1.0000e-08
6.4792e-07 1.0000e-08
6.4390e-07 1.0000e-08
6.3989e-07 1.0000e-08
6.3588e-07 1.0000e-08
6.3187e-07 1.0000e-08
6.2786e-07 1.0000e-08
6.2384e-07 1.0000e-08
6.1983e-07 1.0000e-08
6.1582e-07 1.0000e-08
6.1181e-07 1.0000e-08
6.0780e-07 1.0000e-08
6.0378e-07 1.0000e-08
5.9977e-07 1.0000e-08
5.9576e-07 1.0000e-08
5.9175e-07 1.0000e-08
5.8774e-07 1.0000e-08
5.8373e-07 1.0000e-08
5.7971e-07 1.0000e-08
5.7570e-07 1.0000e-08
5.7169e-07 1.0000e-08
5.6768e-07 1.0000e-08
5.6367e-07 1.0000e-08
5.5965e-07 1.0000e-08
5.5564e-07 1.0000e-08
5.5163e-07 1.0000e-08
5.4762e-07 1.0000e-08
5.4361e-07 1.0000e-08
5.3959e-07 1.0000e-08
5.3558e-07 1.0000e-08
5.3157e-07 1.0000e-08
5.2756e-07 1.0000e-08
5.2355e-07 1.0000e-08
5.1954e-07 1.0000e-08
5.1552e-07 1.0000e-08
5.1151e-07 1.0000e-08
5.0750e-07 1.0000e-08
5.0349e-07 1.0000e-08
4.9948e-07 1.0000e-08
4.9546e-07 1.0000e-08
4.9145e-07 1.0000e-08
4.8744e-07 1.0000e-08
4.8343e-07 1.0000e-08
4.7942e-07 1.0000e-08
4.7541e-07 1.0000e-08
4.7139e-07 1.0000e-08
4.6738e-07 1.0000e-08
4.6337e-07 1.0000e-08
4.5936e-07 1.0000e-08
4.5535e-07 1.0000e-08
4.5133e-07 1.0000e-08
4.4732e-07 1.0000e-08
4.4331e-07 1.0000e-08
4.3930e-07 1.0000e-08
4.3529e-07 1.0000e-08
4.3127e-07 1.0000e-08
4.2726e-07 1.0000e-08
4.2325e-07 1.0000e-08
4.1924e-07 1.0000e-08
4.1523e-07 1.0000e-08
4.1122e-07 1.0000e-08
4.0720e-07 1.0000e-08
4.0319e-07 1.0000e-08
3.9918e-07 1.0000e-08
3.9517e-07 1.0000e-08
3.9116e-07 1.0000e-08
3.8714e-07 1.0000e-08
3.8313e-07 1.0000e-08
3.7912e-07 1.0000e-08
3.7511e-07 1.0000e-08
3.7110e-07 1.0000e-08
3.6709e-07 1.0000e-08
3.6307e-07 1.0000e-08
3.5906e-07 1.0000e-08
3.5505e-07 1.0000e-08
3.5104e-07 1.0000e-08
3.4703e-07 1.0000e-08
3.4301e-07 1.0000e-08
3.3900e-07 1.0000e-08
3.3499e-07 1.0000e-08
3.3098e-07 1.0000e-08
3.2697e-07 1.0000e-08
3.2295e-07 1.0000e-08
3.1894e-07 1.0000e-08
3.1493e-07 1.0000e-08
3.1092e-07 1.0000e-08
3.0691e-07 1.0000e-08
3.0290e-07 1.0000e-08
2.9888e-07 1.0000e-08
2.9487e-07 1.0000e-08
2.9086e-07 1.0000e-08
2.8685e-07 1.0000e-08
2.8284e-07 1.0000e-08
2.7882e-07 1.0000e-08
2.7481e-07 1.0000e-08
2.7080e-07 1.0000e-08
2.6679e-07 1.0000e-08
2.6278e-07 1.0000e-08
2.5876e-07 1.0000e-08
2.5475e-07 1.0000e-08
2.5074e-07 1.0000e-08
2.4673e-07 1.0000e-08
2.4272e-07 1.0000e-08
2.3871e-07 1.0000e-08
2.3469e-07 1.0000e-08
2.3068e-07 1.0000e-08
2.2667e-07 1.0000e-08
2.2266e-07 1.0000e-08
2.1865e-07 1.0000e-08
2.1463e-07 1.0000e-08
2.1062e-07 1.0000e-08
2.0661e-07 1.0000e-08
2.0260e-07 1.0000e-08
1.9859e-07 1.0000e-08
1.9458e-07 1.0000e-08
1.9056e-07 1.0000e-08
1.8655e-07 1.0000e-08
1.8254e-07 1.0000e-08
1.7853e-07 1.0000e-08
1.7452e-07 1.0000e-08
1.7050e-07 1.0000e-08
1.6649e-07 1.0000e-08
1.6248e-07 1.0000e-08
1.5847e-07 1.0000e-08
1.5446e-07 1.0000e-08
1.5044e-07 1.0000e-08
1.4643e-07 1.0000e-08
1.4242e-07 1.0000e-08
1.3841e-07 1.0000e-08
1.3440e-07 1.0000e-08
1.3039e-07 1.0000e-08
1.2637e-07 1.0000e-08
1.2236e-07 1.0000e-08
1.1835e-07 1.0000e-08
1.1434e-07 1.0000e-08
1.1033e-07 1.0000e-08
1.0631e-07 1.0000e-08
1.0230e-07 1.0000e-08
9.8291e-08 1.0000e-08
9.4279e-08 1.0000e-08
9.0267e-08 1.0000e-08
8.6255e-08 1.0000e-08
8.2243e-08 1.0000e-08
7.8231e-08 1.0000e-08
7.4219e-08 1.0000e-08
7.0208e-08 1.0000e-08
6.6196e-08 1.0000e-08
6.2184e-08 1.0000e-08
5.8172e-08 1.0000e-08
5.4160e-08 1.0000e-08
5.0148e-08 1.0000e-08
4.6136e-08 1.0000e-08
4.2125e-08 1.0000e-08
3.8113e-08 1.0000e-08
3.4101e-08 1.0000e-08
3.0089e-08 1.0000e-08
2.6077e-08 1.0000e-08
2.2065e-08 1.0000e-08
1.8053e-08 1.0000e-08
1.4042e-08 1.0000e-08
1.0030e-08 1.0000e-08
6.0178e-09 1.0000e-08
2.0059e-09 1.0000e-08
-2.0059e-09 1.0000e-08
-6.0178e-09 1.0000e-08
-1.0030e-08 1.0000e-08
-1.4042e-08 1.0000e-08
-1.8053e-08 1.0000e-08
-2.2065e-08 1.0000e-08
-2.6077e-08 1.0000e-08
-3.0089e-08 1.0000e-08
-3.4101e-08 1.0000e-08
-3.8113e-08 1.0000e-08
-4.2125e-08 1.0000e-08
-4.6136e-08 1.0000e-08
-5.0148e-08 1.0000e-08
-5.4160e-08 1.0000e-08
-5.8172e-08 1.0000e-08
-6.2184e-08 1.0000e-08
-6.6196e-08 1.0000e-08
-7.0208e-08 1.0000e-08
-7.4219e-08 1.0000e-08
-7.8231e-08 1.0000e-08
-8.2243e-08 1.0000e-08
-8.6255e-08 1.0000e-08
-9.0267e-08 1.0000e-08
-9.4279e-08 1.0000e-08
-9.8291e-08 1.0000e-08
-1.0230e-07 1.0000e-08
-1.0631e-07 1.0000e-08
-1.1033e-07 1.0000e-08
-1.1434e-07 1.0000e-08
-1.1835e-07 1.0000e-08
-1.2236e-07 1.0000e-08
-1.2637e-07 1.0000e-08
-1.3039e-07 1.0000e-08
-1.3440e-07 1.0000e-08
-1.3841e-07 1.0000e-08
-1.4242e-07 1.0000e-08
-1.4643e-07 1.0000e-08
-1.5044e-07 1.0000e-08
-1.5446e-07 1.0000e-08
-1.5847e-07 1.0000e-08
-1.6248e-07 1.0000e-08
-1.6649e-07 1.0000e-08
-1.7050e-07 1.0000e-08
-1.7452e-07 1.0000e-08
-1.7853e-07 1.0000e-08
-1.8254e-07 1.0000e-08
-1.8655e-07 1.0000e-08
-1.9056e-07 1.0000e-08
-1.9458e-07 1.0000e-08
-1.9859e-07 1.0000e-08
-2.0260e-07 1.0000e-08
-2.0661e-07 1.0000e-08
-2.1062e-07 1.0000e-08
-2.1463e-07 1.0000e-08
-2.1865e-07 1.0000e-08
-2.2266e-07 1.0000e-08
-2.2667e-07 1.0000e-08
-2.3068e-07 1.0000e-08
-2.3469e-07 1.0000e-08
-2.3871e-07 1.0000e-08
-2.4272e-07 1.0000e-08
-2.4673e-07 1.0000e-08
-2.5074e-07 1.0000e-08
-2.5475e-07 1.0000e-08
-2.5876e-07 1.0000e-08
-2.6278e-07 1.0000e-08
-2.6679e-07 1.0000e-08
-2.7080e-07 1.0000e-08
-2.7481e-07 1.0000e-08
-2.7882e-07 1.0000e-08
-2.8284e-07 1.0000e-08
-2.8685e-07 1.0000e-08
-2.9086e-07 1.0000e-08
-2.9487e-07 1.0000e-08
-2.9888e-07 1.0000e-08
-3.0290e-07 1.0000e-08
-3.0691e-07 1.0000e-08
-3.1092e-07 1.0000e-08
-3.1493e-07 1.0000e-08
-3.1894e-07 1.0000e-08
-3.2295e-07 1.0000e-08
-3.2697e-07 1.0000e-08
-3.3098e-07 1.0000e-08
-3.3499e-07 1.0000e-08
-3.3900e-07 1.0000e-08
-3.4301e-07 1.0000e-08
-3.4703e-07 1.0000e-08
-3.5104e-07 1.0000e-08
-3.5505e-07 1.0000e-08
-3.5906e-07 1.0000e-08
-3.6307e-07 1.0000e-08
-3.6709e-07 1.0000e-08
-3.7110e-07 1.0000e-08
-3.7511e-07 1.0000e-08
-3.7912e-07 1.0000e-08
-3.8313e-07 1.0000e-08
-3.8714e-07 1.0000e-08
-3.9116e-07 1.0000e-08
-3.9517e-07 1.0000e-08
-3.9918e-07 1.0000e-08
-4.0319e-07 1.0000e-08
-4.0720e-07 1.0000e-08
-4.1122e-07 1.0000e-08
-4.1523e-07 1.0000e-08
-4.1924e-07 1.0000e-08
-4.2325e-07 1.0000e-08
-4.2726e-07 1.0000e-08
-4.3127e-07 1.0000e-08
-4.3529e-07 1.0000e-08
-4.3930e-07 1.0000e-08
-4.4331e-07 1.0000e-08
-4.4732e-07 1.0000e-08
-4.5133e-07 1.0000e-08
-4.5535e-07 1.0000e-08
-4.5936e-07 1.0000e-08
-4.6337e-07 1.0000e-08
-4.6738e-07 1.0000e-08
-4.7139e-07 1.0000e-08
-4.7541e-07 1.0000e-08
-4.7942e-07 1.0000e-08
-4.8343e-07 1.0000e-08
-4.8744e-07 1.0000e-08
-4.9145e-07 1.0000e-08
-4.9546e-07 1.0000e-08
-4.9948e-07 1.0000e-08
-5.0349e-07 1.0000e-08
-5.0750e-07 1.0000e-08
-5.1151e-07 1.0000e-08
-5.1552e-07 1.0000e-08
-5.1954e-07 1.0000e-08
-5.2355e-07 1.0000e-08
-5.2756e-07 1.0000e-08
-5.3157e-07 1.0000e-08
-5.3558e-07 1.0000e-08
-5.3959e-07 1.0000e-08
-5.4361e-07 1.0000e-08
-5.4762e-07 1.0000e-08
-5.5163e-07 1.0000e-08
-5.5564e-07 1.0000e-08
-5.5965e-07 1.0000e-08
-5.6367e-07 1.0000e-08
-5.6768e-07 1.0000e-08
-5.7169e-07 1.0000e-08
-5.7570e-07 1.0000e-08
-5.7971e-07 1.0000e-08
-5.8373e-07 1.0000e-08
-5.8774e-07 1.0000e-08
-5.9175e-07 1.0000e-08
-5.9576e-07 1.0000e-08
-5.9977e-07 1.0000e-08
-6.0378e-07 1.0000e-08
-6.0780e-07 1.0000e-08
-6.1181e-07 1.0000e-08
-6.1582e-07 1.0000e-08
-6.1983e-07 1.0000e-08
-6.2384e-07 1.0000e-08
-6.2786e-07 1.0000e-08
-6.3187e-07 1.0000e-08
-6.3588e-07 1.0000e-08
-6.3989e-07 1.0000e-08
-6.4390e-07 1.0000e-08
-6.4792e-07 1.0000e-08
-6.5193e-07 1.0000e-08
-6.5594e-07 1.0000e-08
-6.5995e-07 1.0000e-08
-6.6396e-07 1.0000e-08
-6.6797e-07 1.0000e-08
-6.7199e-07 1.0000e-08
-6.7600e-07 1.0000e-08
-6.8001e-07 1.0000e-08
-6.8402e-07 1.0000e-08
-6.8803e-07 1.0000e-08
-6.9205e-07 1.0000e-08
-6.9606e-07 1.0000e-08
-7.0007e-07 1.0000e-08
-7.0408e-07 1.0000e-08
-7.0809e-07 1.0000e-08
-7.1210e-07 1.0000e-08
-7.1612e-07 1.0000e-08
-7.2013e-07 1.0000e-08
-7.2414e-07 1.0000e-08
-7.2815e-07 1.0000e-08
-7.3216e-07 1.0000e-08
-7.3618e-07 1.0000e-08
-7.4019e-07 1.0000e-08
-7.4420e-07 1.0000e-08
-7.4821e-07 1.0000e-08
-7.5222e-07 1.0000e-08
-7.5624e-07 1.0000e-08
-7.6025e-07 1.0000e-08
-7.6426e-07 1.0000e-08
-7.6827e-07 1.0000e-08
-7.7228e-07 1.0000e-08
-7.7629e-07 1.0000e-08
-7.8031e-07 1.0000e-08
-7.8432e-07 1.0000e-08
-7.8833e-07 1.0000e-08
-7.9234e-07 1.0000e-08
-7.9635e-07 1.0000e-08
-8.0037e-07 1.0000e-08
-8.0438e-07 1.0000e-08
-8.0839e-07 1.0000e-08
-8.1240e-07 1.0000e-08
-8.1641e-07 1.0000e-08
-8.2042e-07 1.0000e-08
-8.2444e-07 1.0000e-08
-8.2845e-07 1.0000e-08
-8.3246e-07 1.0000e-08
-8.3647e-07 1.0000e-08
-8.4048e-07 1.0000e-08
-8.4450e-07 1.0000e-08
-8.4851e-07 1.0000e-08
-8.5252e-07 1.0000e-08
-8.5653e-07 1.0000e-08
-8.6054e-07 1.0000e-08
-8.6456e-07 1.0000e-08
-8.6857e-07 1.0000e-08
-8.7258e-07 1.0000e-08
-8.7659e-07 1.0000e-08
-8.8060e-07 1.0000e-08
-8.8461e-07 1.0000e-08
-8.8863e-07 1.0000e-08
-8.9264e-07 1.0000e-08
-8.9665e-07 1.0000e-08
-9.0066e-07 1.0000e-08
-9.0467e-07 1.0000e-08
-9.0869e-07 1.0000e-08
-9.1270e-07 1.0000e-08
-9.1671e-07 1.0000e-08
-9.2072e-07 1.0000e-08
-9.2473e-07 1.0000e-08
-9.2875e-07 1.0000e-08
-9.3276e-07 1.0000e-08
-9.3677e-07 1.0000e-08
-9.4078e-07 1.0000e-08
-9.4479e-07 1.0000e-08
-9.4880e-07 1.0000e-08
-9.5282e-07 1.0000e-08
-9.5683e-07 1.0000e-08
-9.6084e-07 1.0000e-08
-9.6485e-07 1.0000e-08
-9.6886e-07 1.0000e-08
-9.7288e-07 1.0000e-08
-9.7689e-07 1.0000e-08
-9.8090e-07 1.0000e-08
-9.8491e-07 1.0000e-08
-9.8892e-07 1.0000e-08
-9.9096e-07 1.1961e-08
-9.9096e-07 1.5947e-08
-9.9096e-07 1.9934e-08
-9.9096e-07 2.3921e-08
-9.9096e-07 2.7908e-08
-9.9096e-07 3.1895e-08
-9.9096e-07 3.5882e-08
-9.9096e-07 3.9869e-08
-9.9096e-07 4.3855e-08
-9.9096e-07 4.7842e-08
-9.9096e-07 5.1829e-08
-9.9096e-07 5.5816e-08
-9.9096e-07 5.9803e-08
-9.9096e-07 6.3790e-08
-9.9096e-07 6.7777e-08
-9.9096e-07 7.1763e-08
-9.9096e-07 7.5750e-08
-9.9096e-07 7.9737e-08
-9.9096e-07 8.3724e-08
-9.9096e-07 8.7711e-08
-9.9096e-07 9.1698e-08
-9.9096e-07 9.5684e-08
-9.9096e-07 9.9671e-08
-9.9096e-07 1.0366e-07
-9.9096e-07 1.0765e-07
-9.9096e-07 1.1163e-07
-9.9096e-07 1.1562e-07
-9.9096e-07 1.1961e-07
-9.9096e-07 1.2359e-07
-9.9096e-07 1.2758e-07
-9.9096e-07 1.3157e-07
-9.9096e-07 1.3555e-07
-9.9096e-07 1.3954e-07
-9.9096e-07 1.4353e-07
-9.9096e-07 1.4751e-07
-9.9096e-07 1.5150e-07
-9.9096e-07 1.5549e-07
-9.9096e-07 1.5947e-07
-9.9096e-07 1.6346e-07
-9.9096e-07 1.6745e-07
-9.9096e-07 1.7143e-07
-9.9096e-07 1.7542e-07
-9.9096e-07 1.7941e-07
-9.9096e-07 1.8340e-07
-9.9096e-07 1.8738e-07
-9.9096e-07 1.9137e-07
-9.9096e-07 1.9536e-07
-9.9096e-07 1.9934e-07
-9.9096e-07 2.0333e-07
-9.9096e-07 2.0732e-07
-9.9096e-07 2.1130e-07
-9.9096e-07 2.1529e-07
-9.9096e-07 2.1928e-07
-9.9096e-07 2.2326e-07
-9.9096e-07 2.2725e-07
-9.9096e-07 2.3124e-07
-9.9096e-07 2.3522e-07
-9.9096e-07 2.3921e-07
-9.9096e-07 2.4320e-07
-9.9096e-07 2.4718e-07
-9.9096e-07 2.5117e-07
-9.9096e-07 2.5516e-07
-9.9096e-07 2.5915e-07
-9.9096e-07 2.6313e-07
-9.9096e-07 2.6712e-07
-9.9096e-07 2.7111e-07
-9.9096e-07 2.7509e-07
-9.9096e-07 2.7908e-07
-9.9096e-07 2.8307e-07
-9.9096e-07 2.8705e-07
-9.9096e-07 2.9104e-07
-9.9096e-07 2.9503e-07
-9.9096e-07 2.9901e-07
-9.9096e-07 3.0300e-07
-9.9096e-07 3.0699e-07
-9.9096e-07 3.1097e-07
-9.9096e-07 3.1496e-07
-9.9096e-07 3.1895e-07
-9.9096e-07 3.2294e-07
-9.9096e-07 3.2692e-07
-9.9096e-07 3.3091e-07
-9.9096e-07 3.3490e-07
-9.9096e-07 3.3888e-07
-9.9096e-07 3.4287e-07
-9.9096e-07 3.4686e-07
-9.9096e-07 3.5084e-07
-9.9096e-07 3.5483e-07
-9.9096e-07 3.5882e-07
-9.9096e-07 3.6280e-07
-9.9096e-07 3.6679e-07
-9.9096e-07 3.7078e-07
-9.9096e-07 3.7476e-07
-9.9096e-07 3.7875e-07
-9.9096e-07 3.8274e-07
-9.9096e-07 3.8672e-07
-9.9096e-07 3.9071e-07
-9.9096e-07 3.9470e-07
-9.9096e-07 3.9869e-07
-9.9096e-07 4.0267e-07
-9.9096e-07 4.0666e-07
-9.9096e-07 4.1065e-07
-9.9096e-07 4.1463e-07
-9.9096e-07 4.1862e-07
-9.9096e-07 4.2261e-07
-9.9096e-07 4.2659e-07
-9.9096e-07 4.3058e-07
-9.9096e-07 4.3457e-07
-9.9096e-07 4.3855e-07
-9.9096e-07 4.4254e-07
-9.9096e-07 4.4653e-07
-9.9096e-07 4.5051e-07
-9.9096e-07 4.5450e-07
-9.9096e-07 4.5849e-07
-9.9096e-07 4.6247e-07
-9.9096e-07 4.6646e-07
-9.9096e-07 4.7045e-07
-9.9096e-07 4.7444e-07
-9.9096e-07 4.7842e-07
-9.9096e-07 4.8241e-07
-9.9096e-07 4.8640e-07
-9.9096e-07 4.9038e-07
-9.9096e-07 4.9437e-07
-9.9096e-07 4.9836e-07
-9.9096e-07 5.0234e-07
-9.9096e-07 5.0633e-07
-9.9096e-07 5.1032e-07
-9.9096e-07 5.1430e-07
-9.9096e-07 5.1829e-07
-9.9096e-07 5.2228e-07
-9.9096e-07 5.2626e-07
-9.9096e-07 5.3025e-07
-9.9096e-07 5.3424e-07
-9.9096e-07 5.3823e-07
-9.9096e-07 5.4221e-07
-9.9096e-07 5.4620e-07
-9.9096e-07 5.5019e-07
-9.9096e-07 5.5417e-07
-9.9096e-07 5.5816e-07
-9.9096e-07 5.6215e-07
-9.9096e-07 5.6613e-07
-9.9096e-07 5.7012e-07
-9.9096e-07 5.7411e-07
-9.9096e-07 5.7809e-07
-9.9096e-07 5.8208e-07
-9.9096e-07 5.8607e-07
-9.9096e-07 5.9005e-07
-9.9096e-07 5.9404e-07
-9.9096e-07 5.9803e-07
-9.9096e-07 6.0201e-07
-9.9096e-07 6.0600e-07
-9.9096e-07 6.0999e-07
-9.9096e-07 6.1398e-07
-9.9096e-07 6.1796e-07
-9.9096e-07 6.2195e-07
-9.9096e-07 6.2594e-07
-9.9096e-07 6.2992e-07
-9.9096e-07 6.3391e-07
-9.9096e-07 6.3790e-07
-9.9096e-07 6.4188e-07
-9.9096e-07 6.4587e-07
-9.9096e-07 6.4986e-07
-9.9096e-07 6.5384e-07
-9.9096e-07 6.5783e-07
-9.9096e-07 6.6182e-07
-9.9096e-07 6.6580e-07
-9.9096e-07 6.6979e-07
-9.9096e-07 6.7378e-07
-9.9096e-07 6.7777e-07
-9.9096e-07 6.8175e-07
-9.9096e-07 6.8574e-07
-9.9096e-07 6.8973e-07
-9.9096e-07 6.9371e-07
-9.9096e-07 6.9770e-07
-9.9096e-07 7.0169e-07
-9.9096e-07 7.0567e-07
-9.9096e-07 7.0966e-07
-9.9096e-07 7.1365e-07
-9.9096e-07 7.1763e-07
-9.9096e-07 7.2162e-07
-9.9096e-07 7.2561e-07
-9.9096e-07 7.2959e-07
-9.9096e-07 7.3358e-07
-9.9096e-07 7.3757e-07
-9.9096e-07 7.4155e-07
-9.9096e-07 7.4554e-07
-9.9096e-07 7.4953e-07
-9.9096e-07 7.5352e-07
-9.9096e-07 7.5750e-07
-9.9096e-07 7.6149e-07
-9.9096e-07 7.6548e-07
-9.9096e-07 7.6946e-07
-9.9096e-07 7.7345e-07
-9.9096e-07 7.7744e-07
-9.9096e-07 7.8142e-07
-9.9096e-07 7.8541e-07
-9.9096e-07 7.8940e-07
-9.9096e-07 7.9338e-07
-9.9096e-07 7.9737e-07
-9.9096e-07 8.0136e-07
-9.9096e-07 8.0534e-07
-9.9096e-07 8.0933e-07
-9.9096e-07 8.1332e-07
-9.9096e-07 8.1730e-07
-9.9096e-07 8.2129e-07
-9.9096e-07 8.2528e-07
-9.9096e-07 8.2927e-07
-9.9096e-07 8.3325e-07
-9.9096e-07 8.3724e-07
-9.9096e-07 8.4123e-07
-9.9096e-07 8.4521e-07
-9.9096e-07 8.4920e-07
-9.9096e-07 8.5319e-07
-9.9096e-07 8.5717e-07
-9.9096e-07 8.6116e-07
-9.9096e-07 8.6515e-07
-9.9096e-07 8.6913e-07
-9.9096e-07 8.7312e-07
-9.9096e-07 8.7711e-07
-9.9096e-07 8.8109e-07
-9.9096e-07 8.8508e-07
-9.9096e-07 8.8907e-07
-9.9096e-07 8.9306e-07
-9.9096e-07 8.9704e-07
-9.9096e-07 9.0103e-07
-9.9096e-07 9.0502e-07
-9.9096e-07 9.0900e-07
-9.9096e-07 9.1299e-07
-9.9096e-07 9.1698e-07
-9.9096e-07 9.2096e-07
-9.9096e-07 9.2495e-07
-9.9096e-07 9.2894e-07
-9.9096e-07 9.3292e-07
-9.9096e-07 9.3691e-07
-9.9096e-07 9.4090e-07
-9.9096e-07 9.4488e-07
-9.9096e-07 9.4887e-07
-9.9096e-07 9.5286e-07
-9.9096e-07 9.5684e-07
-9.9096e-07 9.6083e-07
-9.9096e-07 9.6482e-07
-9.9096e-07 9.6881e-07
-9.9096e-07 9.7279e-07
-9.9096e-07 9.7678e-07
-9.9096e-07 9.8077e-07
-9.9096e-07 9.8475e-07
-9.9096e-07 9.8874e-07
-9.9096e-07 9.9273e-07
-9.9096e-07 9.9671e-07
-9.9096e-07 1.0007e-06
-9.9096e-07 1.0047e-06
-9.9096e-07 1.0087e-06
-9.9096e-07 1.0127e-06
-9.9096e-07 1.0166e-06
-9.9096e-07 1.0206e-06
-9.9096e-07 1.0246e-06
-9.9096e-07 1.0286e-06
-9.9096e-07 1.0326e-06
-9.9096e-07 1.0366e-06
-9.9096e-07 1.0406e-06
-9.9096e-07 1.0446e-06
-9.9096e-07 1.0485e-06
-9.9096e-07 1.0525e-06
-9.9096e-07 1.0565e-06
-9.9096e-07 1.0605e-06
-9.9096e-07 1.0645e-06
-9.9096e-07 1.0685e-06
-9.9096e-07 1.0725e-06
-9.9096e-07 1.0765e-06
-9.9096e-07 1.0804e-06
-9.9096e-07 1.0844e-06
-9.9096e-07 1.0884e-06
-9.9096e-07 1.0924e-06
-9.9096e-07 1.0964e-06
-9.9096e-07 1.1004e-06
-9.9096e-07 1.1044e-06
-9.9096e-07 1.1083e-06
-9.9096e-07 1.1123e-06
-9.9096e-07 1.1163e-06
-9.9096e-07 1.1203e-06
-9.9096e-07 1.1243e-06
-9.9096e-07 1.1283e-06
-9.9096e-07 1.1323e-06
-9.9096e-07 1.1363e-06
-9.9096e-07 1.1402e-06
-9.9096e-07 1.1442e-06
-9.9096e-07 1.1482e-06
-9.9096e-07 1.1522e-06
-9.9096e-07 1.1562e-06
-9.9096e-07 1.1602e-06
-9.9096e-07 1.1642e-06
-9.9096e-07 1.1681e-06
-9.9096e-07 1.1721e-06
-9.9096e-07 1.1761e-06
-9.9096e-07 1.1801e-06
-9.9096e-07 1.1841e-06
-9.9096e-07 1.1881e-06
-9.9096e-07 1.1921e-06
-9.9096e-07 1.1961e-06
-9.9096e-07 1.2000e-06
-9.9096e-07 1.2040e-06
-9.9096e-07 1.2080e-06
-9.9096e-07 1.2120e-06
-9.9096e-07 1.2160e-06
-9.9096e-07 1.2200e-06
-9.9096e-07 1.2240e-06
-9.9096e-07 1.2280e-06
-9.9096e-07 1.2319e-06
-9.9096e-07 1.2359e-06
-9.9096e-07 1.2399e-06
-9.9096e-07 1.2439e-06
-9.9096e-07 1.2479e-06
-9.9096e-07 1.2519e-06
-9.9096e-07 1.2559e-06
-9.9096e-07 1.2598e-06
-9.9096e-07 1.2638e-06
-9.9096e-07 1.2678e-06
-9.9096e-07 1.2718e-06
-9.9096e-07 1.2758e-06
-9.9096e-07 1.2798e-06
-9.9096e-07 1.2838e-06
-9.9096e-07 1.2878e-06
-9.9096e-07 1.2917e-06
-9.9096e-07 1.2957e-06
-9.9096e-07 1.2997e-06
-9.9096e-07 1.3037e-06
-9.9096e-07 1.3077e-06
-9.9096e-07 1.3117e-06
-9.9096e-07 1.3157e-06
-9.9096e-07 1.3196e-06
-9.9096e-07 1.3236e-06
-9.9096e-07 1.3276e-06
-9.9096e-07 1.3316e-06
-9.9096e-07 1.3356e-06
-9.9096e-07 1.3396e-06
-9.9096e-07 1.3436e-06
-9.9096e-07 1.3476e-06
-9.9096e-07 1.3515e-06
-9.9096e-07 1.3555e-06
-9.9096e-07 1.3595e-06
-9.9096e-07 1.3635e-06
-9.9096e-07 1.3675e-06
-9.9096e-07 1.3715e-06
-9.9096e-07 1.3755e-06
-9.9096e-07 1.3795e-06
-9.9096e-07 1.3834e-06
-9.9096e-07 1.3874e-06
-9.9096e-07 1.3914e-06
-9.9096e-07 1.3954e-06
-9.9096e-07 1.3994e-06
-9.9096e-07 1.4034e-06
-9.9096e-07 1.4074e-06
-9.9096e-07 1.4113e-06
-9.9096e-07 1.4153e-06
-9.9096e-07 1.4193e-06
-9.9096e-07 1.4233e-06
-9.9096e-07 1.4273e-06
-9.9096e-07 1.4313e-06
-9.9096e-07 1.4353e-06
-9.9096e-07 1.4393e-06
-9.9096e-07 1.4432e-06
-9.9096e-07 1.4472e-06
-9.9096e-07 1.4512e-06
-9.9096e-07 1.4552e-06
-9.9096e-07 1.4592e-06
-9.9096e-07 1.4632e-06
-9.9096e-07 1.4672e-06
-9.9096e-07 1.4711e-06
-9.9096e-07 1.4751e-06
-9.9096e-07 1.4791e-06
-9.9096e-07 1.4831e-06
