6.3336e-07 1.4903e-06
6.3993e-07 1.4906e-06
6.4643e-07 1.4908e-06
6.5307e-07 1.4908e-06
6.5977e-07 1.4908e-06
6.6640e-07 1.4907e-06
6.7305e-07 1.4905e-06
6.7993e-07 1.4903e-06
6.8670e-07 1.4903e-06
6.9333e-07 1.4900e-06
7.0010e-07 1.4898e-06
7.0708e-07 1.4896e-06
7.1422e-07 1.4897e-06
7.2114e-07 1.4900e-06
7.2792e-07 1.4902e-06
7.3493e-07 1.4905e-06
7.4200e-07 1.4911e-06
7.4866e-07 1.4919e-06
7.5528e-07 1.4923e-06
7.6209e-07 1.4928e-06
7.6869e-07 1.4933e-06
7.7513e-07 1.4936e-06
7.8156e-07 1.4936e-06
7.8844e-07 1.4935e-06
7.9543e-07 1.4937e-06
8.0211e-07 1.4938e-06
8.0893e-07 1.4939e-06
8.1592e-07 1.4941e-06
8.2280e-07 1.4945e-06
8.2935e-07 1.4949e-06
8.3573e-07 1.4950e-06
8.4231e-07 1.4948e-06
8.4902e-07 1.4946e-06
8.5570e-07 1.4944e-06
8.6258e-07 1.4941e-06
8.6973e-07 1.4941e-06
8.7666e-07 1.4943e-06
8.8344e-07 1.4944e-06
8.8976e-07 1.4947e-06
8.9621e-07 1.4942e-06
9.0275e-07 1.4940e-06
9.0897e-07 1.4933e-06
9.1552e-07 1.4924e-06
9.2230e-07 1.4914e-06
9.2951e-07 1.4904e-06
9.3634e-07 1.4899e-06
9.4328e-07 1.4891e-06
9.5061e-07 1.4888e-06
9.5749e-07 1.4887e-06
9.6432e-07 1.4887e-06
9.7109e-07 1.4887e-06
9.7786e-07 1.4886e-06
9.8457e-07 1.4886e-06
9.9125e-07 1.4885e-06
1.0017e-06 1.4782e-06
1.0017e-06 1.4716e-06
1.0017e-06 1.4649e-06
1.0017e-06 1.4582e-06
1.0017e-06 1.4516e-06
1.0017e-06 1.4449e-06
1.0017e-06 1.4383e-06
1.0017e-06 1.4316e-06
1.0017e-06 1.4249e-06
1.0017e-06 1.4183e-06
1.0017e-06 1.4116e-06
1.0017e-06 1.4050e-06
1.0017e-06 1.3983e-06
1.0017e-06 1.3917e-06
1.0017e-06 1.3850e-06
1.0017e-06 1.3783e-06
1.0017e-06 1.3717e-06
1.0017e-06 1.3650e-06
1.0017e-06 1.3584e-06
1.0017e-06 1.3517e-06
1.0017e-06 1.3450e-06
1.0017e-06 1.3384e-06
1.0017e-06 1.3317e-06
1.0017e-06 1.3251e-06
1.0017e-06 1.3184e-06
1.0017e-06 1.3117e-06
1.0017e-06 1.3051e-06
1.0017e-06 1.2984e-06
1.0017e-06 1.2918e-06
1.0017e-06 1.2851e-06
1.0017e-06 1.2785e-06
1.0017e-06 1.2718e-06
1.0017e-06 1.2651e-06
1.0017e-06 1.2585e-06
1.0017e-06 1.2518e-06
1.0017e-06 1.2452e-06
1.0017e-06 1.2385e-06
1.0017e-06 1.2318e-06
1.0017e-06 1.2252e-06
1.0017e-06 1.2185e-06
1.0017e-06 1.2119e-06
1.0017e-06 1.2052e-06
1.0017e-06 1.1986e-06
1.0017e-06 1.1919e-06
1.0017e-06 1.1852e-06
1.0017e-06 1.1786e-06
1.0017e-06 1.1719e-06
1.0017e-06 1.1653e-06
1.0017e-06 1.1586e-06
1.0017e-06 1.1519e-06
1.0017e-06 1.1453e-06
1.0017e-06 1.1386e-06
1.0017e-06 1.1320e-06
1.0017e-06 1.1253e-06
1.0017e-06 1.1186e-06
1.0017e-06 1.1120e-06
1.0017e-06 1.1053e-06
1.0017e-06 1.0987e-06
1.0017e-06 1.0920e-06
1.0017e-06 1.0854e-06
1.0017e-06 1.0787e-06
1.0017e-06 1.0720e-06
1.0017e-06 1.0654e-06
1.0017e-06 1.0587e-06
1.0017e-06 1.0521e-06
1.0017e-06 1.0454e-06
1.0017e-06 1.0387e-06
1.0017e-06 1.0321e-06
1.0017e-06 1.0254e-06
1.0017e-06 1.0188e-06
1.0017e-06 1.0121e-06
1.0017e-06 1.0055e-06
1.0017e-06 9.9879e-07
1.0017e-06 9.9213e-07
1.0017e-06 9.8548e-07
1.0017e-06 9.7882e-07
1.0017e-06 9.7216e-07
1.0017e-06 9.6550e-07
1.0017e-06 9.5884e-07
1.0017e-06 9.5218e-07
1.0017e-06 9.4552e-07
1.0017e-06 9.3887e-07
1.0017e-06 9.3221e-07
1.0017e-06 9.2555e-07
1.0017e-06 9.1889e-07
1.0017e-06 9.1223e-07
1.0017e-06 9.0557e-07
1.0017e-06 8.9891e-07
1.0017e-06 8.9226e-07
1.0017e-06 8.8560e-07
1.0017e-06 8.7894e-07
1.0017e-06 8.7228e-07
1.0017e-06 8.6562e-07
1.0017e-06 8.5896e-07
1.0017e-06 8.5230e-07
1.0017e-06 8.4565e-07
1.0017e-06 8.3899e-07
1.0017e-06 8.3233e-07
1.0017e-06 8.2567e-07
1.0017e-06 8.1901e-07
1.0017e-06 8.1235e-07
1.0017e-06 8.0569e-07
1.0017e-06 7.9903e-07
1.0017e-06 7.9238e-07
1.0017e-06 7.8572e-07
1.0017e-06 7.7906e-07
1.0017e-06 7.7240e-07
1.0017e-06 7.6574e-07
1.0017e-06 7.5908e-07
1.0017e-06 7.5242e-07
1.0017e-06 7.4577e-07
1.0017e-06 7.3911e-07
1.0017e-06 7.3245e-07
1.0017e-06 7.2579e-07
1.0017e-06 7.1913e-07
1.0017e-06 7.1247e-07
1.0017e-06 7.0581e-07
1.0017e-06 6.9916e-07
1.0017e-06 6.9250e-07
1.0017e-06 6.8584e-07
1.0017e-06 6.7918e-07
1.0017e-06 6.7252e-07
1.0017e-06 6.6586e-07
1.0017e-06 6.5920e-07
1.0017e-06 6.5255e-07
1.0017e-06 6.4589e-07
1.0017e-06 6.3923e-07
1.0017e-06 6.3257e-07
1.0017e-06 6.2591e-07
1.0017e-06 6.1925e-07
1.0017e-06 6.1259e-07
1.0017e-06 6.0593e-07
1.0017e-06 5.9928e-07
1.0017e-06 5.9262e-07
1.0017e-06 5.8596e-07
1.0017e-06 5.7930e-07
1.0017e-06 5.7264e-07
1.0017e-06 5.6598e-07
1.0017e-06 5.5932e-07
1.0017e-06 5.5267e-07
1.0017e-06 5.4601e-07
1.0017e-06 5.3935e-07
1.0017e-06 5.3269e-07
1.0017e-06 5.2603e-07
1.0017e-06 5.1937e-07
1.0017e-06 5.1271e-07
1.0017e-06 5.0606e-07
1.0017e-06 4.9940e-07
1.0017e-06 4.9274e-07
1.0017e-06 4.8608e-07
1.0017e-06 4.7942e-07
1.0017e-06 4.7276e-07
1.0017e-06 4.6610e-07
1.0017e-06 4.5944e-07
1.0017e-06 4.5279e-07
1.0017e-06 4.4613e-07
1.0017e-06 4.3947e-07
1.0017e-06 4.3281e-07
1.0017e-06 4.2615e-07
1.0017e-06 4.1949e-07
1.0017e-06 4.1283e-07
1.0017e-06 4.0618e-07
1.0017e-06 3.9952e-07
1.0017e-06 3.9286e-07
1.0017e-06 3.8620e-07
1.0017e-06 3.7954e-07
1.0017e-06 3.7288e-07
1.0017e-06 3.6622e-07
1.0017e-06 3.5957e-07
1.0017e-06 3.5291e-07
1.0017e-06 3.4625e-07
1.0017e-06 3.3959e-07
1.0017e-06 3.3293e-07
1.0017e-06 3.2627e-07
1.0017e-06 3.1961e-07
1.0017e-06 3.1296e-07
1.0017e-06 3.0630e-07
1.0017e-06 2.9964e-07
1.0017e-06 2.9298e-07
1.0017e-06 2.8632e-07
1.0017e-06 2.7966e-07
1.0017e-06 2.7300e-07
1.0017e-06 2.6634e-07
1.0017e-06 2.5969e-07
1.0017e-06 2.5303e-07
1.0017e-06 2.4637e-07
1.0017e-06 2.3971e-07
1.0017e-06 2.3305e-07
1.0017e-06 2.2639e-07
1.0017e-06 2.1973e-07
1.0017e-06 2.1308e-07
1.0017e-06 2.0642e-07
1.0017e-06 1.9976e-07
1.0017e-06 1.9310e-07
1.0017e-06 1.8644e-07
1.0017e-06 1.7978e-07
1.0017e-06 1.7312e-07
1.0017e-06 1.6647e-07
1.0017e-06 1.5981e-07
1.0017e-06 1.5315e-07
1.0017e-06 1.4649e-07
1.0017e-06 1.3983e-07
1.0017e-06 1.3317e-07
1.0017e-06 1.2651e-07
1.0017e-06 1.1986e-07
1.0017e-06 1.1320e-07
1.0017e-06 1.0654e-07
1.0017e-06 9.9879e-08
1.0017e-06 9.3221e-08
1.0017e-06 8.6562e-08
1.0017e-06 7.9903e-08
1.0017e-06 7.3245e-08
1.0017e-06 6.6586e-08
1.0017e-06 5.9928e-08
1.0017e-06 5.3269e-08
1.0017e-06 4.6610e-08
1.0017e-06 3.9952e-08
1.0017e-06 3.3293e-08
1.0017e-06 2.6634e-08
1.0017e-06 1.9976e-08
9.9143e-07 1.0000e-08
9.8466e-07 1.0000e-08
9.7789e-07 1.0000e-08
9.7113e-07 1.0000e-08
9.6436e-07 1.0000e-08
9.5759e-07 1.0000e-08
9.5083e-07 1.0000e-08
9.4406e-07 1.0000e-08
9.3729e-07 1.0000e-08
9.3052e-07 1.0000e-08
9.2376e-07 1.0000e-08
9.1699e-07 1.0000e-08
9.1022e-07 1.0000e-08
9.0345e-07 1.0000e-08
8.9669e-07 1.0000e-08
8.8992e-07 1.0000e-08
8.8315e-07 1.0000e-08
8.7638e-07 1.0000e-08
8.6962e-07 1.0000e-08
8.6285e-07 1.0000e-08
8.5608e-07 1.0000e-08
8.4931e-07 1.0000e-08
8.4255e-07 1.0000e-08
8.3578e-07 1.0000e-08
8.2901e-07 1.0000e-08
8.2224e-07 1.0000e-08
8.1548e-07 1.0000e-08
8.0871e-07 1.0000e-08
8.0194e-07 1.0000e-08
7.9517e-07 1.0000e-08
7.8841e-07 1.0000e-08
7.8164e-07 1.0000e-08
7.7487e-07 1.0000e-08
7.6810e-07 1.0000e-08
7.6134e-07 1.0000e-08
7.5457e-07 1.0000e-08
7.4780e-07 1.0000e-08
7.4103e-07 1.0000e-08
7.3427e-07 1.0000e-08
7.2750e-07 1.0000e-08
7.2073e-07 1.0000e-08
7.1396e-07 1.0000e-08
7.0720e-07 1.0000e-08
7.0043e-07 1.0000e-08
6.9366e-07 1.0000e-08
6.8690e-07 1.0000e-08
6.8013e-07 1.0000e-08
6.7336e-07 1.0000e-08
6.6659e-07 1.0000e-08
6.5983e-07 1.0000e-08
6.5306e-07 1.0000e-08
6.4629e-07 1.0000e-08
6.3952e-07 1.0000e-08
6.3276e-07 1.0000e-08
6.2245e-07 1.9988e-08
6.2245e-07 2.6650e-08
6.2245e-07 3.3313e-08
6.2245e-07 3.9975e-08
6.2245e-07 4.6638e-08
6.2245e-07 5.3300e-08
6.2245e-07 5.9963e-08
6.2245e-07 6.6625e-08
6.2245e-07 7.3288e-08
6.2245e-07 7.9950e-08
6.2245e-07 8.6613e-08
6.2245e-07 9.3275e-08
6.2245e-07 9.9938e-08
6.2245e-07 1.0660e-07
6.2245e-07 1.1326e-07
6.2245e-07 1.1993e-07
6.2245e-07 1.2659e-07
6.2245e-07 1.3325e-07
6.2245e-07 1.3991e-07
6.2245e-07 1.4658e-07
6.2245e-07 1.5324e-07
6.2245e-07 1.5990e-07
6.2245e-07 1.6656e-07
6.2245e-07 1.7323e-07
6.2245e-07 1.7989e-07
6.2245e-07 1.8655e-07
6.2245e-07 1.9321e-07
6.2245e-07 1.9988e-07
6.2245e-07 2.0654e-07
6.2245e-07 2.1320e-07
6.2245e-07 2.1986e-07
6.2245e-07 2.2653e-07
6.2245e-07 2.3319e-07
6.2245e-07 2.3985e-07
6.2245e-07 2.4651e-07
6.2245e-07 2.5318e-07
6.2245e-07 2.5984e-07
6.2245e-07 2.6650e-07
6.2245e-07 2.7316e-07
6.2245e-07 2.7983e-07
6.2245e-07 2.8649e-07
6.2245e-07 2.9315e-07
6.2245e-07 2.9981e-07
6.2245e-07 3.0648e-07
6.2245e-07 3.1314e-07
6.2245e-07 3.1980e-07
6.2245e-07 3.2646e-07
6.2245e-07 3.3313e-07
6.2245e-07 3.3979e-07
6.2245e-07 3.4645e-07
6.2245e-07 3.5311e-07
6.2245e-07 3.5978e-07
6.2245e-07 3.6644e-07
6.2245e-07 3.7310e-07
6.2245e-07 3.7976e-07
6.2245e-07 3.8643e-07
6.2245e-07 3.9309e-07
6.2245e-07 3.9975e-07
6.2245e-07 4.0641e-07
6.2245e-07 4.1308e-07
6.2245e-07 4.1974e-07
6.2245e-07 4.2640e-07
6.2245e-07 4.3306e-07
6.2245e-07 4.3973e-07
6.2245e-07 4.4639e-07
6.2245e-07 4.5305e-07
6.2245e-07 4.5971e-07
6.2245e-07 4.6638e-07
6.2245e-07 4.7304e-07
6.2245e-07 4.7970e-07
6.2245e-07 4.8636e-07
6.2245e-07 4.9303e-07
6.2245e-07 4.9969e-07
6.2245e-07 5.0635e-07
6.2245e-07 5.1301e-07
6.2245e-07 5.1968e-07
6.2245e-07 5.2634e-07
6.2245e-07 5.3300e-07
6.2245e-07 5.3966e-07
6.2245e-07 5.4633e-07
6.2245e-07 5.5299e-07
6.2245e-07 5.5965e-07
6.2245e-07 5.6631e-07
6.2245e-07 5.7298e-07
6.2245e-07 5.7964e-07
6.2245e-07 5.8630e-07
6.2245e-07 5.9296e-07
6.2245e-07 5.9963e-07
6.2245e-07 6.0629e-07
6.2245e-07 6.1295e-07
6.2245e-07 6.1961e-07
6.2245e-07 6.2628e-07
6.2245e-07 6.3294e-07
6.2245e-07 6.3960e-07
6.2245e-07 6.4626e-07
6.2245e-07 6.5293e-07
6.2245e-07 6.5959e-07
6.2245e-07 6.6625e-07
6.2245e-07 6.7291e-07
6.2245e-07 6.7958e-07
6.2245e-07 6.8624e-07
6.2245e-07 6.9290e-07
6.2245e-07 6.9956e-07
6.2245e-07 7.0623e-07
6.2245e-07 7.1289e-07
6.2245e-07 7.1955e-07
6.2245e-07 7.2621e-07
6.2245e-07 7.3288e-07
6.2245e-07 7.3954e-07
6.2245e-07 7.4620e-07
6.2245e-07 7.5286e-07
6.2245e-07 7.5953e-07
6.2245e-07 7.6619e-07
6.2245e-07 7.7285e-07
6.2245e-07 7.7951e-07
6.2245e-07 7.8618e-07
6.2245e-07 7.9284e-07
6.2245e-07 7.9950e-07
6.2245e-07 8.0616e-07
6.2245e-07 8.1283e-07
6.2245e-07 8.1949e-07
6.2245e-07 8.2615e-07
6.2245e-07 8.3281e-07
6.2245e-07 8.3948e-07
6.2245e-07 8.4614e-07
6.2245e-07 8.5280e-07
6.2245e-07 8.5946e-07
6.2245e-07 8.6613e-07
6.2245e-07 8.7279e-07
6.2245e-07 8.7945e-07
6.2245e-07 8.8611e-07
6.2245e-07 8.9278e-07
6.2245e-07 8.9944e-07
6.2245e-07 9.0610e-07
6.2245e-07 9.1276e-07
6.2245e-07 9.1943e-07
6.2245e-07 9.2609e-07
6.2245e-07 9.3275e-07
6.2245e-07 9.3941e-07
6.2245e-07 9.4608e-07
6.2245e-07 9.5274e-07
6.2245e-07 9.5940e-07
6.2245e-07 9.6606e-07
6.2245e-07 9.7273e-07
6.2245e-07 9.7939e-07
6.2245e-07 9.8605e-07
6.2245e-07 9.9271e-07
6.2245e-07 9.9938e-07
6.2245e-07 1.0060e-06
6.2245e-07 1.0127e-06
6.2245e-07 1.0194e-06
6.2245e-07 1.0260e-06
6.2245e-07 1.0327e-06
6.2245e-07 1.0394e-06
6.2245e-07 1.0460e-06
6.2245e-07 1.0527e-06
6.2245e-07 1.0593e-06
6.2245e-07 1.0660e-06
6.2245e-07 1.0727e-06
6.2245e-07 1.0793e-06
6.2245e-07 1.0860e-06
6.2245e-07 1.0927e-06
6.2245e-07 1.0993e-06
6.2245e-07 1.1060e-06
6.2245e-07 1.1126e-06
6.2245e-07 1.1193e-06
6.2245e-07 1.1260e-06
6.2245e-07 1.1326e-06
6.2245e-07 1.1393e-06
6.2245e-07 1.1460e-06
6.2245e-07 1.1526e-06
6.2245e-07 1.1593e-06
6.2245e-07 1.1659e-06
6.2245e-07 1.1726e-06
6.2245e-07 1.1793e-06
6.2245e-07 1.1859e-06
6.2245e-07 1.1926e-06
6.2245e-07 1.1993e-06
6.2245e-07 1.2059e-06
6.2245e-07 1.2126e-06
6.2245e-07 1.2192e-06
6.2245e-07 1.2259e-06
6.2245e-07 1.2326e-06
6.2245e-07 1.2392e-06
6.2245e-07 1.2459e-06
6.2245e-07 1.2526e-06
6.2245e-07 1.2592e-06
6.2245e-07 1.2659e-06
6.2245e-07 1.2725e-06
6.2245e-07 1.2792e-06
6.2245e-07 1.2859e-06
6.2245e-07 1.2925e-06
6.2245e-07 1.2992e-06
6.2245e-07 1.3059e-06
6.2245e-07 1.3125e-06
6.2245e-07 1.3192e-06
6.2245e-07 1.3258e-06
6.2245e-07 1.3325e-06
6.2245e-07 1.3392e-06
6.2245e-07 1.3458e-06
6.2245e-07 1.3525e-06
6.2245e-07 1.3592e-06
6.2245e-07 1.3658e-06
6.2245e-07 1.3725e-06
6.2245e-07 1.3791e-06
6.2245e-07 1.3858e-06
6.2245e-07 1.3925e-06
6.2245e-07 1.3991e-06
6.2245e-07 1.4058e-06
6.2245e-07 1.4125e-06
6.2245e-07 1.4191e-06
6.2245e-07 1.4258e-06
6.2245e-07 1.4324e-06
6.2245e-07 1.4391e-06
6.2245e-07 1.4458e-06
6.2245e-07 1.4524e-06
6.2245e-07 1.4591e-06
6.2245e-07 1.4658e-06
6.2245e-07 1.4724e-06
6.2245e-07 1.4791e-06
