-2.4225e-07 1.5096e-06
-2.4024e-07 1.5098e-06
-2.3827e-07 1.5101e-06
-2.3634e-07 1.5103e-06
-2.3446e-07 1.5105e-06
-2.3256e-07 1.5107e-06
-2.3056e-07 1.5109e-06
-2.2863e-07 1.5110e-06
-2.2676e-07 1.5112e-06
-2.2492e-07 1.5113e-06
-2.2303e-07 1.5114e-06
-2.2105e-07 1.5114e-06
-2.1921e-07 1.5115e-06
-2.1739e-07 1.5115e-06
-2.1547e-07 1.5115e-06
-2.1351e-07 1.5115e-06
-2.1155e-07 1.5115e-06
-2.0970e-07 1.5114e-06
-2.0789e-07 1.5114e-06
-2.0601e-07 1.5113e-06
-2.0406e-07 1.5111e-06
-2.0214e-07 1.5110e-06
-2.0034e-07 1.5109e-06
-1.9841e-07 1.5107e-06
-1.9632e-07 1.5104e-06
-1.9430e-07 1.5103e-06
-1.9238e-07 1.5101e-06
-1.9053e-07 1.5099e-06
-1.8857e-07 1.5096e-06
-1.8653e-07 1.5094e-06
-1.8452e-07 1.5092e-06
-1.8267e-07 1.5090e-06
-1.8091e-07 1.5087e-06
-1.7880e-07 1.5083e-06
-1.7659e-07 1.5081e-06
-1.7458e-07 1.5078e-06
-1.7263e-07 1.5076e-06
-1.7069e-07 1.5073e-06
-1.6854e-07 1.5070e-06
-1.6638e-07 1.5068e-06
-1.6438e-07 1.5066e-06
-1.6256e-07 1.5064e-06
-1.6070e-07 1.5061e-06
-1.5843e-07 1.5058e-06
-1.5621e-07 1.5056e-06
-1.5421e-07 1.5054e-06
-1.5237e-07 1.5052e-06
-1.5035e-07 1.5050e-06
-1.4784e-07 1.5048e-06
-1.4551e-07 1.5047e-06
-1.4349e-07 1.5047e-06
-1.4140e-07 1.5046e-06
-1.3900e-07 1.5046e-06
-1.3634e-07 1.5048e-06
-1.3399e-07 1.5051e-06
-1.3194e-07 1.5053e-06
-1.2978e-07 1.5056e-06
-1.2744e-07 1.5060e-06
-1.2508e-07 1.5065e-06
-1.2293e-07 1.5070e-06
-1.2093e-07 1.5075e-06
-1.1892e-07 1.5080e-06
-1.1691e-07 1.5084e-06
-1.1492e-07 1.5089e-06
-1.1291e-07 1.5094e-06
-1.1107e-07 1.5098e-06
-1.0938e-07 1.5102e-06
-1.0756e-07 1.5105e-06
-1.0560e-07 1.5108e-06
-1.0360e-07 1.5111e-06
-1.0178e-07 1.5114e-06
-1.0006e-07 1.5116e-06
-9.8032e-08 1.5118e-06
-9.5903e-08 1.5121e-06
-9.3897e-08 1.5124e-06
-9.1893e-08 1.5126e-06
-8.9898e-08 1.5129e-06
-8.7979e-08 1.5132e-06
-8.6051e-08 1.5134e-06
-8.4047e-08 1.5136e-06
-8.2034e-08 1.5138e-06
-8.0032e-08 1.5141e-06
-7.8072e-08 1.5143e-06
-7.6103e-08 1.5145e-06
-7.4095e-08 1.5147e-06
-7.2005e-08 1.5149e-06
-6.9934e-08 1.5152e-06
-6.7970e-08 1.5154e-06
-6.5991e-08 1.5156e-06
-6.3987e-08 1.5159e-06
-6.1984e-08 1.5161e-06
-6.0001e-08 1.5163e-06
-5.8037e-08 1.5165e-06
-5.6053e-08 1.5167e-06
-5.4086e-08 1.5170e-06
-5.2208e-08 1.5171e-06
-5.0318e-08 1.5173e-06
-4.8355e-08 1.5174e-06
-4.6367e-08 1.5176e-06
-4.4447e-08 1.5177e-06
-4.2642e-08 1.5178e-06
-4.0726e-08 1.5179e-06
-3.8687e-08 1.5180e-06
-3.6674e-08 1.5180e-06
-3.4829e-08 1.5181e-06
-3.3117e-08 1.5181e-06
-3.1205e-08 1.5181e-06
-2.9155e-08 1.5181e-06
-2.7145e-08 1.5181e-06
-2.5310e-08 1.5180e-06
-2.3556e-08 1.5180e-06
-2.1680e-08 1.5179e-06
-1.9722e-08 1.5177e-06
-1.7718e-08 1.5176e-06
-1.5807e-08 1.5175e-06
-1.3913e-08 1.5173e-06
-1.1892e-08 1.5171e-06
-9.8523e-09 1.5169e-06
-7.8484e-09 1.5168e-06
-1.1002e-08 1.5200e-06
-1.1002e-08 1.5180e-06
-1.1002e-08 1.5159e-06
-1.1002e-08 1.5139e-06
-1.1002e-08 1.5119e-06
-1.1002e-08 1.5098e-06
-1.1002e-08 1.5078e-06
-1.1002e-08 1.5057e-06
-1.1002e-08 1.5037e-06
-1.1002e-08 1.5017e-06
-1.1002e-08 1.4996e-06
-1.1002e-08 1.4976e-06
-1.1002e-08 1.4956e-06
-1.1002e-08 1.4935e-06
-1.1002e-08 1.4915e-06
-1.1002e-08 1.4895e-06
-1.1002e-08 1.4874e-06
-1.1002e-08 1.4854e-06
-1.1002e-08 1.4834e-06
-1.1002e-08 1.4813e-06
-1.1002e-08 1.4793e-06
-1.1002e-08 1.4773e-06
-1.1002e-08 1.4752e-06
-1.1002e-08 1.4732e-06
-1.1002e-08 1.4712e-06
-1.1002e-08 1.4691e-06
-1.1002e-08 1.4671e-06
-1.1002e-08 1.4651e-06
-1.1002e-08 1.4630e-06
-1.1002e-08 1.4610e-06
-1.1002e-08 1.4589e-06
-1.1002e-08 1.4569e-06
-1.1002e-08 1.4549e-06
-1.1002e-08 1.4528e-06
-1.1002e-08 1.4508e-06
-1.1002e-08 1.4488e-06
-1.1002e-08 1.4467e-06
-1.1002e-08 1.4447e-06
-1.1002e-08 1.4427e-06
-1.1002e-08 1.4406e-06
-1.1002e-08 1.4386e-06
-1.1002e-08 1.4366e-06
-1.1002e-08 1.4345e-06
-1.1002e-08 1.4325e-06
-1.1002e-08 1.4305e-06
-1.1002e-08 1.4284e-06
-1.1002e-08 1.4264e-06
-1.1002e-08 1.4244e-06
-1.1002e-08 1.4223e-06
-1.1002e-08 1.4203e-06
-1.1002e-08 1.4183e-06
-1.1002e-08 1.4162e-06
-1.1002e-08 1.4142e-06
-1.1002e-08 1.4121e-06
-1.1002e-08 1.4101e-06
-1.1002e-08 1.4081e-06
-1.1002e-08 1.4060e-06
-1.1002e-08 1.4040e-06
-1.1002e-08 1.4020e-06
-1.1002e-08 1.3999e-06
-1.1002e-08 1.3979e-06
-1.1002e-08 1.3959e-06
-1.1002e-08 1.3938e-06
-1.1002e-08 1.3918e-06
-1.1002e-08 1.3898e-06
-1.1002e-08 1.3877e-06
-1.1002e-08 1.3857e-06
-1.1002e-08 1.3837e-06
-1.1002e-08 1.3816e-06
-1.1002e-08 1.3796e-06
-1.1002e-08 1.3776e-06
-1.1002e-08 1.3755e-06
-1.1002e-08 1.3735e-06
-1.1002e-08 1.3714e-06
-1.1002e-08 1.3694e-06
-1.1002e-08 1.3674e-06
-1.1002e-08 1.3653e-06
-1.1002e-08 1.3633e-06
-1.1002e-08 1.3613e-06
-1.1002e-08 1.3592e-06
-1.1002e-08 1.3572e-06
-1.1002e-08 1.3552e-06
-1.1002e-08 1.3531e-06
-1.1002e-08 1.3511e-06
-1.1002e-08 1.3491e-06
-1.1002e-08 1.3470e-06
-1.1002e-08 1.3450e-06
-1.1002e-08 1.3430e-06
-1.1002e-08 1.3409e-06
-1.1002e-08 1.3389e-06
-1.1002e-08 1.3369e-06
-1.1002e-08 1.3348e-06
-1.1002e-08 1.3328e-06
-1.1002e-08 1.3308e-06
-1.1002e-08 1.3287e-06
-1.1002e-08 1.3267e-06
-1.1002e-08 1.3246e-06
-1.1002e-08 1.3226e-06
-1.1002e-08 1.3206e-06
-1.1002e-08 1.3185e-06
-1.1002e-08 1.3165e-06
-1.1002e-08 1.3145e-06
-1.1002e-08 1.3124e-06
-1.1002e-08 1.3104e-06
-1.1002e-08 1.3084e-06
-1.1002e-08 1.3063e-06
-1.1002e-08 1.3043e-06
-1.1002e-08 1.3023e-06
-1.1002e-08 1.3002e-06
-1.1002e-08 1.2982e-06
-1.1002e-08 1.2962e-06
-1.1002e-08 1.2941e-06
-1.1002e-08 1.2921e-06
-1.1002e-08 1.2901e-06
-1.1002e-08 1.2880e-06
-1.1002e-08 1.2860e-06
-1.1002e-08 1.2840e-06
-1.1002e-08 1.2819e-06
-1.1002e-08 1.2799e-06
-1.1002e-08 1.2778e-06
-1.1002e-08 1.2758e-06
-1.1002e-08 1.2738e-06
-1.1002e-08 1.2717e-06
-1.1002e-08 1.2697e-06
-1.1002e-08 1.2677e-06
-1.1002e-08 1.2656e-06
-1.1002e-08 1.2636e-06
-1.1002e-08 1.2616e-06
-1.1002e-08 1.2595e-06
-1.1002e-08 1.2575e-06
-1.1002e-08 1.2555e-06
-1.1002e-08 1.2534e-06
-1.1002e-08 1.2514e-06
-1.1002e-08 1.2494e-06
-1.1002e-08 1.2473e-06
-1.1002e-08 1.2453e-06
-1.1002e-08 1.2433e-06
-1.1002e-08 1.2412e-06
-1.1002e-08 1.2392e-06
-1.1002e-08 1.2372e-06
-1.1002e-08 1.2351e-06
-1.1002e-08 1.2331e-06
-1.1002e-08 1.2310e-06
-1.1002e-08 1.2290e-06
-1.1002e-08 1.2270e-06
-1.1002e-08 1.2249e-06
-1.1002e-08 1.2229e-06
-1.1002e-08 1.2209e-06
-1.1002e-08 1.2188e-06
-1.1002e-08 1.2168e-06
-1.1002e-08 1.2148e-06
-1.1002e-08 1.2127e-06
-1.1002e-08 1.2107e-06
-1.1002e-08 1.2087e-06
-1.1002e-08 1.2066e-06
-1.1002e-08 1.2046e-06
-1.1002e-08 1.2026e-06
-1.1002e-08 1.2005e-06
-1.1002e-08 1.1985e-06
-1.1002e-08 1.1965e-06
-1.1002e-08 1.1944e-06
-1.1002e-08 1.1924e-06
-1.1002e-08 1.1904e-06
-1.1002e-08 1.1883e-06
-1.1002e-08 1.1863e-06
-1.1002e-08 1.1842e-06
-1.1002e-08 1.1822e-06
-1.1002e-08 1.1802e-06
-1.1002e-08 1.1781e-06
-1.1002e-08 1.1761e-06
-1.1002e-08 1.1741e-06
-1.1002e-08 1.1720e-06
-1.1002e-08 1.1700e-06
-1.1002e-08 1.1680e-06
-1.1002e-08 1.1659e-06
-1.1002e-08 1.1639e-06
-1.1002e-08 1.1619e-06
-1.1002e-08 1.1598e-06
-1.1002e-08 1.1578e-06
-1.1002e-08 1.1558e-06
-1.1002e-08 1.1537e-06
-1.1002e-08 1.1517e-06
-1.1002e-08 1.1497e-06
-1.1002e-08 1.1476e-06
-1.1002e-08 1.1456e-06
-1.1002e-08 1.1436e-06
-1.1002e-08 1.1415e-06
-1.1002e-08 1.1395e-06
-1.1002e-08 1.1374e-06
-1.1002e-08 1.1354e-06
-1.1002e-08 1.1334e-06
-1.1002e-08 1.1313e-06
-1.1002e-08 1.1293e-06
-1.1002e-08 1.1273e-06
-1.1002e-08 1.1252e-06
-1.1002e-08 1.1232e-06
-1.1002e-08 1.1212e-06
-1.1002e-08 1.1191e-06
-1.1002e-08 1.1171e-06
-1.1002e-08 1.1151e-06
-1.1002e-08 1.1130e-06
-1.1002e-08 1.1110e-06
-1.1002e-08 1.1090e-06
-1.1002e-08 1.1069e-06
-1.1002e-08 1.1049e-06
-1.1002e-08 1.1029e-06
-1.1002e-08 1.1008e-06
-1.1002e-08 1.0988e-06
-1.1002e-08 1.0968e-06
-1.1002e-08 1.0947e-06
-1.1002e-08 1.0927e-06
-1.1002e-08 1.0906e-06
-1.1002e-08 1.0886e-06
-1.1002e-08 1.0866e-06
-1.1002e-08 1.0845e-06
-1.1002e-08 1.0825e-06
-1.1002e-08 1.0805e-06
-1.1002e-08 1.0784e-06
-1.1002e-08 1.0764e-06
-1.1002e-08 1.0744e-06
-1.1002e-08 1.0723e-06
-1.1002e-08 1.0703e-06
-1.1002e-08 1.0683e-06
-1.1002e-08 1.0662e-06
-1.1002e-08 1.0642e-06
-1.1002e-08 1.0622e-06
-1.1002e-08 1.0601e-06
-1.1002e-08 1.0581e-06
-1.1002e-08 1.0561e-06
-1.1002e-08 1.0540e-06
-1.1002e-08 1.0520e-06
-1.1002e-08 1.0500e-06
-1.1002e-08 1.0479e-06
-1.1002e-08 1.0459e-06
-1.1002e-08 1.0438e-06
-1.1002e-08 1.0418e-06
-1.1002e-08 1.0398e-06
-1.1002e-08 1.0377e-06
-1.1002e-08 1.0357e-06
-1.1002e-08 1.0337e-06
-1.1002e-08 1.0316e-06
-1.1002e-08 1.0296e-06
-1.1002e-08 1.0276e-06
-1.1002e-08 1.0255e-06
-1.1002e-08 1.0235e-06
-1.1002e-08 1.0215e-06
-1.1002e-08 1.0194e-06
-1.1002e-08 1.0174e-06
-1.1002e-08 1.0154e-06
-1.1002e-08 1.0133e-06
-1.1002e-08 1.0113e-06
-1.1002e-08 1.0093e-06
-1.1002e-08 1.0072e-06
-1.1002e-08 1.0052e-06
-1.1002e-08 1.0032e-06
-1.1002e-08 1.0011e-06
-1.1002e-08 9.9908e-07
-1.1002e-08 9.9705e-07
-1.1002e-08 9.9501e-07
-1.1002e-08 9.9298e-07
-1.1002e-08 9.9094e-07
-1.1002e-08 9.8891e-07
-1.1002e-08 9.8687e-07
-1.1002e-08 9.8484e-07
-1.1002e-08 9.8280e-07
-1.1002e-08 9.8077e-07
-1.1002e-08 9.7874e-07
-1.1002e-08 9.7670e-07
-1.1002e-08 9.7467e-07
-1.1002e-08 9.7263e-07
-1.1002e-08 9.7060e-07
-1.1002e-08 9.6856e-07
-1.1002e-08 9.6653e-07
-1.1002e-08 9.6449e-07
-1.1002e-08 9.6246e-07
-1.1002e-08 9.6042e-07
-1.1002e-08 9.5839e-07
-1.1002e-08 9.5635e-07
-1.1002e-08 9.5432e-07
-1.1002e-08 9.5228e-07
-1.1002e-08 9.5025e-07
-1.1002e-08 9.4821e-07
-1.1002e-08 9.4618e-07
-1.1002e-08 9.4414e-07
-1.1002e-08 9.4211e-07
-1.1002e-08 9.4007e-07
-1.1002e-08 9.3804e-07
-1.1002e-08 9.3600e-07
-1.1002e-08 9.3397e-07
-1.1002e-08 9.3193e-07
-1.1002e-08 9.2990e-07
-1.1002e-08 9.2787e-07
-1.1002e-08 9.2583e-07
-1.1002e-08 9.2380e-07
-1.1002e-08 9.2176e-07
-1.1002e-08 9.1973e-07
-1.1002e-08 9.1769e-07
-1.1002e-08 9.1566e-07
-1.1002e-08 9.1362e-07
-1.1002e-08 9.1159e-07
-1.1002e-08 9.0955e-07
-1.1002e-08 9.0752e-07
-1.1002e-08 9.0548e-07
-1.1002e-08 9.0345e-07
-1.1002e-08 9.0141e-07
-1.1002e-08 8.9938e-07
-1.1002e-08 8.9734e-07
-1.1002e-08 8.9531e-07
-1.1002e-08 8.9327e-07
-1.1002e-08 8.9124e-07
-1.1002e-08 8.8920e-07
-1.1002e-08 8.8717e-07
-1.1002e-08 8.8513e-07
-1.1002e-08 8.8310e-07
-1.1002e-08 8.8107e-07
-1.1002e-08 8.7903e-07
-1.1002e-08 8.7700e-07
-1.1002e-08 8.7496e-07
-1.1002e-08 8.7293e-07
-1.1002e-08 8.7089e-07
-1.1002e-08 8.6886e-07
-1.1002e-08 8.6682e-07
-1.1002e-08 8.6479e-07
-1.1002e-08 8.6275e-07
-1.1002e-08 8.6072e-07
-1.1002e-08 8.5868e-07
-1.1002e-08 8.5665e-07
-1.1002e-08 8.5461e-07
-1.1002e-08 8.5258e-07
-1.1002e-08 8.5054e-07
-1.1002e-08 8.4851e-07
-1.1002e-08 8.4647e-07
-1.1002e-08 8.4444e-07
-1.1002e-08 8.4240e-07
-1.1002e-08 8.4037e-07
-1.1002e-08 8.3833e-07
-1.1002e-08 8.3630e-07
-1.1002e-08 8.3426e-07
-1.1002e-08 8.3223e-07
-1.1002e-08 8.3020e-07
-1.1002e-08 8.2816e-07
-1.1002e-08 8.2613e-07
-1.1002e-08 8.2409e-07
-1.1002e-08 8.2206e-07
-1.1002e-08 8.2002e-07
-1.1002e-08 8.1799e-07
-1.1002e-08 8.1595e-07
-1.1002e-08 8.1392e-07
-1.1002e-08 8.1188e-07
-1.1002e-08 8.0985e-07
-1.1002e-08 8.0781e-07
-1.1002e-08 8.0578e-07
-1.1002e-08 8.0374e-07
-1.1002e-08 8.0171e-07
-1.1002e-08 7.9967e-07
-1.1002e-08 7.9764e-07
-1.1002e-08 7.9560e-07
-1.1002e-08 7.9357e-07
-1.1002e-08 7.9153e-07
-1.1002e-08 7.8950e-07
-1.1002e-08 7.8746e-07
-1.1002e-08 7.8543e-07
-1.1002e-08 7.8340e-07
-1.1002e-08 7.8136e-07
-1.1002e-08 7.7933e-07
-1.1002e-08 7.7729e-07
-1.1002e-08 7.7526e-07
-1.1002e-08 7.7322e-07
-1.1002e-08 7.7119e-07
-1.1002e-08 7.6915e-07
-1.1002e-08 7.6712e-07
-1.1002e-08 7.6508e-07
-1.1002e-08 7.6305e-07
-1.1002e-08 7.6101e-07
-1.1002e-08 7.5898e-07
-1.1002e-08 7.5694e-07
-1.1002e-08 7.5491e-07
-1.1002e-08 7.5287e-07
-1.1002e-08 7.5084e-07
-1.1002e-08 7.4880e-07
-1.1002e-08 7.4677e-07
-1.1002e-08 7.4473e-07
-1.1002e-08 7.4270e-07
-1.1002e-08 7.4066e-07
-1.1002e-08 7.3863e-07
-1.1002e-08 7.3659e-07
-1.1002e-08 7.3456e-07
-1.1002e-08 7.3253e-07
-1.1002e-08 7.3049e-07
-1.1002e-08 7.2846e-07
-1.1002e-08 7.2642e-07
-1.1002e-08 7.2439e-07
-1.1002e-08 7.2235e-07
-1.1002e-08 7.2032e-07
-1.1002e-08 7.1828e-07
-1.1002e-08 7.1625e-07
-1.1002e-08 7.1421e-07
-1.1002e-08 7.1218e-07
-1.1002e-08 7.1014e-07
-1.1002e-08 7.0811e-07
-1.1002e-08 7.0607e-07
-1.1002e-08 7.0404e-07
-1.1002e-08 7.0200e-07
-1.1002e-08 6.9997e-07
-1.1002e-08 6.9793e-07
-1.1002e-08 6.9590e-07
-1.1002e-08 6.9386e-07
-1.1002e-08 6.9183e-07
-1.1002e-08 6.8979e-07
-1.1002e-08 6.8776e-07
-1.1002e-08 6.8572e-07
-1.1002e-08 6.8369e-07
-1.1002e-08 6.8166e-07
-1.1002e-08 6.7962e-07
-1.1002e-08 6.7759e-07
-1.1002e-08 6.7555e-07
-1.1002e-08 6.7352e-07
-1.1002e-08 6.7148e-07
-1.1002e-08 6.6945e-07
-1.1002e-08 6.6741e-07
-1.1002e-08 6.6538e-07
-1.1002e-08 6.6334e-07
-1.1002e-08 6.6131e-07
-1.1002e-08 6.5927e-07
-1.1002e-08 6.5724e-07
-1.1002e-08 6.5520e-07
-1.1002e-08 6.5317e-07
-1.1002e-08 6.5113e-07
-1.1002e-08 6.4910e-07
-1.1002e-08 6.4706e-07
-1.1002e-08 6.4503e-07
-1.1002e-08 6.4299e-07
-1.1002e-08 6.4096e-07
-1.1002e-08 6.3892e-07
-1.1002e-08 6.3689e-07
-1.1002e-08 6.3486e-07
-1.1002e-08 6.3282e-07
-1.1002e-08 6.3079e-07
-1.1002e-08 6.2875e-07
-1.1002e-08 6.2672e-07
-1.1002e-08 6.2468e-07
-1.1002e-08 6.2265e-07
-1.1002e-08 6.2061e-07
-1.1002e-08 6.1858e-07
-1.1002e-08 6.1654e-07
-1.1002e-08 6.1451e-07
-1.1002e-08 6.1247e-07
-1.1002e-08 6.1044e-07
-1.1002e-08 6.0840e-07
-1.1002e-08 6.0637e-07
-1.1002e-08 6.0433e-07
-1.1002e-08 6.0230e-07
-1.1002e-08 6.0026e-07
-1.1002e-08 5.9823e-07
-1.1002e-08 5.9619e-07
-1.1002e-08 5.9416e-07
-1.1002e-08 5.9212e-07
-1.1002e-08 5.9009e-07
-1.1002e-08 5.8805e-07
-1.1002e-08 5.8602e-07
-1.1002e-08 5.8399e-07
-1.1002e-08 5.8195e-07
-1.1002e-08 5.7992e-07
-1.1002e-08 5.7788e-07
-1.1002e-08 5.7585e-07
-1.1002e-08 5.7381e-07
-1.1002e-08 5.7178e-07
-1.1002e-08 5.6974e-07
-1.1002e-08 5.6771e-07
-1.1002e-08 5.6567e-07
-1.1002e-08 5.6364e-07
-1.1002e-08 5.6160e-07
-1.1002e-08 5.5957e-07
-1.1002e-08 5.5753e-07
-1.1002e-08 5.5550e-07
-1.1002e-08 5.5346e-07
-1.1002e-08 5.5143e-07
-1.1002e-08 5.4939e-07
-1.1002e-08 5.4736e-07
-1.1002e-08 5.4532e-07
-1.1002e-08 5.4329e-07
-1.1002e-08 5.4125e-07
-1.1002e-08 5.3922e-07
-1.1002e-08 5.3719e-07
-1.1002e-08 5.3515e-07
-1.1002e-08 5.3312e-07
-1.1002e-08 5.3108e-07
-1.1002e-08 5.2905e-07
-1.1002e-08 5.2701e-07
-1.1002e-08 5.2498e-07
-1.1002e-08 5.2294e-07
-1.1002e-08 5.2091e-07
-1.1002e-08 5.1887e-07
-1.1002e-08 5.1684e-07
-1.1002e-08 5.1480e-07
-1.1002e-08 5.1277e-07
-1.1002e-08 5.1073e-07
-1.1002e-08 5.0870e-07
-1.1002e-08 5.0666e-07
-1.1002e-08 5.0463e-07
-1.1002e-08 5.0259e-07
-1.1002e-08 5.0056e-07
-1.1002e-08 4.9852e-07
-1.1002e-08 4.9649e-07
-1.1002e-08 4.9445e-07
-1.1002e-08 4.9242e-07
-1.1002e-08 4.9038e-07
-1.1002e-08 4.8835e-07
-1.1002e-08 4.8632e-07
-1.1002e-08 4.8428e-07
-1.1002e-08 4.8225e-07
-1.1002e-08 4.8021e-07
-1.1002e-08 4.7818e-07
-1.1002e-08 4.7614e-07
-1.1002e-08 4.7411e-07
-1.1002e-08 4.7207e-07
-1.1002e-08 4.7004e-07
-1.1002e-08 4.6800e-07
-1.1002e-08 4.6597e-07
-1.1002e-08 4.6393e-07
-1.1002e-08 4.6190e-07
-1.1002e-08 4.5986e-07
-1.1002e-08 4.5783e-07
-1.1002e-08 4.5579e-07
-1.1002e-08 4.5376e-07
-1.1002e-08 4.5172e-07
-1.1002e-08 4.4969e-07
-1.1002e-08 4.4765e-07
-1.1002e-08 4.4562e-07
-1.1002e-08 4.4358e-07
-1.1002e-08 4.4155e-07
-1.1002e-08 4.3952e-07
-1.1002e-08 4.3748e-07
-1.1002e-08 4.3545e-07
-1.1002e-08 4.3341e-07
-1.1002e-08 4.3138e-07
-1.1002e-08 4.2934e-07
-1.1002e-08 4.2731e-07
-1.1002e-08 4.2527e-07
-1.1002e-08 4.2324e-07
-1.1002e-08 4.2120e-07
-1.1002e-08 4.1917e-07
-1.1002e-08 4.1713e-07
-1.1002e-08 4.1510e-07
-1.1002e-08 4.1306e-07
-1.1002e-08 4.1103e-07
-1.1002e-08 4.0899e-07
-1.1002e-08 4.0696e-07
-1.1002e-08 4.0492e-07
-1.1002e-08 4.0289e-07
-1.1002e-08 4.0085e-07
-1.1002e-08 3.9882e-07
-1.1002e-08 3.9678e-07
-1.1002e-08 3.9475e-07
-1.1002e-08 3.9271e-07
-1.1002e-08 3.9068e-07
-1.1002e-08 3.8865e-07
-1.1002e-08 3.8661e-07
-1.1002e-08 3.8458e-07
-1.1002e-08 3.8254e-07
-1.1002e-08 3.8051e-07
-1.1002e-08 3.7847e-07
-1.1002e-08 3.7644e-07
-1.1002e-08 3.7440e-07
-1.1002e-08 3.7237e-07
-1.1002e-08 3.7033e-07
-1.1002e-08 3.6830e-07
-1.1002e-08 3.6626e-07
-1.1002e-08 3.6423e-07
-1.1002e-08 3.6219e-07
-1.1002e-08 3.6016e-07
-1.1002e-08 3.5812e-07
-1.1002e-08 3.5609e-07
-1.1002e-08 3.5405e-07
-1.1002e-08 3.5202e-07
-1.1002e-08 3.4998e-07
-1.1002e-08 3.4795e-07
-1.1002e-08 3.4591e-07
-1.1002e-08 3.4388e-07
-1.1002e-08 3.4185e-07
-1.1002e-08 3.3981e-07
-1.1002e-08 3.3778e-07
-1.1002e-08 3.3574e-07
-1.1002e-08 3.3371e-07
-1.1002e-08 3.3167e-07
-1.1002e-08 3.2964e-07
-1.1002e-08 3.2760e-07
-1.1002e-08 3.2557e-07
-1.1002e-08 3.2353e-07
-1.1002e-08 3.2150e-07
-1.1002e-08 3.1946e-07
-1.1002e-08 3.1743e-07
-1.1002e-08 3.1539e-07
-1.1002e-08 3.1336e-07
-1.1002e-08 3.1132e-07
-1.1002e-08 3.0929e-07
-1.1002e-08 3.0725e-07
-1.1002e-08 3.0522e-07
-1.1002e-08 3.0318e-07
-1.1002e-08 3.0115e-07
-1.1002e-08 2.9911e-07
-1.1002e-08 2.9708e-07
-1.1002e-08 2.9504e-07
-1.1002e-08 2.9301e-07
-1.1002e-08 2.9098e-07
-1.1002e-08 2.8894e-07
-1.1002e-08 2.8691e-07
-1.1002e-08 2.8487e-07
-1.1002e-08 2.8284e-07
-1.1002e-08 2.8080e-07
-1.1002e-08 2.7877e-07
-1.1002e-08 2.7673e-07
-1.1002e-08 2.7470e-07
-1.1002e-08 2.7266e-07
-1.1002e-08 2.7063e-07
-1.1002e-08 2.6859e-07
-1.1002e-08 2.6656e-07
-1.1002e-08 2.6452e-07
-1.1002e-08 2.6249e-07
-1.1002e-08 2.6045e-07
-1.1002e-08 2.5842e-07
-1.1002e-08 2.5638e-07
-1.1002e-08 2.5435e-07
-1.1002e-08 2.5231e-07
-1.1002e-08 2.5028e-07
-1.1002e-08 2.4824e-07
-1.1002e-08 2.4621e-07
-1.1002e-08 2.4418e-07
-1.1002e-08 2.4214e-07
-1.1002e-08 2.4011e-07
-1.1002e-08 2.3807e-07
-1.1002e-08 2.3604e-07
-1.1002e-08 2.3400e-07
-1.1002e-08 2.3197e-07
-1.1002e-08 2.2993e-07
-1.1002e-08 2.2790e-07
-1.1002e-08 2.2586e-07
-1.1002e-08 2.2383e-07
-1.1002e-08 2.2179e-07
-1.1002e-08 2.1976e-07
-1.1002e-08 2.1772e-07
-1.1002e-08 2.1569e-07
-1.1002e-08 2.1365e-07
-1.1002e-08 2.1162e-07
-1.1002e-08 2.0958e-07
-1.1002e-08 2.0755e-07
-1.1002e-08 2.0551e-07
-1.1002e-08 2.0348e-07
-1.1002e-08 2.0144e-07
-1.1002e-08 1.9941e-07
-1.1002e-08 1.9737e-07
-1.1002e-08 1.9534e-07
-1.1002e-08 1.9331e-07
-1.1002e-08 1.9127e-07
-1.1002e-08 1.8924e-07
-1.1002e-08 1.8720e-07
-1.1002e-08 1.8517e-07
-1.1002e-08 1.8313e-07
-1.1002e-08 1.8110e-07
-1.1002e-08 1.7906e-07
-1.1002e-08 1.7703e-07
-1.1002e-08 1.7499e-07
-1.1002e-08 1.7296e-07
-1.1002e-08 1.7092e-07
-1.1002e-08 1.6889e-07
-1.1002e-08 1.6685e-07
-1.1002e-08 1.6482e-07
-1.1002e-08 1.6278e-07
-1.1002e-08 1.6075e-07
-1.1002e-08 1.5871e-07
-1.1002e-08 1.5668e-07
-1.1002e-08 1.5464e-07
-1.1002e-08 1.5261e-07
-1.1002e-08 1.5057e-07
-1.1002e-08 1.4854e-07
-1.1002e-08 1.4651e-07
-1.1002e-08 1.4447e-07
-1.1002e-08 1.4244e-07
-1.1002e-08 1.4040e-07
-1.1002e-08 1.3837e-07
-1.1002e-08 1.3633e-07
-1.1002e-08 1.3430e-07
-1.1002e-08 1.3226e-07
-1.1002e-08 1.3023e-07
-1.1002e-08 1.2819e-07
-1.1002e-08 1.2616e-07
-1.1002e-08 1.2412e-07
-1.1002e-08 1.2209e-07
-1.1002e-08 1.2005e-07
-1.1002e-08 1.1802e-07
-1.1002e-08 1.1598e-07
-1.1002e-08 1.1395e-07
-1.1002e-08 1.1191e-07
-1.1002e-08 1.0988e-07
-1.1002e-08 1.0784e-07
-1.1002e-08 1.0581e-07
-1.1002e-08 1.0377e-07
-1.1002e-08 1.0174e-07
-1.1002e-08 9.9705e-08
-1.1002e-08 9.7670e-08
-1.1002e-08 9.5635e-08
-1.1002e-08 9.3600e-08
-1.1002e-08 9.1566e-08
-1.1002e-08 8.9531e-08
-1.1002e-08 8.7496e-08
-1.1002e-08 8.5461e-08
-1.1002e-08 8.3426e-08
-1.1002e-08 8.1392e-08
-1.1002e-08 7.9357e-08
-1.1002e-08 7.7322e-08
-1.1002e-08 7.5287e-08
-1.1002e-08 7.3253e-08
-1.1002e-08 7.1218e-08
-1.1002e-08 6.9183e-08
-1.1002e-08 6.7148e-08
-1.1002e-08 6.5113e-08
-1.1002e-08 6.3079e-08
-1.1002e-08 6.1044e-08
-1.1002e-08 5.9009e-08
-1.1002e-08 5.6974e-08
-1.1002e-08 5.4939e-08
-1.1002e-08 5.2905e-08
-1.1002e-08 5.0870e-08
-1.1002e-08 4.8835e-08
-1.1002e-08 4.6800e-08
-1.1002e-08 4.4765e-08
-1.1002e-08 4.2731e-08
-1.1002e-08 4.0696e-08
-1.1002e-08 3.8661e-08
-1.1002e-08 3.6626e-08
-1.1002e-08 3.4591e-08
-1.1002e-08 3.2557e-08
-1.1002e-08 3.0522e-08
-1.1002e-08 2.8487e-08
-1.1002e-08 2.6452e-08
-1.1002e-08 2.4418e-08
-1.1002e-08 2.2383e-08
-1.1002e-08 2.0348e-08
-1.1002e-08 1.8313e-08
-1.1002e-08 1.6278e-08
-1.1002e-08 1.4244e-08
-1.1002e-08 1.2209e-08
-1.1002e-08 1.0174e-08
-1.1002e-08 8.1392e-09
-1.1002e-08 6.1044e-09
-7.0137e-09 1.0000e-08
-9.0176e-09 1.0000e-08
-1.1022e-08 1.0000e-08
-1.3025e-08 1.0000e-08
-1.5029e-08 1.0000e-08
-1.7033e-08 1.0000e-08
-1.9037e-08 1.0000e-08
-2.1041e-08 1.0000e-08
-2.3045e-08 1.0000e-08
-2.5049e-08 1.0000e-08
-2.7053e-08 1.0000e-08
-2.9057e-08 1.0000e-08
-3.1061e-08 1.0000e-08
-3.3065e-08 1.0000e-08
-3.5069e-08 1.0000e-08
-3.7073e-08 1.0000e-08
-3.9076e-08 1.0000e-08
-4.1080e-08 1.0000e-08
-4.3084e-08 1.0000e-08
-4.5088e-08 1.0000e-08
-4.7092e-08 1.0000e-08
-4.9096e-08 1.0000e-08
-5.1100e-08 1.0000e-08
-5.3104e-08 1.0000e-08
-5.5108e-08 1.0000e-08
-5.7112e-08 1.0000e-08
-5.9116e-08 1.0000e-08
-6.1120e-08 1.0000e-08
-6.3124e-08 1.0000e-08
-6.5127e-08 1.0000e-08
-6.7131e-08 1.0000e-08
-6.9135e-08 1.0000e-08
-7.1139e-08 1.0000e-08
-7.3143e-08 1.0000e-08
-7.5147e-08 1.0000e-08
-7.7151e-08 1.0000e-08
-7.9155e-08 1.0000e-08
-8.1159e-08 1.0000e-08
-8.3163e-08 1.0000e-08
-8.5167e-08 1.0000e-08
-8.7171e-08 1.0000e-08
-8.9174e-08 1.0000e-08
-9.1178e-08 1.0000e-08
-9.3182e-08 1.0000e-08
-9.5186e-08 1.0000e-08
-9.7190e-08 1.0000e-08
-9.9194e-08 1.0000e-08
-1.0120e-07 1.0000e-08
-1.0320e-07 1.0000e-08
-1.0521e-07 1.0000e-08
-1.0721e-07 1.0000e-08
-1.0921e-07 1.0000e-08
-1.1122e-07 1.0000e-08
-1.1322e-07 1.0000e-08
-1.1523e-07 1.0000e-08
-1.1723e-07 1.0000e-08
-1.1923e-07 1.0000e-08
-1.2124e-07 1.0000e-08
-1.2324e-07 1.0000e-08
-1.2525e-07 1.0000e-08
-1.2725e-07 1.0000e-08
-1.2925e-07 1.0000e-08
-1.3126e-07 1.0000e-08
-1.3326e-07 1.0000e-08
-1.3526e-07 1.0000e-08
-1.3727e-07 1.0000e-08
-1.3927e-07 1.0000e-08
-1.4128e-07 1.0000e-08
-1.4328e-07 1.0000e-08
-1.4528e-07 1.0000e-08
-1.4729e-07 1.0000e-08
-1.4929e-07 1.0000e-08
-1.5130e-07 1.0000e-08
-1.5330e-07 1.0000e-08
-1.5530e-07 1.0000e-08
-1.5731e-07 1.0000e-08
-1.5931e-07 1.0000e-08
-1.6132e-07 1.0000e-08
-1.6332e-07 1.0000e-08
-1.6532e-07 1.0000e-08
-1.6733e-07 1.0000e-08
-1.6933e-07 1.0000e-08
-1.7134e-07 1.0000e-08
-1.7334e-07 1.0000e-08
-1.7534e-07 1.0000e-08
-1.7735e-07 1.0000e-08
-1.7935e-07 1.0000e-08
-1.8135e-07 1.0000e-08
-1.8336e-07 1.0000e-08
-1.8536e-07 1.0000e-08
-1.8737e-07 1.0000e-08
-1.8937e-07 1.0000e-08
-1.9137e-07 1.0000e-08
-1.9338e-07 1.0000e-08
-1.9538e-07 1.0000e-08
-1.9739e-07 1.0000e-08
-1.9939e-07 1.0000e-08
-2.0139e-07 1.0000e-08
-2.0340e-07 1.0000e-08
-2.0540e-07 1.0000e-08
-2.0741e-07 1.0000e-08
-2.0941e-07 1.0000e-08
-2.1141e-07 1.0000e-08
-2.1342e-07 1.0000e-08
-2.1542e-07 1.0000e-08
-2.1743e-07 1.0000e-08
-2.1943e-07 1.0000e-08
-2.2143e-07 1.0000e-08
-2.2344e-07 1.0000e-08
-2.2544e-07 1.0000e-08
-2.2745e-07 1.0000e-08
-2.2945e-07 1.0000e-08
-2.3145e-07 1.0000e-08
-2.3346e-07 1.0000e-08
-2.3546e-07 1.0000e-08
-2.3746e-07 1.0000e-08
-2.3947e-07 1.0000e-08
-2.4147e-07 1.0000e-08
-2.4348e-07 1.0000e-08
-2.3949e-07 6.0749e-09
-2.3949e-07 8.0998e-09
-2.3949e-07 1.0125e-08
-2.3949e-07 1.2150e-08
-2.3949e-07 1.4175e-08
-2.3949e-07 1.6200e-08
-2.3949e-07 1.8225e-08
-2.3949e-07 2.0250e-08
-2.3949e-07 2.2275e-08
-2.3949e-07 2.4299e-08
-2.3949e-07 2.6324e-08
-2.3949e-07 2.8349e-08
-2.3949e-07 3.0374e-08
-2.3949e-07 3.2399e-08
-2.3949e-07 3.4424e-08
-2.3949e-07 3.6449e-08
-2.3949e-07 3.8474e-08
-2.3949e-07 4.0499e-08
-2.3949e-07 4.2524e-08
-2.3949e-07 4.4549e-08
-2.3949e-07 4.6574e-08
-2.3949e-07 4.8599e-08
-2.3949e-07 5.0624e-08
-2.3949e-07 5.2649e-08
-2.3949e-07 5.4674e-08
-2.3949e-07 5.6699e-08
-2.3949e-07 5.8724e-08
-2.3949e-07 6.0749e-08
-2.3949e-07 6.2774e-08
-2.3949e-07 6.4799e-08
-2.3949e-07 6.6824e-08
-2.3949e-07 6.8849e-08
-2.3949e-07 7.0873e-08
-2.3949e-07 7.2898e-08
-2.3949e-07 7.4923e-08
-2.3949e-07 7.6948e-08
-2.3949e-07 7.8973e-08
-2.3949e-07 8.0998e-08
-2.3949e-07 8.3023e-08
-2.3949e-07 8.5048e-08
-2.3949e-07 8.7073e-08
-2.3949e-07 8.9098e-08
-2.3949e-07 9.1123e-08
-2.3949e-07 9.3148e-08
-2.3949e-07 9.5173e-08
-2.3949e-07 9.7198e-08
-2.3949e-07 9.9223e-08
-2.3949e-07 1.0125e-07
-2.3949e-07 1.0327e-07
-2.3949e-07 1.0530e-07
-2.3949e-07 1.0732e-07
-2.3949e-07 1.0935e-07
-2.3949e-07 1.1137e-07
-2.3949e-07 1.1340e-07
-2.3949e-07 1.1542e-07
-2.3949e-07 1.1745e-07
-2.3949e-07 1.1947e-07
-2.3949e-07 1.2150e-07
-2.3949e-07 1.2352e-07
-2.3949e-07 1.2555e-07
-2.3949e-07 1.2757e-07
-2.3949e-07 1.2960e-07
-2.3949e-07 1.3162e-07
-2.3949e-07 1.3365e-07
-2.3949e-07 1.3567e-07
-2.3949e-07 1.3770e-07
-2.3949e-07 1.3972e-07
-2.3949e-07 1.4175e-07
-2.3949e-07 1.4377e-07
-2.3949e-07 1.4580e-07
-2.3949e-07 1.4782e-07
-2.3949e-07 1.4985e-07
-2.3949e-07 1.5187e-07
-2.3949e-07 1.5390e-07
-2.3949e-07 1.5592e-07
-2.3949e-07 1.5795e-07
-2.3949e-07 1.5997e-07
-2.3949e-07 1.6200e-07
-2.3949e-07 1.6402e-07
-2.3949e-07 1.6605e-07
-2.3949e-07 1.6807e-07
-2.3949e-07 1.7010e-07
-2.3949e-07 1.7212e-07
-2.3949e-07 1.7415e-07
-2.3949e-07 1.7617e-07
-2.3949e-07 1.7820e-07
-2.3949e-07 1.8022e-07
-2.3949e-07 1.8225e-07
-2.3949e-07 1.8427e-07
-2.3949e-07 1.8630e-07
-2.3949e-07 1.8832e-07
-2.3949e-07 1.9035e-07
-2.3949e-07 1.9237e-07
-2.3949e-07 1.9440e-07
-2.3949e-07 1.9642e-07
-2.3949e-07 1.9845e-07
-2.3949e-07 2.0047e-07
-2.3949e-07 2.0250e-07
-2.3949e-07 2.0452e-07
-2.3949e-07 2.0655e-07
-2.3949e-07 2.0857e-07
-2.3949e-07 2.1060e-07
-2.3949e-07 2.1262e-07
-2.3949e-07 2.1465e-07
-2.3949e-07 2.1667e-07
-2.3949e-07 2.1870e-07
-2.3949e-07 2.2072e-07
-2.3949e-07 2.2275e-07
-2.3949e-07 2.2477e-07
-2.3949e-07 2.2680e-07
-2.3949e-07 2.2882e-07
-2.3949e-07 2.3084e-07
-2.3949e-07 2.3287e-07
-2.3949e-07 2.3489e-07
-2.3949e-07 2.3692e-07
-2.3949e-07 2.3894e-07
-2.3949e-07 2.4097e-07
-2.3949e-07 2.4299e-07
-2.3949e-07 2.4502e-07
-2.3949e-07 2.4704e-07
-2.3949e-07 2.4907e-07
-2.3949e-07 2.5109e-07
-2.3949e-07 2.5312e-07
-2.3949e-07 2.5514e-07
-2.3949e-07 2.5717e-07
-2.3949e-07 2.5919e-07
-2.3949e-07 2.6122e-07
-2.3949e-07 2.6324e-07
-2.3949e-07 2.6527e-07
-2.3949e-07 2.6729e-07
-2.3949e-07 2.6932e-07
-2.3949e-07 2.7134e-07
-2.3949e-07 2.7337e-07
-2.3949e-07 2.7539e-07
-2.3949e-07 2.7742e-07
-2.3949e-07 2.7944e-07
-2.3949e-07 2.8147e-07
-2.3949e-07 2.8349e-07
-2.3949e-07 2.8552e-07
-2.3949e-07 2.8754e-07
-2.3949e-07 2.8957e-07
-2.3949e-07 2.9159e-07
-2.3949e-07 2.9362e-07
-2.3949e-07 2.9564e-07
-2.3949e-07 2.9767e-07
-2.3949e-07 2.9969e-07
-2.3949e-07 3.0172e-07
-2.3949e-07 3.0374e-07
-2.3949e-07 3.0577e-07
-2.3949e-07 3.0779e-07
-2.3949e-07 3.0982e-07
-2.3949e-07 3.1184e-07
-2.3949e-07 3.1387e-07
-2.3949e-07 3.1589e-07
-2.3949e-07 3.1792e-07
-2.3949e-07 3.1994e-07
-2.3949e-07 3.2197e-07
-2.3949e-07 3.2399e-07
-2.3949e-07 3.2602e-07
-2.3949e-07 3.2804e-07
-2.3949e-07 3.3007e-07
-2.3949e-07 3.3209e-07
-2.3949e-07 3.3412e-07
-2.3949e-07 3.3614e-07
-2.3949e-07 3.3817e-07
-2.3949e-07 3.4019e-07
-2.3949e-07 3.4222e-07
-2.3949e-07 3.4424e-07
-2.3949e-07 3.4627e-07
-2.3949e-07 3.4829e-07
-2.3949e-07 3.5032e-07
-2.3949e-07 3.5234e-07
-2.3949e-07 3.5437e-07
-2.3949e-07 3.5639e-07
-2.3949e-07 3.5842e-07
-2.3949e-07 3.6044e-07
-2.3949e-07 3.6247e-07
-2.3949e-07 3.6449e-07
-2.3949e-07 3.6652e-07
-2.3949e-07 3.6854e-07
-2.3949e-07 3.7057e-07
-2.3949e-07 3.7259e-07
-2.3949e-07 3.7462e-07
-2.3949e-07 3.7664e-07
-2.3949e-07 3.7867e-07
-2.3949e-07 3.8069e-07
-2.3949e-07 3.8272e-07
-2.3949e-07 3.8474e-07
-2.3949e-07 3.8677e-07
-2.3949e-07 3.8879e-07
-2.3949e-07 3.9082e-07
-2.3949e-07 3.9284e-07
-2.3949e-07 3.9487e-07
-2.3949e-07 3.9689e-07
-2.3949e-07 3.9892e-07
-2.3949e-07 4.0094e-07
-2.3949e-07 4.0297e-07
-2.3949e-07 4.0499e-07
-2.3949e-07 4.0702e-07
-2.3949e-07 4.0904e-07
-2.3949e-07 4.1107e-07
-2.3949e-07 4.1309e-07
-2.3949e-07 4.1512e-07
-2.3949e-07 4.1714e-07
-2.3949e-07 4.1917e-07
-2.3949e-07 4.2119e-07
-2.3949e-07 4.2322e-07
-2.3949e-07 4.2524e-07
-2.3949e-07 4.2727e-07
-2.3949e-07 4.2929e-07
-2.3949e-07 4.3132e-07
-2.3949e-07 4.3334e-07
-2.3949e-07 4.3537e-07
-2.3949e-07 4.3739e-07
-2.3949e-07 4.3942e-07
-2.3949e-07 4.4144e-07
-2.3949e-07 4.4347e-07
-2.3949e-07 4.4549e-07
-2.3949e-07 4.4752e-07
-2.3949e-07 4.4954e-07
-2.3949e-07 4.5157e-07
-2.3949e-07 4.5359e-07
-2.3949e-07 4.5562e-07
-2.3949e-07 4.5764e-07
-2.3949e-07 4.5967e-07
-2.3949e-07 4.6169e-07
-2.3949e-07 4.6371e-07
-2.3949e-07 4.6574e-07
-2.3949e-07 4.6776e-07
-2.3949e-07 4.6979e-07
-2.3949e-07 4.7181e-07
-2.3949e-07 4.7384e-07
-2.3949e-07 4.7586e-07
-2.3949e-07 4.7789e-07
-2.3949e-07 4.7991e-07
-2.3949e-07 4.8194e-07
-2.3949e-07 4.8396e-07
-2.3949e-07 4.8599e-07
-2.3949e-07 4.8801e-07
-2.3949e-07 4.9004e-07
-2.3949e-07 4.9206e-07
-2.3949e-07 4.9409e-07
-2.3949e-07 4.9611e-07
-2.3949e-07 4.9814e-07
-2.3949e-07 5.0016e-07
-2.3949e-07 5.0219e-07
-2.3949e-07 5.0421e-07
-2.3949e-07 5.0624e-07
-2.3949e-07 5.0826e-07
-2.3949e-07 5.1029e-07
-2.3949e-07 5.1231e-07
-2.3949e-07 5.1434e-07
-2.3949e-07 5.1636e-07
-2.3949e-07 5.1839e-07
-2.3949e-07 5.2041e-07
-2.3949e-07 5.2244e-07
-2.3949e-07 5.2446e-07
-2.3949e-07 5.2649e-07
-2.3949e-07 5.2851e-07
-2.3949e-07 5.3054e-07
-2.3949e-07 5.3256e-07
-2.3949e-07 5.3459e-07
-2.3949e-07 5.3661e-07
-2.3949e-07 5.3864e-07
-2.3949e-07 5.4066e-07
-2.3949e-07 5.4269e-07
-2.3949e-07 5.4471e-07
-2.3949e-07 5.4674e-07
-2.3949e-07 5.4876e-07
-2.3949e-07 5.5079e-07
-2.3949e-07 5.5281e-07
-2.3949e-07 5.5484e-07
-2.3949e-07 5.5686e-07
-2.3949e-07 5.5889e-07
-2.3949e-07 5.6091e-07
-2.3949e-07 5.6294e-07
-2.3949e-07 5.6496e-07
-2.3949e-07 5.6699e-07
-2.3949e-07 5.6901e-07
-2.3949e-07 5.7104e-07
-2.3949e-07 5.7306e-07
-2.3949e-07 5.7509e-07
-2.3949e-07 5.7711e-07
-2.3949e-07 5.7914e-07
-2.3949e-07 5.8116e-07
-2.3949e-07 5.8319e-07
-2.3949e-07 5.8521e-07
-2.3949e-07 5.8724e-07
-2.3949e-07 5.8926e-07
-2.3949e-07 5.9129e-07
-2.3949e-07 5.9331e-07
-2.3949e-07 5.9534e-07
-2.3949e-07 5.9736e-07
-2.3949e-07 5.9939e-07
-2.3949e-07 6.0141e-07
-2.3949e-07 6.0344e-07
-2.3949e-07 6.0546e-07
-2.3949e-07 6.0749e-07
-2.3949e-07 6.0951e-07
-2.3949e-07 6.1154e-07
-2.3949e-07 6.1356e-07
-2.3949e-07 6.1559e-07
-2.3949e-07 6.1761e-07
-2.3949e-07 6.1964e-07
-2.3949e-07 6.2166e-07
-2.3949e-07 6.2369e-07
-2.3949e-07 6.2571e-07
-2.3949e-07 6.2774e-07
-2.3949e-07 6.2976e-07
-2.3949e-07 6.3179e-07
-2.3949e-07 6.3381e-07
-2.3949e-07 6.3584e-07
-2.3949e-07 6.3786e-07
-2.3949e-07 6.3989e-07
-2.3949e-07 6.4191e-07
-2.3949e-07 6.4394e-07
-2.3949e-07 6.4596e-07
-2.3949e-07 6.4799e-07
-2.3949e-07 6.5001e-07
-2.3949e-07 6.5204e-07
-2.3949e-07 6.5406e-07
-2.3949e-07 6.5609e-07
-2.3949e-07 6.5811e-07
-2.3949e-07 6.6014e-07
-2.3949e-07 6.6216e-07
-2.3949e-07 6.6419e-07
-2.3949e-07 6.6621e-07
-2.3949e-07 6.6824e-07
-2.3949e-07 6.7026e-07
-2.3949e-07 6.7229e-07
-2.3949e-07 6.7431e-07
-2.3949e-07 6.7634e-07
-2.3949e-07 6.7836e-07
-2.3949e-07 6.8039e-07
-2.3949e-07 6.8241e-07
-2.3949e-07 6.8444e-07
-2.3949e-07 6.8646e-07
-2.3949e-07 6.8849e-07
-2.3949e-07 6.9051e-07
-2.3949e-07 6.9253e-07
-2.3949e-07 6.9456e-07
-2.3949e-07 6.9658e-07
-2.3949e-07 6.9861e-07
-2.3949e-07 7.0063e-07
-2.3949e-07 7.0266e-07
-2.3949e-07 7.0468e-07
-2.3949e-07 7.0671e-07
-2.3949e-07 7.0873e-07
-2.3949e-07 7.1076e-07
-2.3949e-07 7.1278e-07
-2.3949e-07 7.1481e-07
-2.3949e-07 7.1683e-07
-2.3949e-07 7.1886e-07
-2.3949e-07 7.2088e-07
-2.3949e-07 7.2291e-07
-2.3949e-07 7.2493e-07
-2.3949e-07 7.2696e-07
-2.3949e-07 7.2898e-07
-2.3949e-07 7.3101e-07
-2.3949e-07 7.3303e-07
-2.3949e-07 7.3506e-07
-2.3949e-07 7.3708e-07
-2.3949e-07 7.3911e-07
-2.3949e-07 7.4113e-07
-2.3949e-07 7.4316e-07
-2.3949e-07 7.4518e-07
-2.3949e-07 7.4721e-07
-2.3949e-07 7.4923e-07
-2.3949e-07 7.5126e-07
-2.3949e-07 7.5328e-07
-2.3949e-07 7.5531e-07
-2.3949e-07 7.5733e-07
-2.3949e-07 7.5936e-07
-2.3949e-07 7.6138e-07
-2.3949e-07 7.6341e-07
-2.3949e-07 7.6543e-07
-2.3949e-07 7.6746e-07
-2.3949e-07 7.6948e-07
-2.3949e-07 7.7151e-07
-2.3949e-07 7.7353e-07
-2.3949e-07 7.7556e-07
-2.3949e-07 7.7758e-07
-2.3949e-07 7.7961e-07
-2.3949e-07 7.8163e-07
-2.3949e-07 7.8366e-07
-2.3949e-07 7.8568e-07
-2.3949e-07 7.8771e-07
-2.3949e-07 7.8973e-07
-2.3949e-07 7.9176e-07
-2.3949e-07 7.9378e-07
-2.3949e-07 7.9581e-07
-2.3949e-07 7.9783e-07
-2.3949e-07 7.9986e-07
-2.3949e-07 8.0188e-07
-2.3949e-07 8.0391e-07
-2.3949e-07 8.0593e-07
-2.3949e-07 8.0796e-07
-2.3949e-07 8.0998e-07
-2.3949e-07 8.1201e-07
-2.3949e-07 8.1403e-07
-2.3949e-07 8.1606e-07
-2.3949e-07 8.1808e-07
-2.3949e-07 8.2011e-07
-2.3949e-07 8.2213e-07
-2.3949e-07 8.2416e-07
-2.3949e-07 8.2618e-07
-2.3949e-07 8.2821e-07
-2.3949e-07 8.3023e-07
-2.3949e-07 8.3226e-07
-2.3949e-07 8.3428e-07
-2.3949e-07 8.3631e-07
-2.3949e-07 8.3833e-07
-2.3949e-07 8.4036e-07
-2.3949e-07 8.4238e-07
-2.3949e-07 8.4441e-07
-2.3949e-07 8.4643e-07
-2.3949e-07 8.4846e-07
-2.3949e-07 8.5048e-07
-2.3949e-07 8.5251e-07
-2.3949e-07 8.5453e-07
-2.3949e-07 8.5656e-07
-2.3949e-07 8.5858e-07
-2.3949e-07 8.6061e-07
-2.3949e-07 8.6263e-07
-2.3949e-07 8.6466e-07
-2.3949e-07 8.6668e-07
-2.3949e-07 8.6871e-07
-2.3949e-07 8.7073e-07
-2.3949e-07 8.7276e-07
-2.3949e-07 8.7478e-07
-2.3949e-07 8.7681e-07
-2.3949e-07 8.7883e-07
-2.3949e-07 8.8086e-07
-2.3949e-07 8.8288e-07
-2.3949e-07 8.8491e-07
-2.3949e-07 8.8693e-07
-2.3949e-07 8.8896e-07
-2.3949e-07 8.9098e-07
-2.3949e-07 8.9301e-07
-2.3949e-07 8.9503e-07
-2.3949e-07 8.9706e-07
-2.3949e-07 8.9908e-07
-2.3949e-07 9.0111e-07
-2.3949e-07 9.0313e-07
-2.3949e-07 9.0516e-07
-2.3949e-07 9.0718e-07
-2.3949e-07 9.0921e-07
-2.3949e-07 9.1123e-07
-2.3949e-07 9.1326e-07
-2.3949e-07 9.1528e-07
-2.3949e-07 9.1731e-07
-2.3949e-07 9.1933e-07
-2.3949e-07 9.2135e-07
-2.3949e-07 9.2338e-07
-2.3949e-07 9.2540e-07
-2.3949e-07 9.2743e-07
-2.3949e-07 9.2945e-07
-2.3949e-07 9.3148e-07
-2.3949e-07 9.3350e-07
-2.3949e-07 9.3553e-07
-2.3949e-07 9.3755e-07
-2.3949e-07 9.3958e-07
-2.3949e-07 9.4160e-07
-2.3949e-07 9.4363e-07
-2.3949e-07 9.4565e-07
-2.3949e-07 9.4768e-07
-2.3949e-07 9.4970e-07
-2.3949e-07 9.5173e-07
-2.3949e-07 9.5375e-07
-2.3949e-07 9.5578e-07
-2.3949e-07 9.5780e-07
-2.3949e-07 9.5983e-07
-2.3949e-07 9.6185e-07
-2.3949e-07 9.6388e-07
-2.3949e-07 9.6590e-07
-2.3949e-07 9.6793e-07
-2.3949e-07 9.6995e-07
-2.3949e-07 9.7198e-07
-2.3949e-07 9.7400e-07
-2.3949e-07 9.7603e-07
-2.3949e-07 9.7805e-07
-2.3949e-07 9.8008e-07
-2.3949e-07 9.8210e-07
-2.3949e-07 9.8413e-07
-2.3949e-07 9.8615e-07
-2.3949e-07 9.8818e-07
-2.3949e-07 9.9020e-07
-2.3949e-07 9.9223e-07
-2.3949e-07 9.9425e-07
-2.3949e-07 9.9628e-07
-2.3949e-07 9.9830e-07
-2.3949e-07 1.0003e-06
-2.3949e-07 1.0024e-06
-2.3949e-07 1.0044e-06
-2.3949e-07 1.0064e-06
-2.3949e-07 1.0084e-06
-2.3949e-07 1.0105e-06
-2.3949e-07 1.0125e-06
-2.3949e-07 1.0145e-06
-2.3949e-07 1.0165e-06
-2.3949e-07 1.0186e-06
-2.3949e-07 1.0206e-06
-2.3949e-07 1.0226e-06
-2.3949e-07 1.0246e-06
-2.3949e-07 1.0267e-06
-2.3949e-07 1.0287e-06
-2.3949e-07 1.0307e-06
-2.3949e-07 1.0327e-06
-2.3949e-07 1.0348e-06
-2.3949e-07 1.0368e-06
-2.3949e-07 1.0388e-06
-2.3949e-07 1.0408e-06
-2.3949e-07 1.0429e-06
-2.3949e-07 1.0449e-06
-2.3949e-07 1.0469e-06
-2.3949e-07 1.0489e-06
-2.3949e-07 1.0510e-06
-2.3949e-07 1.0530e-06
-2.3949e-07 1.0550e-06
-2.3949e-07 1.0570e-06
-2.3949e-07 1.0591e-06
-2.3949e-07 1.0611e-06
-2.3949e-07 1.0631e-06
-2.3949e-07 1.0651e-06
-2.3949e-07 1.0672e-06
-2.3949e-07 1.0692e-06
-2.3949e-07 1.0712e-06
-2.3949e-07 1.0732e-06
-2.3949e-07 1.0753e-06
-2.3949e-07 1.0773e-06
-2.3949e-07 1.0793e-06
-2.3949e-07 1.0813e-06
-2.3949e-07 1.0834e-06
-2.3949e-07 1.0854e-06
-2.3949e-07 1.0874e-06
-2.3949e-07 1.0894e-06
-2.3949e-07 1.0915e-06
-2.3949e-07 1.0935e-06
-2.3949e-07 1.0955e-06
-2.3949e-07 1.0975e-06
-2.3949e-07 1.0996e-06
-2.3949e-07 1.1016e-06
-2.3949e-07 1.1036e-06
-2.3949e-07 1.1056e-06
-2.3949e-07 1.1077e-06
-2.3949e-07 1.1097e-06
-2.3949e-07 1.1117e-06
-2.3949e-07 1.1137e-06
-2.3949e-07 1.1158e-06
-2.3949e-07 1.1178e-06
-2.3949e-07 1.1198e-06
-2.3949e-07 1.1218e-06
-2.3949e-07 1.1239e-06
-2.3949e-07 1.1259e-06
-2.3949e-07 1.1279e-06
-2.3949e-07 1.1299e-06
-2.3949e-07 1.1320e-06
-2.3949e-07 1.1340e-06
-2.3949e-07 1.1360e-06
-2.3949e-07 1.1380e-06
-2.3949e-07 1.1401e-06
-2.3949e-07 1.1421e-06
-2.3949e-07 1.1441e-06
-2.3949e-07 1.1461e-06
-2.3949e-07 1.1482e-06
-2.3949e-07 1.1502e-06
-2.3949e-07 1.1522e-06
-2.3949e-07 1.1542e-06
-2.3949e-07 1.1562e-06
-2.3949e-07 1.1583e-06
-2.3949e-07 1.1603e-06
-2.3949e-07 1.1623e-06
-2.3949e-07 1.1643e-06
-2.3949e-07 1.1664e-06
-2.3949e-07 1.1684e-06
-2.3949e-07 1.1704e-06
-2.3949e-07 1.1724e-06
-2.3949e-07 1.1745e-06
-2.3949e-07 1.1765e-06
-2.3949e-07 1.1785e-06
-2.3949e-07 1.1805e-06
-2.3949e-07 1.1826e-06
-2.3949e-07 1.1846e-06
-2.3949e-07 1.1866e-06
-2.3949e-07 1.1886e-06
-2.3949e-07 1.1907e-06
-2.3949e-07 1.1927e-06
-2.3949e-07 1.1947e-06
-2.3949e-07 1.1967e-06
-2.3949e-07 1.1988e-06
-2.3949e-07 1.2008e-06
-2.3949e-07 1.2028e-06
-2.3949e-07 1.2048e-06
-2.3949e-07 1.2069e-06
-2.3949e-07 1.2089e-06
-2.3949e-07 1.2109e-06
-2.3949e-07 1.2129e-06
-2.3949e-07 1.2150e-06
-2.3949e-07 1.2170e-06
-2.3949e-07 1.2190e-06
-2.3949e-07 1.2210e-06
-2.3949e-07 1.2231e-06
-2.3949e-07 1.2251e-06
-2.3949e-07 1.2271e-06
-2.3949e-07 1.2291e-06
-2.3949e-07 1.2312e-06
-2.3949e-07 1.2332e-06
-2.3949e-07 1.2352e-06
-2.3949e-07 1.2372e-06
-2.3949e-07 1.2393e-06
-2.3949e-07 1.2413e-06
-2.3949e-07 1.2433e-06
-2.3949e-07 1.2453e-06
-2.3949e-07 1.2474e-06
-2.3949e-07 1.2494e-06
-2.3949e-07 1.2514e-06
-2.3949e-07 1.2534e-06
-2.3949e-07 1.2555e-06
-2.3949e-07 1.2575e-06
-2.3949e-07 1.2595e-06
-2.3949e-07 1.2615e-06
-2.3949e-07 1.2636e-06
-2.3949e-07 1.2656e-06
-2.3949e-07 1.2676e-06
-2.3949e-07 1.2696e-06
-2.3949e-07 1.2717e-06
-2.3949e-07 1.2737e-06
-2.3949e-07 1.2757e-06
-2.3949e-07 1.2777e-06
-2.3949e-07 1.2798e-06
-2.3949e-07 1.2818e-06
-2.3949e-07 1.2838e-06
-2.3949e-07 1.2858e-06
-2.3949e-07 1.2879e-06
-2.3949e-07 1.2899e-06
-2.3949e-07 1.2919e-06
-2.3949e-07 1.2939e-06
-2.3949e-07 1.2960e-06
-2.3949e-07 1.2980e-06
-2.3949e-07 1.3000e-06
-2.3949e-07 1.3020e-06
-2.3949e-07 1.3041e-06
-2.3949e-07 1.3061e-06
-2.3949e-07 1.3081e-06
-2.3949e-07 1.3101e-06
-2.3949e-07 1.3122e-06
-2.3949e-07 1.3142e-06
-2.3949e-07 1.3162e-06
-2.3949e-07 1.3182e-06
-2.3949e-07 1.3203e-06
-2.3949e-07 1.3223e-06
-2.3949e-07 1.3243e-06
-2.3949e-07 1.3263e-06
-2.3949e-07 1.3284e-06
-2.3949e-07 1.3304e-06
-2.3949e-07 1.3324e-06
-2.3949e-07 1.3344e-06
-2.3949e-07 1.3365e-06
-2.3949e-07 1.3385e-06
-2.3949e-07 1.3405e-06
-2.3949e-07 1.3425e-06
-2.3949e-07 1.3446e-06
-2.3949e-07 1.3466e-06
-2.3949e-07 1.3486e-06
-2.3949e-07 1.3506e-06
-2.3949e-07 1.3527e-06
-2.3949e-07 1.3547e-06
-2.3949e-07 1.3567e-06
-2.3949e-07 1.3587e-06
-2.3949e-07 1.3608e-06
-2.3949e-07 1.3628e-06
-2.3949e-07 1.3648e-06
-2.3949e-07 1.3668e-06
-2.3949e-07 1.3689e-06
-2.3949e-07 1.3709e-06
-2.3949e-07 1.3729e-06
-2.3949e-07 1.3749e-06
-2.3949e-07 1.3770e-06
-2.3949e-07 1.3790e-06
-2.3949e-07 1.3810e-06
-2.3949e-07 1.3830e-06
-2.3949e-07 1.3851e-06
-2.3949e-07 1.3871e-06
-2.3949e-07 1.3891e-06
-2.3949e-07 1.3911e-06
-2.3949e-07 1.3932e-06
-2.3949e-07 1.3952e-06
-2.3949e-07 1.3972e-06
-2.3949e-07 1.3992e-06
-2.3949e-07 1.4013e-06
-2.3949e-07 1.4033e-06
-2.3949e-07 1.4053e-06
-2.3949e-07 1.4073e-06
-2.3949e-07 1.4094e-06
-2.3949e-07 1.4114e-06
-2.3949e-07 1.4134e-06
-2.3949e-07 1.4154e-06
-2.3949e-07 1.4175e-06
-2.3949e-07 1.4195e-06
-2.3949e-07 1.4215e-06
-2.3949e-07 1.4235e-06
-2.3949e-07 1.4256e-06
-2.3949e-07 1.4276e-06
-2.3949e-07 1.4296e-06
-2.3949e-07 1.4316e-06
-2.3949e-07 1.4337e-06
-2.3949e-07 1.4357e-06
-2.3949e-07 1.4377e-06
-2.3949e-07 1.4397e-06
-2.3949e-07 1.4418e-06
-2.3949e-07 1.4438e-06
-2.3949e-07 1.4458e-06
-2.3949e-07 1.4478e-06
-2.3949e-07 1.4499e-06
-2.3949e-07 1.4519e-06
-2.3949e-07 1.4539e-06
-2.3949e-07 1.4559e-06
-2.3949e-07 1.4580e-06
-2.3949e-07 1.4600e-06
-2.3949e-07 1.4620e-06
-2.3949e-07 1.4640e-06
-2.3949e-07 1.4661e-06
-2.3949e-07 1.4681e-06
-2.3949e-07 1.4701e-06
-2.3949e-07 1.4721e-06
-2.3949e-07 1.4742e-06
-2.3949e-07 1.4762e-06
-2.3949e-07 1.4782e-06
-2.3949e-07 1.4802e-06
-2.3949e-07 1.4823e-06
-2.3949e-07 1.4843e-06
-2.3949e-07 1.4863e-06
-2.3949e-07 1.4883e-06
-2.3949e-07 1.4904e-06
-2.3949e-07 1.4924e-06
-2.3949e-07 1.4944e-06
-2.3949e-07 1.4964e-06
-2.3949e-07 1.4985e-06
-2.3949e-07 1.5005e-06
-2.3949e-07 1.5025e-06
-2.3949e-07 1.5045e-06
-2.3949e-07 1.5066e-06
-2.3949e-07 1.5086e-06
-2.3949e-07 1.5106e-06
-2.3949e-07 1.5126e-06
