-5.8453e-07 1.5009e-06
-5.7794e-07 1.5015e-06
-5.7178e-07 1.5017e-06
-5.6528e-07 1.5016e-06
-5.5880e-07 1.5015e-06
-5.5246e-07 1.5010e-06
-5.4613e-07 1.5003e-06
-5.3943e-07 1.4992e-06
-5.3250e-07 1.4984e-06
-5.2577e-07 1.4975e-06
-5.1873e-07 1.4966e-06
-5.1164e-07 1.4960e-06
-5.0471e-07 1.4956e-06
-4.9800e-07 1.4953e-06
-4.9123e-07 1.4948e-06
-4.8411e-07 1.4945e-06
-4.7706e-07 1.4944e-06
-4.7021e-07 1.4945e-06
-4.6355e-07 1.4946e-06
-4.5680e-07 1.4945e-06
-4.5003e-07 1.4946e-06
-4.4347e-07 1.4945e-06
-4.3703e-07 1.4944e-06
-4.3031e-07 1.4938e-06
-4.2315e-07 1.4936e-06
-4.1642e-07 1.4936e-06
-4.0932e-07 1.4933e-06
-4.0223e-07 1.4937e-06
-3.9557e-07 1.4938e-06
-3.8904e-07 1.4941e-06
-3.8261e-07 1.4940e-06
-3.7567e-07 1.4938e-06
-3.6896e-07 1.4939e-06
-3.6220e-07 1.4936e-06
-3.5521e-07 1.4937e-06
-3.4826e-07 1.4937e-06
-3.4127e-07 1.4940e-06
-3.3428e-07 1.4944e-06
-3.2757e-07 1.4950e-06
-3.2093e-07 1.4953e-06
-3.1427e-07 1.4957e-06
-3.0769e-07 1.4958e-06
-3.0119e-07 1.4960e-06
-2.9467e-07 1.4958e-06
-2.8802e-07 1.4956e-06
-2.8139e-07 1.4953e-06
-2.7449e-07 1.4949e-06
-2.6758e-07 1.4947e-06
-2.6036e-07 1.4945e-06
-2.5318e-07 1.4950e-06
-2.4581e-07 1.4954e-06
-2.3842e-07 1.4968e-06
-2.3153e-07 1.4980e-06
-2.2455e-07 1.4995e-06
-2.1641e-07 1.4931e-06
-2.1641e-07 1.4864e-06
-2.1641e-07 1.4797e-06
-2.1641e-07 1.4730e-06
-2.1641e-07 1.4662e-06
-2.1641e-07 1.4595e-06
-2.1641e-07 1.4528e-06
-2.1641e-07 1.4461e-06
-2.1641e-07 1.4393e-06
-2.1641e-07 1.4326e-06
-2.1641e-07 1.4259e-06
-2.1641e-07 1.4192e-06
-2.1641e-07 1.4124e-06
-2.1641e-07 1.4057e-06
-2.1641e-07 1.3990e-06
-2.1641e-07 1.3923e-06
-2.1641e-07 1.3855e-06
-2.1641e-07 1.3788e-06
-2.1641e-07 1.3721e-06
-2.1641e-07 1.3654e-06
-2.1641e-07 1.3586e-06
-2.1641e-07 1.3519e-06
-2.1641e-07 1.3452e-06
-2.1641e-07 1.3385e-06
-2.1641e-07 1.3317e-06
-2.1641e-07 1.3250e-06
-2.1641e-07 1.3183e-06
-2.1641e-07 1.3115e-06
-2.1641e-07 1.3048e-06
-2.1641e-07 1.2981e-06
-2.1641e-07 1.2914e-06
-2.1641e-07 1.2846e-06
-2.1641e-07 1.2779e-06
-2.1641e-07 1.2712e-06
-2.1641e-07 1.2645e-06
-2.1641e-07 1.2577e-06
-2.1641e-07 1.2510e-06
-2.1641e-07 1.2443e-06
-2.1641e-07 1.2376e-06
-2.1641e-07 1.2308e-06
-2.1641e-07 1.2241e-06
-2.1641e-07 1.2174e-06
-2.1641e-07 1.2107e-06
-2.1641e-07 1.2039e-06
-2.1641e-07 1.1972e-06
-2.1641e-07 1.1905e-06
-2.1641e-07 1.1838e-06
-2.1641e-07 1.1770e-06
-2.1641e-07 1.1703e-06
-2.1641e-07 1.1636e-06
-2.1641e-07 1.1569e-06
-2.1641e-07 1.1501e-06
-2.1641e-07 1.1434e-06
-2.1641e-07 1.1367e-06
-2.1641e-07 1.1299e-06
-2.1641e-07 1.1232e-06
-2.1641e-07 1.1165e-06
-2.1641e-07 1.1098e-06
-2.1641e-07 1.1030e-06
-2.1641e-07 1.0963e-06
-2.1641e-07 1.0896e-06
-2.1641e-07 1.0829e-06
-2.1641e-07 1.0761e-06
-2.1641e-07 1.0694e-06
-2.1641e-07 1.0627e-06
-2.1641e-07 1.0560e-06
-2.1641e-07 1.0492e-06
-2.1641e-07 1.0425e-06
-2.1641e-07 1.0358e-06
-2.1641e-07 1.0291e-06
-2.1641e-07 1.0223e-06
-2.1641e-07 1.0156e-06
-2.1641e-07 1.0089e-06
-2.1641e-07 1.0022e-06
-2.1641e-07 9.9543e-07
-2.1641e-07 9.8870e-07
-2.1641e-07 9.8198e-07
-2.1641e-07 9.7525e-07
-2.1641e-07 9.6853e-07
-2.1641e-07 9.6180e-07
-2.1641e-07 9.5508e-07
-2.1641e-07 9.4835e-07
-2.1641e-07 9.4162e-07
-2.1641e-07 9.3490e-07
-2.1641e-07 9.2817e-07
-2.1641e-07 9.2145e-07
-2.1641e-07 9.1472e-07
-2.1641e-07 9.0799e-07
-2.1641e-07 9.0127e-07
-2.1641e-07 8.9454e-07
-2.1641e-07 8.8782e-07
-2.1641e-07 8.8109e-07
-2.1641e-07 8.7436e-07
-2.1641e-07 8.6764e-07
-2.1641e-07 8.6091e-07
-2.1641e-07 8.5419e-07
-2.1641e-07 8.4746e-07
-2.1641e-07 8.4074e-07
-2.1641e-07 8.3401e-07
-2.1641e-07 8.2728e-07
-2.1641e-07 8.2056e-07
-2.1641e-07 8.1383e-07
-2.1641e-07 8.0711e-07
-2.1641e-07 8.0038e-07
-2.1641e-07 7.9365e-07
-2.1641e-07 7.8693e-07
-2.1641e-07 7.8020e-07
-2.1641e-07 7.7348e-07
-2.1641e-07 7.6675e-07
-2.1641e-07 7.6002e-07
-2.1641e-07 7.5330e-07
-2.1641e-07 7.4657e-07
-2.1641e-07 7.3985e-07
-2.1641e-07 7.3312e-07
-2.1641e-07 7.2640e-07
-2.1641e-07 7.1967e-07
-2.1641e-07 7.1294e-07
-2.1641e-07 7.0622e-07
-2.1641e-07 6.9949e-07
-2.1641e-07 6.9277e-07
-2.1641e-07 6.8604e-07
-2.1641e-07 6.7931e-07
-2.1641e-07 6.7259e-07
-2.1641e-07 6.6586e-07
-2.1641e-07 6.5914e-07
-2.1641e-07 6.5241e-07
-2.1641e-07 6.4568e-07
-2.1641e-07 6.3896e-07
-2.1641e-07 6.3223e-07
-2.1641e-07 6.2551e-07
-2.1641e-07 6.1878e-07
-2.1641e-07 6.1206e-07
-2.1641e-07 6.0533e-07
-2.1641e-07 5.9860e-07
-2.1641e-07 5.9188e-07
-2.1641e-07 5.8515e-07
-2.1641e-07 5.7843e-07
-2.1641e-07 5.7170e-07
-2.1641e-07 5.6497e-07
-2.1641e-07 5.5825e-07
-2.1641e-07 5.5152e-07
-2.1641e-07 5.4480e-07
-2.1641e-07 5.3807e-07
-2.1641e-07 5.3134e-07
-2.1641e-07 5.2462e-07
-2.1641e-07 5.1789e-07
-2.1641e-07 5.1117e-07
-2.1641e-07 5.0444e-07
-2.1641e-07 4.9772e-07
-2.1641e-07 4.9099e-07
-2.1641e-07 4.8426e-07
-2.1641e-07 4.7754e-07
-2.1641e-07 4.7081e-07
-2.1641e-07 4.6409e-07
-2.1641e-07 4.5736e-07
-2.1641e-07 4.5063e-07
-2.1641e-07 4.4391e-07
-2.1641e-07 4.3718e-07
-2.1641e-07 4.3046e-07
-2.1641e-07 4.2373e-07
-2.1641e-07 4.1700e-07
-2.1641e-07 4.1028e-07
-2.1641e-07 4.0355e-07
-2.1641e-07 3.9683e-07
-2.1641e-07 3.9010e-07
-2.1641e-07 3.8338e-07
-2.1641e-07 3.7665e-07
-2.1641e-07 3.6992e-07
-2.1641e-07 3.6320e-07
-2.1641e-07 3.5647e-07
-2.1641e-07 3.4975e-07
-2.1641e-07 3.4302e-07
-2.1641e-07 3.3629e-07
-2.1641e-07 3.2957e-07
-2.1641e-07 3.2284e-07
-2.1641e-07 3.1612e-07
-2.1641e-07 3.0939e-07
-2.1641e-07 3.0266e-07
-2.1641e-07 2.9594e-07
-2.1641e-07 2.8921e-07
-2.1641e-07 2.8249e-07
-2.1641e-07 2.7576e-07
-2.1641e-07 2.6904e-07
-2.1641e-07 2.6231e-07
-2.1641e-07 2.5558e-07
-2.1641e-07 2.4886e-07
-2.1641e-07 2.4213e-07
-2.1641e-07 2.3541e-07
-2.1641e-07 2.2868e-07
-2.1641e-07 2.2195e-07
-2.1641e-07 2.1523e-07
-2.1641e-07 2.0850e-07
-2.1641e-07 2.0178e-07
-2.1641e-07 1.9505e-07
-2.1641e-07 1.8832e-07
-2.1641e-07 1.8160e-07
-2.1641e-07 1.7487e-07
-2.1641e-07 1.6815e-07
-2.1641e-07 1.6142e-07
-2.1641e-07 1.5470e-07
-2.1641e-07 1.4797e-07
-2.1641e-07 1.4124e-07
-2.1641e-07 1.3452e-07
-2.1641e-07 1.2779e-07
-2.1641e-07 1.2107e-07
-2.1641e-07 1.1434e-07
-2.1641e-07 1.0761e-07
-2.1641e-07 1.0089e-07
-2.1641e-07 9.4162e-08
-2.1641e-07 8.7436e-08
-2.1641e-07 8.0711e-08
-2.1641e-07 7.3985e-08
-2.1641e-07 6.7259e-08
-2.1641e-07 6.0533e-08
-2.1641e-07 5.3807e-08
-2.1641e-07 4.7081e-08
-2.1641e-07 4.0355e-08
-2.1641e-07 3.3629e-08
-2.1641e-07 2.6904e-08
-2.1641e-07 2.0178e-08
-2.2671e-07 1.0000e-08
-2.3348e-07 1.0000e-08
-2.4024e-07 1.0000e-08
-2.4701e-07 1.0000e-08
-2.5378e-07 1.0000e-08
-2.6055e-07 1.0000e-08
-2.6731e-07 1.0000e-08
-2.7408e-07 1.0000e-08
-2.8085e-07 1.0000e-08
-2.8762e-07 1.0000e-08
-2.9438e-07 1.0000e-08
-3.0115e-07 1.0000e-08
-3.0792e-07 1.0000e-08
-3.1469e-07 1.0000e-08
-3.2145e-07 1.0000e-08
-3.2822e-07 1.0000e-08
-3.3499e-07 1.0000e-08
-3.4176e-07 1.0000e-08
-3.4852e-07 1.0000e-08
-3.5529e-07 1.0000e-08
-3.6206e-07 1.0000e-08
-3.6883e-07 1.0000e-08
-3.7559e-07 1.0000e-08
-3.8236e-07 1.0000e-08
-3.8913e-07 1.0000e-08
-3.9590e-07 1.0000e-08
-4.0266e-07 1.0000e-08
-4.0943e-07 1.0000e-08
-4.1620e-07 1.0000e-08
-4.2296e-07 1.0000e-08
-4.2973e-07 1.0000e-08
-4.3650e-07 1.0000e-08
-4.4327e-07 1.0000e-08
-4.5003e-07 1.0000e-08
-4.5680e-07 1.0000e-08
-4.6357e-07 1.0000e-08
-4.7034e-07 1.0000e-08
-4.7710e-07 1.0000e-08
-4.8387e-07 1.0000e-08
-4.9064e-07 1.0000e-08
-4.9741e-07 1.0000e-08
-5.0417e-07 1.0000e-08
-5.1094e-07 1.0000e-08
-5.1771e-07 1.0000e-08
-5.2448e-07 1.0000e-08
-5.3124e-07 1.0000e-08
-5.3801e-07 1.0000e-08
-5.4478e-07 1.0000e-08
-5.5155e-07 1.0000e-08
-5.5831e-07 1.0000e-08
-5.6508e-07 1.0000e-08
-5.7185e-07 1.0000e-08
-5.7862e-07 1.0000e-08
-5.8538e-07 1.0000e-08
-5.9569e-07 2.0123e-08
-5.9569e-07 2.6831e-08
-5.9569e-07 3.3538e-08
-5.9569e-07 4.0246e-08
-5.9569e-07 4.6953e-08
-5.9569e-07 5.3661e-08
-5.9569e-07 6.0369e-08
-5.9569e-07 6.7076e-08
-5.9569e-07 7.3784e-08
-5.9569e-07 8.0492e-08
-5.9569e-07 8.7199e-08
-5.9569e-07 9.3907e-08
-5.9569e-07 1.0061e-07
-5.9569e-07 1.0732e-07
-5.9569e-07 1.1403e-07
-5.9569e-07 1.2074e-07
-5.9569e-07 1.2744e-07
-5.9569e-07 1.3415e-07
-5.9569e-07 1.4086e-07
-5.9569e-07 1.4757e-07
-5.9569e-07 1.5428e-07
-5.9569e-07 1.6098e-07
-5.9569e-07 1.6769e-07
-5.9569e-07 1.7440e-07
-5.9569e-07 1.8111e-07
-5.9569e-07 1.8781e-07
-5.9569e-07 1.9452e-07
-5.9569e-07 2.0123e-07
-5.9569e-07 2.0794e-07
-5.9569e-07 2.1464e-07
-5.9569e-07 2.2135e-07
-5.9569e-07 2.2806e-07
-5.9569e-07 2.3477e-07
-5.9569e-07 2.4147e-07
-5.9569e-07 2.4818e-07
-5.9569e-07 2.5489e-07
-5.9569e-07 2.6160e-07
-5.9569e-07 2.6831e-07
-5.9569e-07 2.7501e-07
-5.9569e-07 2.8172e-07
-5.9569e-07 2.8843e-07
-5.9569e-07 2.9514e-07
-5.9569e-07 3.0184e-07
-5.9569e-07 3.0855e-07
-5.9569e-07 3.1526e-07
-5.9569e-07 3.2197e-07
-5.9569e-07 3.2867e-07
-5.9569e-07 3.3538e-07
-5.9569e-07 3.4209e-07
-5.9569e-07 3.4880e-07
-5.9569e-07 3.5550e-07
-5.9569e-07 3.6221e-07
-5.9569e-07 3.6892e-07
-5.9569e-07 3.7563e-07
-5.9569e-07 3.8233e-07
-5.9569e-07 3.8904e-07
-5.9569e-07 3.9575e-07
-5.9569e-07 4.0246e-07
-5.9569e-07 4.0917e-07
-5.9569e-07 4.1587e-07
-5.9569e-07 4.2258e-07
-5.9569e-07 4.2929e-07
-5.9569e-07 4.3600e-07
-5.9569e-07 4.4270e-07
-5.9569e-07 4.4941e-07
-5.9569e-07 4.5612e-07
-5.9569e-07 4.6283e-07
-5.9569e-07 4.6953e-07
-5.9569e-07 4.7624e-07
-5.9569e-07 4.8295e-07
-5.9569e-07 4.8966e-07
-5.9569e-07 4.9636e-07
-5.9569e-07 5.0307e-07
-5.9569e-07 5.0978e-07
-5.9569e-07 5.1649e-07
-5.9569e-07 5.2319e-07
-5.9569e-07 5.2990e-07
-5.9569e-07 5.3661e-07
-5.9569e-07 5.4332e-07
-5.9569e-07 5.5003e-07
-5.9569e-07 5.5673e-07
-5.9569e-07 5.6344e-07
-5.9569e-07 5.7015e-07
-5.9569e-07 5.7686e-07
-5.9569e-07 5.8356e-07
-5.9569e-07 5.9027e-07
-5.9569e-07 5.9698e-07
-5.9569e-07 6.0369e-07
-5.9569e-07 6.1039e-07
-5.9569e-07 6.1710e-07
-5.9569e-07 6.2381e-07
-5.9569e-07 6.3052e-07
-5.9569e-07 6.3722e-07
-5.9569e-07 6.4393e-07
-5.9569e-07 6.5064e-07
-5.9569e-07 6.5735e-07
-5.9569e-07 6.6406e-07
-5.9569e-07 6.7076e-07
-5.9569e-07 6.7747e-07
-5.9569e-07 6.8418e-07
-5.9569e-07 6.9089e-07
-5.9569e-07 6.9759e-07
-5.9569e-07 7.0430e-07
-5.9569e-07 7.1101e-07
-5.9569e-07 7.1772e-07
-5.9569e-07 7.2442e-07
-5.9569e-07 7.3113e-07
-5.9569e-07 7.3784e-07
-5.9569e-07 7.4455e-07
-5.9569e-07 7.5125e-07
-5.9569e-07 7.5796e-07
-5.9569e-07 7.6467e-07
-5.9569e-07 7.7138e-07
-5.9569e-07 7.7808e-07
-5.9569e-07 7.8479e-07
-5.9569e-07 7.9150e-07
-5.9569e-07 7.9821e-07
-5.9569e-07 8.0492e-07
-5.9569e-07 8.1162e-07
-5.9569e-07 8.1833e-07
-5.9569e-07 8.2504e-07
-5.9569e-07 8.3175e-07
-5.9569e-07 8.3845e-07
-5.9569e-07 8.4516e-07
-5.9569e-07 8.5187e-07
-5.9569e-07 8.5858e-07
-5.9569e-07 8.6528e-07
-5.9569e-07 8.7199e-07
-5.9569e-07 8.7870e-07
-5.9569e-07 8.8541e-07
-5.9569e-07 8.9211e-07
-5.9569e-07 8.9882e-07
-5.9569e-07 9.0553e-07
-5.9569e-07 9.1224e-07
-5.9569e-07 9.1894e-07
-5.9569e-07 9.2565e-07
-5.9569e-07 9.3236e-07
-5.9569e-07 9.3907e-07
-5.9569e-07 9.4578e-07
-5.9569e-07 9.5248e-07
-5.9569e-07 9.5919e-07
-5.9569e-07 9.6590e-07
-5.9569e-07 9.7261e-07
-5.9569e-07 9.7931e-07
-5.9569e-07 9.8602e-07
-5.9569e-07 9.9273e-07
-5.9569e-07 9.9944e-07
-5.9569e-07 1.0061e-06
-5.9569e-07 1.0129e-06
-5.9569e-07 1.0196e-06
-5.9569e-07 1.0263e-06
-5.9569e-07 1.0330e-06
-5.9569e-07 1.0397e-06
-5.9569e-07 1.0464e-06
-5.9569e-07 1.0531e-06
-5.9569e-07 1.0598e-06
-5.9569e-07 1.0665e-06
-5.9569e-07 1.0732e-06
-5.9569e-07 1.0799e-06
-5.9569e-07 1.0866e-06
-5.9569e-07 1.0933e-06
-5.9569e-07 1.1001e-06
-5.9569e-07 1.1068e-06
-5.9569e-07 1.1135e-06
-5.9569e-07 1.1202e-06
-5.9569e-07 1.1269e-06
-5.9569e-07 1.1336e-06
-5.9569e-07 1.1403e-06
-5.9569e-07 1.1470e-06
-5.9569e-07 1.1537e-06
-5.9569e-07 1.1604e-06
-5.9569e-07 1.1671e-06
-5.9569e-07 1.1738e-06
-5.9569e-07 1.1805e-06
-5.9569e-07 1.1873e-06
-5.9569e-07 1.1940e-06
-5.9569e-07 1.2007e-06
-5.9569e-07 1.2074e-06
-5.9569e-07 1.2141e-06
-5.9569e-07 1.2208e-06
-5.9569e-07 1.2275e-06
-5.9569e-07 1.2342e-06
-5.9569e-07 1.2409e-06
-5.9569e-07 1.2476e-06
-5.9569e-07 1.2543e-06
-5.9569e-07 1.2610e-06
-5.9569e-07 1.2677e-06
-5.9569e-07 1.2744e-06
-5.9569e-07 1.2812e-06
-5.9569e-07 1.2879e-06
-5.9569e-07 1.2946e-06
-5.9569e-07 1.3013e-06
-5.9569e-07 1.3080e-06
-5.9569e-07 1.3147e-06
-5.9569e-07 1.3214e-06
-5.9569e-07 1.3281e-06
-5.9569e-07 1.3348e-06
-5.9569e-07 1.3415e-06
-5.9569e-07 1.3482e-06
-5.9569e-07 1.3549e-06
-5.9569e-07 1.3616e-06
-5.9569e-07 1.3684e-06
-5.9569e-07 1.3751e-06
-5.9569e-07 1.3818e-06
-5.9569e-07 1.3885e-06
-5.9569e-07 1.3952e-06
-5.9569e-07 1.4019e-06
-5.9569e-07 1.4086e-06
-5.9569e-07 1.4153e-06
-5.9569e-07 1.4220e-06
-5.9569e-07 1.4287e-06
-5.9569e-07 1.4354e-06
-5.9569e-07 1.4421e-06
-5.9569e-07 1.4488e-06
-5.9569e-07 1.4556e-06
-5.9569e-07 1.4623e-06
-5.9569e-07 1.4690e-06
-5.9569e-07 1.4757e-06
-5.9569e-07 1.4824e-06
-5.9569e-07 1.4891e-06
