-7.3882e-02 9.9727e-01
-4.5789e-02 9.9895e-01
6.0592e-03 9.9998e-01
5.0950e-02 9.9870e-01
6.3797e-02 9.9796e-01
8.8772e-02 9.9605e-01
1.1189e-01 9.9372e-01
1.1997e-01 9.9278e-01
7.5407e-02 9.9715e-01
2.6662e-02 9.9964e-01
2.2470e-02 9.9975e-01
1.2813e-02 9.9992e-01
7.2254e-03 9.9997e-01
3.1430e-02 9.9951e-01
3.7600e-02 9.9929e-01
2.0734e-02 9.9979e-01
-5.9843e-03 9.9998e-01
-3.4922e-02 9.9939e-01
-1.7216e-02 9.9985e-01
1.4283e-02 9.9990e-01
2.5089e-02 9.9969e-01
4.2861e-02 9.9908e-01
7.5142e-02 9.9717e-01
9.5179e-02 9.9546e-01
8.6537e-02 9.9625e-01
8.2080e-02 9.9663e-01
9.8333e-02 9.9515e-01
1.0131e-01 9.9485e-01
7.4089e-02 9.9725e-01
5.8507e-02 9.9829e-01
6.4426e-02 9.9792e-01
5.6086e-02 9.9843e-01
3.1689e-02 9.9950e-01
3.2436e-03 9.9999e-01
-2.7152e-02 9.9963e-01
-5.6168e-02 9.9842e-01
-9.9394e-02 9.9505e-01
-1.4612e-01 9.8927e-01
-1.6978e-01 9.8548e-01
-1.9249e-01 9.8130e-01
-2.2883e-01 9.7347e-01
-2.4818e-01 9.6872e-01
-2.5389e-01 9.6723e-01
-2.6977e-01 9.6293e-01
-2.6782e-01 9.6347e-01
-2.4175e-01 9.7034e-01
-2.0900e-01 9.7791e-01
-1.8278e-01 9.8315e-01
-1.3152e-01 9.9131e-01
-5.4684e-02 9.9850e-01
-1.3423e-02 9.9991e-01
3.1204e-02 9.9951e-01
7.5983e-02 9.9711e-01
1.2532e-01 9.9212e-01
1.6753e-01 9.8587e-01
1.9399e-01 9.8100e-01
2.3755e-01 9.7137e-01
3.1300e-01 9.4975e-01
1.0000e+00 0.0000e+00
1.0000e+00 0.0000e+00
1.0000e+00 0.0000e+00
1.0000e+00 0.0000e+00
1.0000e+00 0.0000e+00
1.0000e+00 0.0000e+00
1.0000e+00 0.0000e+00
1.0000e+00 0.0000e+00
1.0000e+00 0.0000e+00
1.0000e+00 0.0000e+00
1.0000e+00 0.0000e+00
1.0000e+00 0.0000e+00
1.0000e+00 0.0000e+00
1.0000e+00 0.0000e+00
1.0000e+00 0.0000e+00
1.0000e+00 0.0000e+00
1.0000e+00 0.0000e+00
1.0000e+00 0.0000e+00
1.0000e+00 0.0000e+00
1.0000e+00 0.0000e+00
1.0000e+00 0.0000e+00
1.0000e+00 0.0000e+00
1.0000e+00 0.0000e+00
1.0000e+00 0.0000e+00
1.0000e+00 0.0000e+00
1.0000e+00 0.0000e+00
1.0000e+00 0.0000e+00
1.0000e+00 0.0000e+00
1.0000e+00 0.0000e+00
1.0000e+00 0.0000e+00
1.0000e+00 0.0000e+00
1.0000e+00 0.0000e+00
1.0000e+00 0.0000e+00
1.0000e+00 0.0000e+00
1.0000e+00 0.0000e+00
1.0000e+00 0.0000e+00
1.0000e+00 0.0000e+00
1.0000e+00 0.0000e+00
1.0000e+00 0.0000e+00
1.0000e+00 0.0000e+00
1.0000e+00 0.0000e+00
1.0000e+00 0.0000e+00
1.0000e+00 0.0000e+00
1.0000e+00 0.0000e+00
1.0000e+00 0.0000e+00
1.0000e+00 0.0000e+00
1.0000e+00 0.0000e+00
1.0000e+00 0.0000e+00
1.0000e+00 0.0000e+00
1.0000e+00 0.0000e+00
1.0000e+00 0.0000e+00
1.0000e+00 0.0000e+00
1.0000e+00 0.0000e+00
1.0000e+00 0.0000e+00
1.0000e+00 0.0000e+00
1.0000e+00 0.0000e+00
1.0000e+00 0.0000e+00
1.0000e+00 0.0000e+00
1.0000e+00 0.0000e+00
1.0000e+00 0.0000e+00
1.0000e+00 0.0000e+00
1.0000e+00 0.0000e+00
1.0000e+00 0.0000e+00
1.0000e+00 0.0000e+00
1.0000e+00 0.0000e+00
1.0000e+00 0.0000e+00
1.0000e+00 0.0000e+00
1.0000e+00 0.0000e+00
1.0000e+00 0.0000e+00
1.0000e+00 0.0000e+00
1.0000e+00 0.0000e+00
1.0000e+00 0.0000e+00
1.0000e+00 0.0000e+00
1.0000e+00 0.0000e+00
1.0000e+00 0.0000e+00
1.0000e+00 0.0000e+00
1.0000e+00 0.0000e+00
1.0000e+00 0.0000e+00
1.0000e+00 0.0000e+00
1.0000e+00 0.0000e+00
1.0000e+00 0.0000e+00
1.0000e+00 0.0000e+00
1.0000e+00 0.0000e+00
1.0000e+00 0.0000e+00
1.0000e+00 0.0000e+00
1.0000e+00 0.0000e+00
1.0000e+00 0.0000e+00
1.0000e+00 0.0000e+00
1.0000e+00 0.0000e+00
1.0000e+00 0.0000e+00
1.0000e+00 0.0000e+00
1.0000e+00 0.0000e+00
1.0000e+00 0.0000e+00
1.0000e+00 0.0000e+00
1.0000e+00 0.0000e+00
1.0000e+00 0.0000e+00
1.0000e+00 0.0000e+00
1.0000e+00 0.0000e+00
1.0000e+00 0.0000e+00
1.0000e+00 0.0000e+00
1.0000e+00 0.0000e+00
1.0000e+00 0.0000e+00
1.0000e+00 0.0000e+00
1.0000e+00 0.0000e+00
1.0000e+00 0.0000e+00
1.0000e+00 0.0000e+00
1.0000e+00 0.0000e+00
1.0000e+00 0.0000e+00
1.0000e+00 0.0000e+00
1.0000e+00 0.0000e+00
1.0000e+00 0.0000e+00
1.0000e+00 0.0000e+00
1.0000e+00 0.0000e+00
1.0000e+00 0.0000e+00
1.0000e+00 0.0000e+00
1.0000e+00 0.0000e+00
1.0000e+00 0.0000e+00
1.0000e+00 0.0000e+00
1.0000e+00 0.0000e+00
1.0000e+00 0.0000e+00
1.0000e+00 0.0000e+00
1.0000e+00 0.0000e+00
1.0000e+00 0.0000e+00
1.0000e+00 0.0000e+00
1.0000e+00 0.0000e+00
1.0000e+00 0.0000e+00
1.0000e+00 0.0000e+00
1.0000e+00 0.0000e+00
1.0000e+00 0.0000e+00
1.0000e+00 0.0000e+00
1.0000e+00 0.0000e+00
1.0000e+00 0.0000e+00
1.0000e+00 0.0000e+00
1.0000e+00 0.0000e+00
1.0000e+00 0.0000e+00
1.0000e+00 0.0000e+00
1.0000e+00 0.0000e+00
1.0000e+00 0.0000e+00
1.0000e+00 0.0000e+00
1.0000e+00 0.0000e+00
1.0000e+00 0.0000e+00
1.0000e+00 0.0000e+00
1.0000e+00 0.0000e+00
1.0000e+00 0.0000e+00
1.0000e+00 0.0000e+00
1.0000e+00 0.0000e+00
1.0000e+00 0.0000e+00
1.0000e+00 0.0000e+00
1.0000e+00 0.0000e+00
1.0000e+00 0.0000e+00
1.0000e+00 0.0000e+00
1.0000e+00 0.0000e+00
1.0000e+00 0.0000e+00
1.0000e+00 0.0000e+00
1.0000e+00 0.0000e+00
1.0000e+00 0.0000e+00
1.0000e+00 0.0000e+00
1.0000e+00 0.0000e+00
1.0000e+00 0.0000e+00
1.0000e+00 0.0000e+00
1.0000e+00 0.0000e+00
1.0000e+00 0.0000e+00
1.0000e+00 0.0000e+00
1.0000e+00 0.0000e+00
1.0000e+00 0.0000e+00
1.0000e+00 0.0000e+00
1.0000e+00 0.0000e+00
1.0000e+00 0.0000e+00
1.0000e+00 0.0000e+00
1.0000e+00 0.0000e+00
1.0000e+00 0.0000e+00
1.0000e+00 0.0000e+00
1.0000e+00 0.0000e+00
1.0000e+00 0.0000e+00
1.0000e+00 0.0000e+00
1.0000e+00 0.0000e+00
1.0000e+00 0.0000e+00
1.0000e+00 0.0000e+00
1.0000e+00 0.0000e+00
1.0000e+00 0.0000e+00
1.0000e+00 0.0000e+00
1.0000e+00 0.0000e+00
1.0000e+00 0.0000e+00
1.0000e+00 0.0000e+00
1.0000e+00 0.0000e+00
1.0000e+00 0.0000e+00
1.0000e+00 0.0000e+00
1.0000e+00 0.0000e+00
1.0000e+00 0.0000e+00
1.0000e+00 0.0000e+00
1.0000e+00 0.0000e+00
1.0000e+00 0.0000e+00
1.0000e+00 0.0000e+00
1.0000e+00 0.0000e+00
1.0000e+00 0.0000e+00
1.0000e+00 0.0000e+00
1.0000e+00 0.0000e+00
1.0000e+00 0.0000e+00
1.0000e+00 0.0000e+00
1.0000e+00 0.0000e+00
1.0000e+00 0.0000e+00
1.0000e+00 0.0000e+00
1.0000e+00 0.0000e+00
1.0000e+00 0.0000e+00
1.0000e+00 0.0000e+00
1.0000e+00 0.0000e+00
1.0000e+00 0.0000e+00
1.0000e+00 0.0000e+00
1.0000e+00 0.0000e+00
1.0000e+00 0.0000e+00
1.0000e+00 0.0000e+00
1.0000e+00 0.0000e+00
1.0000e+00 0.0000e+00
1.0000e+00 0.0000e+00
1.0000e+00 0.0000e+00
1.0000e+00 0.0000e+00
1.0000e+00 0.0000e+00
1.0000e+00 0.0000e+00
1.0000e+00 0.0000e+00
1.0000e+00 0.0000e+00
1.0000e+00 0.0000e+00
1.0000e+00 0.0000e+00
1.0000e+00 0.0000e+00
1.0000e+00 0.0000e+00
0.0000e+00 1.0000e+00
0.0000e+00 1.0000e+00
0.0000e+00 1.0000e+00
0.0000e+00 1.0000e+00
0.0000e+00 1.0000e+00
0.0000e+00 1.0000e+00
0.0000e+00 1.0000e+00
0.0000e+00 1.0000e+00
0.0000e+00 1.0000e+00
0.0000e+00 1.0000e+00
0.0000e+00 1.0000e+00
0.0000e+00 1.0000e+00
0.0000e+00 1.0000e+00
0.0000e+00 1.0000e+00
0.0000e+00 1.0000e+00
0.0000e+00 1.0000e+00
0.0000e+00 1.0000e+00
0.0000e+00 1.0000e+00
0.0000e+00 1.0000e+00
0.0000e+00 1.0000e+00
0.0000e+00 1.0000e+00
0.0000e+00 1.0000e+00
0.0000e+00 1.0000e+00
0.0000e+00 1.0000e+00
0.0000e+00 1.0000e+00
0.0000e+00 1.0000e+00
0.0000e+00 1.0000e+00
0.0000e+00 1.0000e+00
0.0000e+00 1.0000e+00
0.0000e+00 1.0000e+00
0.0000e+00 1.0000e+00
0.0000e+00 1.0000e+00
0.0000e+00 1.0000e+00
0.0000e+00 1.0000e+00
0.0000e+00 1.0000e+00
0.0000e+00 1.0000e+00
0.0000e+00 1.0000e+00
0.0000e+00 1.0000e+00
0.0000e+00 1.0000e+00
0.0000e+00 1.0000e+00
0.0000e+00 1.0000e+00
0.0000e+00 1.0000e+00
0.0000e+00 1.0000e+00
0.0000e+00 1.0000e+00
0.0000e+00 1.0000e+00
0.0000e+00 1.0000e+00
0.0000e+00 1.0000e+00
0.0000e+00 1.0000e+00
0.0000e+00 1.0000e+00
0.0000e+00 1.0000e+00
0.0000e+00 1.0000e+00
0.0000e+00 1.0000e+00
0.0000e+00 1.0000e+00
0.0000e+00 1.0000e+00
0.0000e+00 1.0000e+00
0.0000e+00 1.0000e+00
0.0000e+00 1.0000e+00
0.0000e+00 1.0000e+00
1.0000e+00 0.0000e+00
1.0000e+00 0.0000e+00
1.0000e+00 0.0000e+00
1.0000e+00 0.0000e+00
1.0000e+00 0.0000e+00
1.0000e+00 0.0000e+00
1.0000e+00 0.0000e+00
1.0000e+00 0.0000e+00
1.0000e+00 0.0000e+00
1.0000e+00 0.0000e+00
1.0000e+00 0.0000e+00
1.0000e+00 0.0000e+00
1.0000e+00 0.0000e+00
1.0000e+00 0.0000e+00
1.0000e+00 0.0000e+00
1.0000e+00 0.0000e+00
1.0000e+00 0.0000e+00
1.0000e+00 0.0000e+00
1.0000e+00 0.0000e+00
1.0000e+00 0.0000e+00
1.0000e+00 0.0000e+00
1.0000e+00 0.0000e+00
1.0000e+00 0.0000e+00
1.0000e+00 0.0000e+00
1.0000e+00 0.0000e+00
1.0000e+00 0.0000e+00
1.0000e+00 0.0000e+00
1.0000e+00 0.0000e+00
1.0000e+00 0.0000e+00
1.0000e+00 0.0000e+00
1.0000e+00 0.0000e+00
1.0000e+00 0.0000e+00
1.0000e+00 0.0000e+00
1.0000e+00 0.0000e+00
1.0000e+00 0.0000e+00
1.0000e+00 0.0000e+00
1.0000e+00 0.0000e+00
1.0000e+00 0.0000e+00
1.0000e+00 0.0000e+00
1.0000e+00 0.0000e+00
1.0000e+00 0.0000e+00
1.0000e+00 0.0000e+00
1.0000e+00 0.0000e+00
1.0000e+00 0.0000e+00
1.0000e+00 0.0000e+00
1.0000e+00 0.0000e+00
1.0000e+00 0.0000e+00
1.0000e+00 0.0000e+00
1.0000e+00 0.0000e+00
1.0000e+00 0.0000e+00
1.0000e+00 0.0000e+00
1.0000e+00 0.0000e+00
1.0000e+00 0.0000e+00
1.0000e+00 0.0000e+00
1.0000e+00 0.0000e+00
1.0000e+00 0.0000e+00
1.0000e+00 0.0000e+00
1.0000e+00 0.0000e+00
1.0000e+00 0.0000e+00
1.0000e+00 0.0000e+00
1.0000e+00 0.0000e+00
1.0000e+00 0.0000e+00
1.0000e+00 0.0000e+00
1.0000e+00 0.0000e+00
1.0000e+00 0.0000e+00
1.0000e+00 0.0000e+00
1.0000e+00 0.0000e+00
1.0000e+00 0.0000e+00
1.0000e+00 0.0000e+00
1.0000e+00 0.0000e+00
1.0000e+00 0.0000e+00
1.0000e+00 0.0000e+00
1.0000e+00 0.0000e+00
1.0000e+00 0.0000e+00
1.0000e+00 0.0000e+00
1.0000e+00 0.0000e+00
1.0000e+00 0.0000e+00
1.0000e+00 0.0000e+00
1.0000e+00 0.0000e+00
1.0000e+00 0.0000e+00
1.0000e+00 0.0000e+00
1.0000e+00 0.0000e+00
1.0000e+00 0.0000e+00
1.0000e+00 0.0000e+00
1.0000e+00 0.0000e+00
1.0000e+00 0.0000e+00
1.0000e+00 0.0000e+00
1.0000e+00 0.0000e+00
1.0000e+00 0.0000e+00
1.0000e+00 0.0000e+00
1.0000e+00 0.0000e+00
1.0000e+00 0.0000e+00
1.0000e+00 0.0000e+00
1.0000e+00 0.0000e+00
1.0000e+00 0.0000e+00
1.0000e+00 0.0000e+00
1.0000e+00 0.0000e+00
1.0000e+00 0.0000e+00
1.0000e+00 0.0000e+00
1.0000e+00 0.0000e+00
1.0000e+00 0.0000e+00
1.0000e+00 0.0000e+00
1.0000e+00 0.0000e+00
1.0000e+00 0.0000e+00
1.0000e+00 0.0000e+00
1.0000e+00 0.0000e+00
1.0000e+00 0.0000e+00
1.0000e+00 0.0000e+00
1.0000e+00 0.0000e+00
1.0000e+00 0.0000e+00
1.0000e+00 0.0000e+00
1.0000e+00 0.0000e+00
1.0000e+00 0.0000e+00
1.0000e+00 0.0000e+00
1.0000e+00 0.0000e+00
1.0000e+00 0.0000e+00
1.0000e+00 0.0000e+00
1.0000e+00 0.0000e+00
1.0000e+00 0.0000e+00
1.0000e+00 0.0000e+00
1.0000e+00 0.0000e+00
1.0000e+00 0.0000e+00
1.0000e+00 0.0000e+00
1.0000e+00 0.0000e+00
1.0000e+00 0.0000e+00
1.0000e+00 0.0000e+00
1.0000e+00 0.0000e+00
1.0000e+00 0.0000e+00
1.0000e+00 0.0000e+00
1.0000e+00 0.0000e+00
1.0000e+00 0.0000e+00
1.0000e+00 0.0000e+00
1.0000e+00 0.0000e+00
1.0000e+00 0.0000e+00
1.0000e+00 0.0000e+00
1.0000e+00 0.0000e+00
1.0000e+00 0.0000e+00
1.0000e+00 0.0000e+00
1.0000e+00 0.0000e+00
1.0000e+00 0.0000e+00
1.0000e+00 0.0000e+00
1.0000e+00 0.0000e+00
1.0000e+00 0.0000e+00
1.0000e+00 0.0000e+00
1.0000e+00 0.0000e+00
1.0000e+00 0.0000e+00
1.0000e+00 0.0000e+00
1.0000e+00 0.0000e+00
1.0000e+00 0.0000e+00
1.0000e+00 0.0000e+00
1.0000e+00 0.0000e+00
1.0000e+00 0.0000e+00
1.0000e+00 0.0000e+00
1.0000e+00 0.0000e+00
1.0000e+00 0.0000e+00
1.0000e+00 0.0000e+00
1.0000e+00 0.0000e+00
1.0000e+00 0.0000e+00
1.0000e+00 0.0000e+00
1.0000e+00 0.0000e+00
1.0000e+00 0.0000e+00
1.0000e+00 0.0000e+00
1.0000e+00 0.0000e+00
1.0000e+00 0.0000e+00
1.0000e+00 0.0000e+00
1.0000e+00 0.0000e+00
1.0000e+00 0.0000e+00
1.0000e+00 0.0000e+00
1.0000e+00 0.0000e+00
1.0000e+00 0.0000e+00
1.0000e+00 0.0000e+00
1.0000e+00 0.0000e+00
1.0000e+00 0.0000e+00
1.0000e+00 0.0000e+00
1.0000e+00 0.0000e+00
1.0000e+00 0.0000e+00
1.0000e+00 0.0000e+00
1.0000e+00 0.0000e+00
1.0000e+00 0.0000e+00
1.0000e+00 0.0000e+00
1.0000e+00 0.0000e+00
1.0000e+00 0.0000e+00
1.0000e+00 0.0000e+00
1.0000e+00 0.0000e+00
1.0000e+00 0.0000e+00
1.0000e+00 0.0000e+00
1.0000e+00 0.0000e+00
1.0000e+00 0.0000e+00
1.0000e+00 0.0000e+00
1.0000e+00 0.0000e+00
1.0000e+00 0.0000e+00
1.0000e+00 0.0000e+00
1.0000e+00 0.0000e+00
1.0000e+00 0.0000e+00
1.0000e+00 0.0000e+00
1.0000e+00 0.0000e+00
1.0000e+00 0.0000e+00
1.0000e+00 0.0000e+00
1.0000e+00 0.0000e+00
1.0000e+00 0.0000e+00
1.0000e+00 0.0000e+00
1.0000e+00 0.0000e+00
1.0000e+00 0.0000e+00
1.0000e+00 0.0000e+00
1.0000e+00 0.0000e+00
1.0000e+00 0.0000e+00
1.0000e+00 0.0000e+00
1.0000e+00 0.0000e+00
1.0000e+00 0.0000e+00
1.0000e+00 0.0000e+00
1.0000e+00 0.0000e+00
1.0000e+00 0.0000e+00
1.0000e+00 0.0000e+00
1.0000e+00 0.0000e+00
1.0000e+00 0.0000e+00
1.0000e+00 0.0000e+00
1.0000e+00 0.0000e+00
1.0000e+00 0.0000e+00
1.0000e+00 0.0000e+00
1.0000e+00 0.0000e+00
1.0000e+00 0.0000e+00
1.0000e+00 0.0000e+00
1.0000e+00 0.0000e+00
1.0000e+00 0.0000e+00
