-1.3165e-01 9.9130e-01
-1.2670e-01 9.9194e-01
-1.2303e-01 9.9240e-01
-1.2303e-01 9.9240e-01
-1.1943e-01 9.9284e-01
-1.1269e-01 9.9363e-01
-9.9645e-02 9.9502e-01
-8.9708e-02 9.9597e-01
-8.9624e-02 9.9598e-01
-8.2070e-02 9.9663e-01
-6.8898e-02 9.9762e-01
-5.2086e-02 9.9864e-01
-4.0949e-02 9.9916e-01
-3.8575e-02 9.9926e-01
-2.1689e-02 9.9976e-01
-3.3415e-03 9.9999e-01
4.8468e-03 9.9999e-01
9.2115e-03 9.9996e-01
1.3425e-02 9.9991e-01
2.9300e-02 9.9957e-01
4.8524e-02 9.9882e-01
6.1273e-02 9.9812e-01
6.6451e-02 9.9779e-01
7.4661e-02 9.9721e-01
9.5382e-02 9.9544e-01
1.0206e-01 9.9478e-01
9.3985e-02 9.9557e-01
9.1730e-02 9.9578e-01
1.0012e-01 9.9498e-01
1.1621e-01 9.9322e-01
1.2053e-01 9.9271e-01
1.1652e-01 9.9319e-01
1.1590e-01 9.9326e-01
1.3173e-01 9.9129e-01
1.5611e-01 9.8774e-01
1.4504e-01 9.8943e-01
1.2461e-01 9.9221e-01
1.2403e-01 9.9228e-01
1.2978e-01 9.9154e-01
1.3555e-01 9.9077e-01
1.2076e-01 9.9268e-01
1.0585e-01 9.9438e-01
1.0585e-01 9.9438e-01
1.2439e-01 9.9223e-01
1.3859e-01 9.9035e-01
1.1267e-01 9.9363e-01
9.0812e-02 9.9587e-01
9.1257e-02 9.9583e-01
1.0735e-01 9.9422e-01
1.0533e-01 9.9444e-01
5.5174e-02 9.9848e-01
2.2512e-02 9.9975e-01
2.1190e-02 9.9978e-01
1.2496e-02 9.9992e-01
-2.6840e-02 9.9964e-01
-9.3042e-02 9.9566e-01
-1.2704e-01 9.9190e-01
-1.3166e-01 9.9130e-01
-1.4799e-01 9.8899e-01
-1.8167e-01 9.8336e-01
-2.1729e-01 9.7611e-01
-2.3104e-01 9.7294e-01
-2.3127e-01 9.7289e-01
-2.3186e-01 9.7275e-01
-2.3186e-01 9.7275e-01
-2.3139e-01 9.7286e-01
-2.3126e-01 9.7289e-01
-2.1469e-01 9.7668e-01
-1.8327e-01 9.8306e-01
-1.6510e-01 9.8628e-01
-1.6117e-01 9.8693e-01
-1.6063e-01 9.8701e-01
-1.4202e-01 9.8986e-01
-1.1357e-01 9.9353e-01
-1.1623e-01 9.9322e-01
-1.2874e-01 9.9168e-01
-1.2891e-01 9.9166e-01
-1.2896e-01 9.9165e-01
-1.2806e-01 9.9177e-01
-1.1957e-01 9.9283e-01
-1.1200e-01 9.9371e-01
-1.1200e-01 9.9371e-01
-1.1286e-01 9.9361e-01
-1.1272e-01 9.9363e-01
-1.0828e-01 9.9412e-01
-1.0484e-01 9.9449e-01
-1.0518e-01 9.9445e-01
-1.1379e-01 9.9351e-01
-1.2056e-01 9.9271e-01
-1.1655e-01 9.9318e-01
-1.1401e-01 9.9348e-01
-1.1400e-01 9.9348e-01
-1.1394e-01 9.9349e-01
-1.1190e-01 9.9372e-01
-1.0788e-01 9.9416e-01
-1.0585e-01 9.9438e-01
-1.0217e-01 9.9477e-01
-8.9595e-02 9.9598e-01
-7.8157e-02 9.9694e-01
-7.4095e-02 9.9725e-01
-7.2554e-02 9.9736e-01
-6.4161e-02 9.9794e-01
-4.4253e-02 9.9902e-01
-3.5414e-02 9.9937e-01
-3.8989e-02 9.9924e-01
-3.9886e-02 9.9920e-01
-2.3947e-02 9.9971e-01
5.2173e-03 9.9999e-01
1.4399e-02 9.9990e-01
9.7943e-03 9.9995e-01
9.2115e-03 9.9996e-01
2.6071e-02 9.9966e-01
5.1120e-02 9.9869e-01
6.3905e-02 9.9796e-01
6.8485e-02 9.9765e-01
6.8486e-02 9.9765e-01
7.7741e-02 9.9697e-01
8.8759e-02 9.9605e-01
8.7006e-02 9.9621e-01
8.3467e-02 9.9651e-01
8.3467e-02 9.9651e-01
9.9204e-02 9.9507e-01
1.1617e-01 9.9323e-01
1.0000e+00 0.0000e+00
1.0000e+00 0.0000e+00
1.0000e+00 0.0000e+00
1.0000e+00 0.0000e+00
1.0000e+00 0.0000e+00
1.0000e+00 0.0000e+00
1.0000e+00 0.0000e+00
1.0000e+00 0.0000e+00
1.0000e+00 0.0000e+00
1.0000e+00 0.0000e+00
1.0000e+00 0.0000e+00
1.0000e+00 0.0000e+00
1.0000e+00 0.0000e+00
1.0000e+00 0.0000e+00
1.0000e+00 0.0000e+00
1.0000e+00 0.0000e+00
1.0000e+00 0.0000e+00
1.0000e+00 0.0000e+00
1.0000e+00 0.0000e+00
1.0000e+00 0.0000e+00
1.0000e+00 0.0000e+00
1.0000e+00 0.0000e+00
1.0000e+00 0.0000e+00
1.0000e+00 0.0000e+00
1.0000e+00 0.0000e+00
1.0000e+00 0.0000e+00
1.0000e+00 0.0000e+00
1.0000e+00 0.0000e+00
1.0000e+00 0.0000e+00
1.0000e+00 0.0000e+00
1.0000e+00 0.0000e+00
1.0000e+00 0.0000e+00
1.0000e+00 0.0000e+00
1.0000e+00 0.0000e+00
1.0000e+00 0.0000e+00
1.0000e+00 0.0000e+00
1.0000e+00 0.0000e+00
1.0000e+00 0.0000e+00
1.0000e+00 0.0000e+00
1.0000e+00 0.0000e+00
1.0000e+00 0.0000e+00
1.0000e+00 0.0000e+00
1.0000e+00 0.0000e+00
1.0000e+00 0.0000e+00
1.0000e+00 0.0000e+00
1.0000e+00 0.0000e+00
1.0000e+00 0.0000e+00
1.0000e+00 0.0000e+00
1.0000e+00 0.0000e+00
1.0000e+00 0.0000e+00
1.0000e+00 0.0000e+00
1.0000e+00 0.0000e+00
1.0000e+00 0.0000e+00
1.0000e+00 0.0000e+00
1.0000e+00 0.0000e+00
1.0000e+00 0.0000e+00
1.0000e+00 0.0000e+00
1.0000e+00 0.0000e+00
1.0000e+00 0.0000e+00
1.0000e+00 0.0000e+00
1.0000e+00 0.0000e+00
1.0000e+00 0.0000e+00
1.0000e+00 0.0000e+00
1.0000e+00 0.0000e+00
1.0000e+00 0.0000e+00
1.0000e+00 0.0000e+00
1.0000e+00 0.0000e+00
1.0000e+00 0.0000e+00
1.0000e+00 0.0000e+00
1.0000e+00 0.0000e+00
1.0000e+00 0.0000e+00
1.0000e+00 0.0000e+00
1.0000e+00 0.0000e+00
1.0000e+00 0.0000e+00
1.0000e+00 0.0000e+00
1.0000e+00 0.0000e+00
1.0000e+00 0.0000e+00
1.0000e+00 0.0000e+00
1.0000e+00 0.0000e+00
1.0000e+00 0.0000e+00
1.0000e+00 0.0000e+00
1.0000e+00 0.0000e+00
1.0000e+00 0.0000e+00
1.0000e+00 0.0000e+00
1.0000e+00 0.0000e+00
1.0000e+00 0.0000e+00
1.0000e+00 0.0000e+00
1.0000e+00 0.0000e+00
1.0000e+00 0.0000e+00
1.0000e+00 0.0000e+00
1.0000e+00 0.0000e+00
1.0000e+00 0.0000e+00
1.0000e+00 0.0000e+00
1.0000e+00 0.0000e+00
1.0000e+00 0.0000e+00
1.0000e+00 0.0000e+00
1.0000e+00 0.0000e+00
1.0000e+00 0.0000e+00
1.0000e+00 0.0000e+00
1.0000e+00 0.0000e+00
1.0000e+00 0.0000e+00
1.0000e+00 0.0000e+00
1.0000e+00 0.0000e+00
1.0000e+00 0.0000e+00
1.0000e+00 0.0000e+00
1.0000e+00 0.0000e+00
1.0000e+00 0.0000e+00
1.0000e+00 0.0000e+00
1.0000e+00 0.0000e+00
1.0000e+00 0.0000e+00
1.0000e+00 0.0000e+00
1.0000e+00 0.0000e+00
1.0000e+00 0.0000e+00
1.0000e+00 0.0000e+00
1.0000e+00 0.0000e+00
1.0000e+00 0.0000e+00
1.0000e+00 0.0000e+00
1.0000e+00 0.0000e+00
1.0000e+00 0.0000e+00
1.0000e+00 0.0000e+00
1.0000e+00 0.0000e+00
1.0000e+00 0.0000e+00
1.0000e+00 0.0000e+00
1.0000e+00 0.0000e+00
1.0000e+00 0.0000e+00
1.0000e+00 0.0000e+00
1.0000e+00 0.0000e+00
1.0000e+00 0.0000e+00
1.0000e+00 0.0000e+00
1.0000e+00 0.0000e+00
1.0000e+00 0.0000e+00
1.0000e+00 0.0000e+00
1.0000e+00 0.0000e+00
1.0000e+00 0.0000e+00
1.0000e+00 0.0000e+00
1.0000e+00 0.0000e+00
1.0000e+00 0.0000e+00
1.0000e+00 0.0000e+00
1.0000e+00 0.0000e+00
1.0000e+00 0.0000e+00
1.0000e+00 0.0000e+00
1.0000e+00 0.0000e+00
1.0000e+00 0.0000e+00
1.0000e+00 0.0000e+00
1.0000e+00 0.0000e+00
1.0000e+00 0.0000e+00
1.0000e+00 0.0000e+00
1.0000e+00 0.0000e+00
1.0000e+00 0.0000e+00
1.0000e+00 0.0000e+00
1.0000e+00 0.0000e+00
1.0000e+00 0.0000e+00
1.0000e+00 0.0000e+00
1.0000e+00 0.0000e+00
1.0000e+00 0.0000e+00
1.0000e+00 0.0000e+00
1.0000e+00 0.0000e+00
1.0000e+00 0.0000e+00
1.0000e+00 0.0000e+00
1.0000e+00 0.0000e+00
1.0000e+00 0.0000e+00
1.0000e+00 0.0000e+00
1.0000e+00 0.0000e+00
1.0000e+00 0.0000e+00
1.0000e+00 0.0000e+00
1.0000e+00 0.0000e+00
1.0000e+00 0.0000e+00
1.0000e+00 0.0000e+00
1.0000e+00 0.0000e+00
1.0000e+00 0.0000e+00
1.0000e+00 0.0000e+00
1.0000e+00 0.0000e+00
1.0000e+00 0.0000e+00
1.0000e+00 0.0000e+00
1.0000e+00 0.0000e+00
1.0000e+00 0.0000e+00
1.0000e+00 0.0000e+00
1.0000e+00 0.0000e+00
1.0000e+00 0.0000e+00
1.0000e+00 0.0000e+00
1.0000e+00 0.0000e+00
1.0000e+00 0.0000e+00
1.0000e+00 0.0000e+00
1.0000e+00 0.0000e+00
1.0000e+00 0.0000e+00
1.0000e+00 0.0000e+00
1.0000e+00 0.0000e+00
1.0000e+00 0.0000e+00
1.0000e+00 0.0000e+00
1.0000e+00 0.0000e+00
1.0000e+00 0.0000e+00
1.0000e+00 0.0000e+00
1.0000e+00 0.0000e+00
1.0000e+00 0.0000e+00
1.0000e+00 0.0000e+00
1.0000e+00 0.0000e+00
1.0000e+00 0.0000e+00
1.0000e+00 0.0000e+00
1.0000e+00 0.0000e+00
1.0000e+00 0.0000e+00
1.0000e+00 0.0000e+00
1.0000e+00 0.0000e+00
1.0000e+00 0.0000e+00
1.0000e+00 0.0000e+00
1.0000e+00 0.0000e+00
1.0000e+00 0.0000e+00
1.0000e+00 0.0000e+00
1.0000e+00 0.0000e+00
1.0000e+00 0.0000e+00
1.0000e+00 0.0000e+00
1.0000e+00 0.0000e+00
1.0000e+00 0.0000e+00
1.0000e+00 0.0000e+00
1.0000e+00 0.0000e+00
1.0000e+00 0.0000e+00
1.0000e+00 0.0000e+00
1.0000e+00 0.0000e+00
1.0000e+00 0.0000e+00
1.0000e+00 0.0000e+00
1.0000e+00 0.0000e+00
1.0000e+00 0.0000e+00
1.0000e+00 0.0000e+00
1.0000e+00 0.0000e+00
1.0000e+00 0.0000e+00
1.0000e+00 0.0000e+00
1.0000e+00 0.0000e+00
1.0000e+00 0.0000e+00
1.0000e+00 0.0000e+00
1.0000e+00 0.0000e+00
1.0000e+00 0.0000e+00
1.0000e+00 0.0000e+00
1.0000e+00 0.0000e+00
1.0000e+00 0.0000e+00
1.0000e+00 0.0000e+00
1.0000e+00 0.0000e+00
1.0000e+00 0.0000e+00
1.0000e+00 0.0000e+00
1.0000e+00 0.0000e+00
1.0000e+00 0.0000e+00
1.0000e+00 0.0000e+00
1.0000e+00 0.0000e+00
1.0000e+00 0.0000e+00
1.0000e+00 0.0000e+00
1.0000e+00 0.0000e+00
1.0000e+00 0.0000e+00
1.0000e+00 0.0000e+00
1.0000e+00 0.0000e+00
1.0000e+00 0.0000e+00
1.0000e+00 0.0000e+00
1.0000e+00 0.0000e+00
1.0000e+00 0.0000e+00
1.0000e+00 0.0000e+00
1.0000e+00 0.0000e+00
1.0000e+00 0.0000e+00
1.0000e+00 0.0000e+00
1.0000e+00 0.0000e+00
1.0000e+00 0.0000e+00
1.0000e+00 0.0000e+00
1.0000e+00 0.0000e+00
1.0000e+00 0.0000e+00
1.0000e+00 0.0000e+00
1.0000e+00 0.0000e+00
1.0000e+00 0.0000e+00
1.0000e+00 0.0000e+00
1.0000e+00 0.0000e+00
1.0000e+00 0.0000e+00
1.0000e+00 0.0000e+00
1.0000e+00 0.0000e+00
1.0000e+00 0.0000e+00
1.0000e+00 0.0000e+00
1.0000e+00 0.0000e+00
1.0000e+00 0.0000e+00
1.0000e+00 0.0000e+00
1.0000e+00 0.0000e+00
1.0000e+00 0.0000e+00
1.0000e+00 0.0000e+00
1.0000e+00 0.0000e+00
1.0000e+00 0.0000e+00
1.0000e+00 0.0000e+00
1.0000e+00 0.0000e+00
1.0000e+00 0.0000e+00
1.0000e+00 0.0000e+00
1.0000e+00 0.0000e+00
1.0000e+00 0.0000e+00
1.0000e+00 0.0000e+00
1.0000e+00 0.0000e+00
1.0000e+00 0.0000e+00
1.0000e+00 0.0000e+00
1.0000e+00 0.0000e+00
1.0000e+00 0.0000e+00
1.0000e+00 0.0000e+00
1.0000e+00 0.0000e+00
1.0000e+00 0.0000e+00
1.0000e+00 0.0000e+00
1.0000e+00 0.0000e+00
1.0000e+00 0.0000e+00
1.0000e+00 0.0000e+00
1.0000e+00 0.0000e+00
1.0000e+00 0.0000e+00
1.0000e+00 0.0000e+00
1.0000e+00 0.0000e+00
1.0000e+00 0.0000e+00
1.0000e+00 0.0000e+00
1.0000e+00 0.0000e+00
1.0000e+00 0.0000e+00
1.0000e+00 0.0000e+00
1.0000e+00 0.0000e+00
1.0000e+00 0.0000e+00
1.0000e+00 0.0000e+00
1.0000e+00 0.0000e+00
1.0000e+00 0.0000e+00
1.0000e+00 0.0000e+00
1.0000e+00 0.0000e+00
1.0000e+00 0.0000e+00
1.0000e+00 0.0000e+00
1.0000e+00 0.0000e+00
1.0000e+00 0.0000e+00
1.0000e+00 0.0000e+00
1.0000e+00 0.0000e+00
1.0000e+00 0.0000e+00
1.0000e+00 0.0000e+00
1.0000e+00 0.0000e+00
1.0000e+00 0.0000e+00
1.0000e+00 0.0000e+00
1.0000e+00 0.0000e+00
1.0000e+00 0.0000e+00
1.0000e+00 0.0000e+00
1.0000e+00 0.0000e+00
1.0000e+00 0.0000e+00
1.0000e+00 0.0000e+00
1.0000e+00 0.0000e+00
1.0000e+00 0.0000e+00
1.0000e+00 0.0000e+00
1.0000e+00 0.0000e+00
1.0000e+00 0.0000e+00
1.0000e+00 0.0000e+00
1.0000e+00 0.0000e+00
1.0000e+00 0.0000e+00
1.0000e+00 0.0000e+00
1.0000e+00 0.0000e+00
1.0000e+00 0.0000e+00
1.0000e+00 0.0000e+00
1.0000e+00 0.0000e+00
1.0000e+00 0.0000e+00
1.0000e+00 0.0000e+00
1.0000e+00 0.0000e+00
1.0000e+00 0.0000e+00
1.0000e+00 0.0000e+00
1.0000e+00 0.0000e+00
1.0000e+00 0.0000e+00
1.0000e+00 0.0000e+00
1.0000e+00 0.0000e+00
1.0000e+00 0.0000e+00
1.0000e+00 0.0000e+00
1.0000e+00 0.0000e+00
1.0000e+00 0.0000e+00
1.0000e+00 0.0000e+00
1.0000e+00 0.0000e+00
1.0000e+00 0.0000e+00
1.0000e+00 0.0000e+00
1.0000e+00 0.0000e+00
1.0000e+00 0.0000e+00
1.0000e+00 0.0000e+00
1.0000e+00 0.0000e+00
1.0000e+00 0.0000e+00
1.0000e+00 0.0000e+00
1.0000e+00 0.0000e+00
1.0000e+00 0.0000e+00
1.0000e+00 0.0000e+00
1.0000e+00 0.0000e+00
1.0000e+00 0.0000e+00
1.0000e+00 0.0000e+00
1.0000e+00 0.0000e+00
1.0000e+00 0.0000e+00
1.0000e+00 0.0000e+00
1.0000e+00 0.0000e+00
1.0000e+00 0.0000e+00
1.0000e+00 0.0000e+00
1.0000e+00 0.0000e+00
1.0000e+00 0.0000e+00
1.0000e+00 0.0000e+00
1.0000e+00 0.0000e+00
1.0000e+00 0.0000e+00
1.0000e+00 0.0000e+00
1.0000e+00 0.0000e+00
1.0000e+00 0.0000e+00
1.0000e+00 0.0000e+00
1.0000e+00 0.0000e+00
1.0000e+00 0.0000e+00
1.0000e+00 0.0000e+00
1.0000e+00 0.0000e+00
1.0000e+00 0.0000e+00
1.0000e+00 0.0000e+00
1.0000e+00 0.0000e+00
1.0000e+00 0.0000e+00
1.0000e+00 0.0000e+00
1.0000e+00 0.0000e+00
1.0000e+00 0.0000e+00
1.0000e+00 0.0000e+00
1.0000e+00 0.0000e+00
1.0000e+00 0.0000e+00
1.0000e+00 0.0000e+00
1.0000e+00 0.0000e+00
1.0000e+00 0.0000e+00
1.0000e+00 0.0000e+00
1.0000e+00 0.0000e+00
1.0000e+00 0.0000e+00
1.0000e+00 0.0000e+00
1.0000e+00 0.0000e+00
1.0000e+00 0.0000e+00
1.0000e+00 0.0000e+00
1.0000e+00 0.0000e+00
1.0000e+00 0.0000e+00
1.0000e+00 0.0000e+00
1.0000e+00 0.0000e+00
1.0000e+00 0.0000e+00
1.0000e+00 0.0000e+00
1.0000e+00 0.0000e+00
1.0000e+00 0.0000e+00
1.0000e+00 0.0000e+00
1.0000e+00 0.0000e+00
1.0000e+00 0.0000e+00
1.0000e+00 0.0000e+00
1.0000e+00 0.0000e+00
1.0000e+00 0.0000e+00
1.0000e+00 0.0000e+00
1.0000e+00 0.0000e+00
1.0000e+00 0.0000e+00
1.0000e+00 0.0000e+00
1.0000e+00 0.0000e+00
1.0000e+00 0.0000e+00
1.0000e+00 0.0000e+00
1.0000e+00 0.0000e+00
1.0000e+00 0.0000e+00
1.0000e+00 0.0000e+00
1.0000e+00 0.0000e+00
1.0000e+00 0.0000e+00
1.0000e+00 0.0000e+00
1.0000e+00 0.0000e+00
1.0000e+00 0.0000e+00
1.0000e+00 0.0000e+00
1.0000e+00 0.0000e+00
1.0000e+00 0.0000e+00
1.0000e+00 0.0000e+00
1.0000e+00 0.0000e+00
1.0000e+00 0.0000e+00
1.0000e+00 0.0000e+00
1.0000e+00 0.0000e+00
1.0000e+00 0.0000e+00
1.0000e+00 0.0000e+00
1.0000e+00 0.0000e+00
1.0000e+00 0.0000e+00
1.0000e+00 0.0000e+00
1.0000e+00 0.0000e+00
1.0000e+00 0.0000e+00
1.0000e+00 0.0000e+00
1.0000e+00 0.0000e+00
1.0000e+00 0.0000e+00
1.0000e+00 0.0000e+00
1.0000e+00 0.0000e+00
1.0000e+00 0.0000e+00
1.0000e+00 0.0000e+00
1.0000e+00 0.0000e+00
1.0000e+00 0.0000e+00
1.0000e+00 0.0000e+00
1.0000e+00 0.0000e+00
1.0000e+00 0.0000e+00
1.0000e+00 0.0000e+00
1.0000e+00 0.0000e+00
1.0000e+00 0.0000e+00
1.0000e+00 0.0000e+00
1.0000e+00 0.0000e+00
1.0000e+00 0.0000e+00
1.0000e+00 0.0000e+00
1.0000e+00 0.0000e+00
1.0000e+00 0.0000e+00
1.0000e+00 0.0000e+00
1.0000e+00 0.0000e+00
1.0000e+00 0.0000e+00
1.0000e+00 0.0000e+00
1.0000e+00 0.0000e+00
1.0000e+00 0.0000e+00
1.0000e+00 0.0000e+00
1.0000e+00 0.0000e+00
1.0000e+00 0.0000e+00
1.0000e+00 0.0000e+00
1.0000e+00 0.0000e+00
1.0000e+00 0.0000e+00
1.0000e+00 0.0000e+00
1.0000e+00 0.0000e+00
1.0000e+00 0.0000e+00
1.0000e+00 0.0000e+00
1.0000e+00 0.0000e+00
1.0000e+00 0.0000e+00
1.0000e+00 0.0000e+00
1.0000e+00 0.0000e+00
1.0000e+00 0.0000e+00
1.0000e+00 0.0000e+00
1.0000e+00 0.0000e+00
1.0000e+00 0.0000e+00
1.0000e+00 0.0000e+00
1.0000e+00 0.0000e+00
1.0000e+00 0.0000e+00
1.0000e+00 0.0000e+00
1.0000e+00 0.0000e+00
1.0000e+00 0.0000e+00
1.0000e+00 0.0000e+00
1.0000e+00 0.0000e+00
1.0000e+00 0.0000e+00
1.0000e+00 0.0000e+00
1.0000e+00 0.0000e+00
1.0000e+00 0.0000e+00
1.0000e+00 0.0000e+00
1.0000e+00 0.0000e+00
1.0000e+00 0.0000e+00
1.0000e+00 0.0000e+00
1.0000e+00 0.0000e+00
1.0000e+00 0.0000e+00
1.0000e+00 0.0000e+00
1.0000e+00 0.0000e+00
1.0000e+00 0.0000e+00
1.0000e+00 0.0000e+00
1.0000e+00 0.0000e+00
1.0000e+00 0.0000e+00
1.0000e+00 0.0000e+00
1.0000e+00 0.0000e+00
1.0000e+00 0.0000e+00
1.0000e+00 0.0000e+00
1.0000e+00 0.0000e+00
1.0000e+00 0.0000e+00
1.0000e+00 0.0000e+00
1.0000e+00 0.0000e+00
1.0000e+00 0.0000e+00
1.0000e+00 0.0000e+00
1.0000e+00 0.0000e+00
1.0000e+00 0.0000e+00
1.0000e+00 0.0000e+00
1.0000e+00 0.0000e+00
1.0000e+00 0.0000e+00
1.0000e+00 0.0000e+00
1.0000e+00 0.0000e+00
1.0000e+00 0.0000e+00
1.0000e+00 0.0000e+00
1.0000e+00 0.0000e+00
1.0000e+00 0.0000e+00
1.0000e+00 0.0000e+00
1.0000e+00 0.0000e+00
1.0000e+00 0.0000e+00
1.0000e+00 0.0000e+00
1.0000e+00 0.0000e+00
1.0000e+00 0.0000e+00
1.0000e+00 0.0000e+00
1.0000e+00 0.0000e+00
1.0000e+00 0.0000e+00
1.0000e+00 0.0000e+00
1.0000e+00 0.0000e+00
1.0000e+00 0.0000e+00
1.0000e+00 0.0000e+00
1.0000e+00 0.0000e+00
1.0000e+00 0.0000e+00
1.0000e+00 0.0000e+00
1.0000e+00 0.0000e+00
1.0000e+00 0.0000e+00
1.0000e+00 0.0000e+00
1.0000e+00 0.0000e+00
1.0000e+00 0.0000e+00
1.0000e+00 0.0000e+00
1.0000e+00 0.0000e+00
1.0000e+00 0.0000e+00
1.0000e+00 0.0000e+00
1.0000e+00 0.0000e+00
1.0000e+00 0.0000e+00
1.0000e+00 0.0000e+00
1.0000e+00 0.0000e+00
1.0000e+00 0.0000e+00
1.0000e+00 0.0000e+00
1.0000e+00 0.0000e+00
1.0000e+00 0.0000e+00
1.0000e+00 0.0000e+00
1.0000e+00 0.0000e+00
1.0000e+00 0.0000e+00
1.0000e+00 0.0000e+00
1.0000e+00 0.0000e+00
1.0000e+00 0.0000e+00
1.0000e+00 0.0000e+00
1.0000e+00 0.0000e+00
1.0000e+00 0.0000e+00
1.0000e+00 0.0000e+00
1.0000e+00 0.0000e+00
1.0000e+00 0.0000e+00
1.0000e+00 0.0000e+00
1.0000e+00 0.0000e+00
1.0000e+00 0.0000e+00
1.0000e+00 0.0000e+00
1.0000e+00 0.0000e+00
1.0000e+00 0.0000e+00
1.0000e+00 0.0000e+00
1.0000e+00 0.0000e+00
1.0000e+00 0.0000e+00
1.0000e+00 0.0000e+00
1.0000e+00 0.0000e+00
1.0000e+00 0.0000e+00
1.0000e+00 0.0000e+00
1.0000e+00 0.0000e+00
1.0000e+00 0.0000e+00
1.0000e+00 0.0000e+00
1.0000e+00 0.0000e+00
1.0000e+00 0.0000e+00
1.0000e+00 0.0000e+00
1.0000e+00 0.0000e+00
1.0000e+00 0.0000e+00
1.0000e+00 0.0000e+00
1.0000e+00 0.0000e+00
1.0000e+00 0.0000e+00
1.0000e+00 0.0000e+00
1.0000e+00 0.0000e+00
1.0000e+00 0.0000e+00
1.0000e+00 0.0000e+00
1.0000e+00 0.0000e+00
1.0000e+00 0.0000e+00
1.0000e+00 0.0000e+00
1.0000e+00 0.0000e+00
1.0000e+00 0.0000e+00
1.0000e+00 0.0000e+00
1.0000e+00 0.0000e+00
1.0000e+00 0.0000e+00
1.0000e+00 0.0000e+00
1.0000e+00 0.0000e+00
1.0000e+00 0.0000e+00
1.0000e+00 0.0000e+00
1.0000e+00 0.0000e+00
1.0000e+00 0.0000e+00
1.0000e+00 0.0000e+00
1.0000e+00 0.0000e+00
1.0000e+00 0.0000e+00
1.0000e+00 0.0000e+00
1.0000e+00 0.0000e+00
1.0000e+00 0.0000e+00
1.0000e+00 0.0000e+00
1.0000e+00 0.0000e+00
1.0000e+00 0.0000e+00
1.0000e+00 0.0000e+00
1.0000e+00 0.0000e+00
1.0000e+00 0.0000e+00
1.0000e+00 0.0000e+00
1.0000e+00 0.0000e+00
1.0000e+00 0.0000e+00
1.0000e+00 0.0000e+00
1.0000e+00 0.0000e+00
1.0000e+00 0.0000e+00
1.0000e+00 0.0000e+00
1.0000e+00 0.0000e+00
1.0000e+00 0.0000e+00
1.0000e+00 0.0000e+00
1.0000e+00 0.0000e+00
1.0000e+00 0.0000e+00
1.0000e+00 0.0000e+00
1.0000e+00 0.0000e+00
1.0000e+00 0.0000e+00
1.0000e+00 0.0000e+00
1.0000e+00 0.0000e+00
1.0000e+00 0.0000e+00
1.0000e+00 0.0000e+00
1.0000e+00 0.0000e+00
1.0000e+00 0.0000e+00
1.0000e+00 0.0000e+00
1.0000e+00 0.0000e+00
1.0000e+00 0.0000e+00
1.0000e+00 0.0000e+00
1.0000e+00 0.0000e+00
1.0000e+00 0.0000e+00
1.0000e+00 0.0000e+00
1.0000e+00 0.0000e+00
1.0000e+00 0.0000e+00
1.0000e+00 0.0000e+00
1.0000e+00 0.0000e+00
1.0000e+00 0.0000e+00
1.0000e+00 0.0000e+00
1.0000e+00 0.0000e+00
1.0000e+00 0.0000e+00
1.0000e+00 0.0000e+00
1.0000e+00 0.0000e+00
1.0000e+00 0.0000e+00
1.0000e+00 0.0000e+00
1.0000e+00 0.0000e+00
1.0000e+00 0.0000e+00
1.0000e+00 0.0000e+00
1.0000e+00 0.0000e+00
1.0000e+00 0.0000e+00
1.0000e+00 0.0000e+00
1.0000e+00 0.0000e+00
1.0000e+00 0.0000e+00
1.0000e+00 0.0000e+00
1.0000e+00 0.0000e+00
1.0000e+00 0.0000e+00
1.0000e+00 0.0000e+00
1.0000e+00 0.0000e+00
1.0000e+00 0.0000e+00
1.0000e+00 0.0000e+00
1.0000e+00 0.0000e+00
1.0000e+00 0.0000e+00
1.0000e+00 0.0000e+00
1.0000e+00 0.0000e+00
1.0000e+00 0.0000e+00
1.0000e+00 0.0000e+00
1.0000e+00 0.0000e+00
1.0000e+00 0.0000e+00
1.0000e+00 0.0000e+00
1.0000e+00 0.0000e+00
1.0000e+00 0.0000e+00
1.0000e+00 0.0000e+00
1.0000e+00 0.0000e+00
1.0000e+00 0.0000e+00
1.0000e+00 0.0000e+00
1.0000e+00 0.0000e+00
1.0000e+00 0.0000e+00
1.0000e+00 0.0000e+00
1.0000e+00 0.0000e+00
1.0000e+00 0.0000e+00
1.0000e+00 0.0000e+00
1.0000e+00 0.0000e+00
1.0000e+00 0.0000e+00
1.0000e+00 0.0000e+00
1.0000e+00 0.0000e+00
1.0000e+00 0.0000e+00
1.0000e+00 0.0000e+00
1.0000e+00 0.0000e+00
1.0000e+00 0.0000e+00
1.0000e+00 0.0000e+00
1.0000e+00 0.0000e+00
1.0000e+00 0.0000e+00
1.0000e+00 0.0000e+00
1.0000e+00 0.0000e+00
1.0000e+00 0.0000e+00
1.0000e+00 0.0000e+00
1.0000e+00 0.0000e+00
1.0000e+00 0.0000e+00
1.0000e+00 0.0000e+00
1.0000e+00 0.0000e+00
1.0000e+00 0.0000e+00
1.0000e+00 0.0000e+00
1.0000e+00 0.0000e+00
1.0000e+00 0.0000e+00
1.0000e+00 0.0000e+00
1.0000e+00 0.0000e+00
1.0000e+00 0.0000e+00
1.0000e+00 0.0000e+00
1.0000e+00 0.0000e+00
1.0000e+00 0.0000e+00
0.0000e+00 1.0000e+00
0.0000e+00 1.0000e+00
0.0000e+00 1.0000e+00
0.0000e+00 1.0000e+00
0.0000e+00 1.0000e+00
0.0000e+00 1.0000e+00
0.0000e+00 1.0000e+00
0.0000e+00 1.0000e+00
0.0000e+00 1.0000e+00
0.0000e+00 1.0000e+00
0.0000e+00 1.0000e+00
0.0000e+00 1.0000e+00
0.0000e+00 1.0000e+00
0.0000e+00 1.0000e+00
0.0000e+00 1.0000e+00
0.0000e+00 1.0000e+00
0.0000e+00 1.0000e+00
0.0000e+00 1.0000e+00
0.0000e+00 1.0000e+00
0.0000e+00 1.0000e+00
0.0000e+00 1.0000e+00
0.0000e+00 1.0000e+00
0.0000e+00 1.0000e+00
0.0000e+00 1.0000e+00
0.0000e+00 1.0000e+00
0.0000e+00 1.0000e+00
0.0000e+00 1.0000e+00
0.0000e+00 1.0000e+00
0.0000e+00 1.0000e+00
0.0000e+00 1.0000e+00
0.0000e+00 1.0000e+00
0.0000e+00 1.0000e+00
0.0000e+00 1.0000e+00
0.0000e+00 1.0000e+00
0.0000e+00 1.0000e+00
0.0000e+00 1.0000e+00
0.0000e+00 1.0000e+00
0.0000e+00 1.0000e+00
0.0000e+00 1.0000e+00
0.0000e+00 1.0000e+00
0.0000e+00 1.0000e+00
0.0000e+00 1.0000e+00
0.0000e+00 1.0000e+00
0.0000e+00 1.0000e+00
0.0000e+00 1.0000e+00
0.0000e+00 1.0000e+00
0.0000e+00 1.0000e+00
0.0000e+00 1.0000e+00
0.0000e+00 1.0000e+00
0.0000e+00 1.0000e+00
0.0000e+00 1.0000e+00
0.0000e+00 1.0000e+00
0.0000e+00 1.0000e+00
0.0000e+00 1.0000e+00
0.0000e+00 1.0000e+00
0.0000e+00 1.0000e+00
0.0000e+00 1.0000e+00
0.0000e+00 1.0000e+00
0.0000e+00 1.0000e+00
0.0000e+00 1.0000e+00
0.0000e+00 1.0000e+00
0.0000e+00 1.0000e+00
0.0000e+00 1.0000e+00
0.0000e+00 1.0000e+00
0.0000e+00 1.0000e+00
0.0000e+00 1.0000e+00
0.0000e+00 1.0000e+00
0.0000e+00 1.0000e+00
0.0000e+00 1.0000e+00
0.0000e+00 1.0000e+00
0.0000e+00 1.0000e+00
0.0000e+00 1.0000e+00
0.0000e+00 1.0000e+00
0.0000e+00 1.0000e+00
0.0000e+00 1.0000e+00
0.0000e+00 1.0000e+00
0.0000e+00 1.0000e+00
0.0000e+00 1.0000e+00
0.0000e+00 1.0000e+00
0.0000e+00 1.0000e+00
0.0000e+00 1.0000e+00
0.0000e+00 1.0000e+00
0.0000e+00 1.0000e+00
0.0000e+00 1.0000e+00
0.0000e+00 1.0000e+00
0.0000e+00 1.0000e+00
0.0000e+00 1.0000e+00
0.0000e+00 1.0000e+00
0.0000e+00 1.0000e+00
0.0000e+00 1.0000e+00
0.0000e+00 1.0000e+00
0.0000e+00 1.0000e+00
0.0000e+00 1.0000e+00
0.0000e+00 1.0000e+00
0.0000e+00 1.0000e+00
0.0000e+00 1.0000e+00
0.0000e+00 1.0000e+00
0.0000e+00 1.0000e+00
0.0000e+00 1.0000e+00
0.0000e+00 1.0000e+00
0.0000e+00 1.0000e+00
0.0000e+00 1.0000e+00
0.0000e+00 1.0000e+00
0.0000e+00 1.0000e+00
0.0000e+00 1.0000e+00
0.0000e+00 1.0000e+00
0.0000e+00 1.0000e+00
0.0000e+00 1.0000e+00
0.0000e+00 1.0000e+00
0.0000e+00 1.0000e+00
0.0000e+00 1.0000e+00
0.0000e+00 1.0000e+00
0.0000e+00 1.0000e+00
0.0000e+00 1.0000e+00
0.0000e+00 1.0000e+00
0.0000e+00 1.0000e+00
0.0000e+00 1.0000e+00
0.0000e+00 1.0000e+00
0.0000e+00 1.0000e+00
0.0000e+00 1.0000e+00
0.0000e+00 1.0000e+00
0.0000e+00 1.0000e+00
0.0000e+00 1.0000e+00
1.0000e+00 0.0000e+00
1.0000e+00 0.0000e+00
1.0000e+00 0.0000e+00
1.0000e+00 0.0000e+00
1.0000e+00 0.0000e+00
1.0000e+00 0.0000e+00
1.0000e+00 0.0000e+00
1.0000e+00 0.0000e+00
1.0000e+00 0.0000e+00
1.0000e+00 0.0000e+00
1.0000e+00 0.0000e+00
1.0000e+00 0.0000e+00
1.0000e+00 0.0000e+00
1.0000e+00 0.0000e+00
1.0000e+00 0.0000e+00
1.0000e+00 0.0000e+00
1.0000e+00 0.0000e+00
1.0000e+00 0.0000e+00
1.0000e+00 0.0000e+00
1.0000e+00 0.0000e+00
1.0000e+00 0.0000e+00
1.0000e+00 0.0000e+00
1.0000e+00 0.0000e+00
1.0000e+00 0.0000e+00
1.0000e+00 0.0000e+00
1.0000e+00 0.0000e+00
1.0000e+00 0.0000e+00
1.0000e+00 0.0000e+00
1.0000e+00 0.0000e+00
1.0000e+00 0.0000e+00
1.0000e+00 0.0000e+00
1.0000e+00 0.0000e+00
1.0000e+00 0.0000e+00
1.0000e+00 0.0000e+00
1.0000e+00 0.0000e+00
1.0000e+00 0.0000e+00
1.0000e+00 0.0000e+00
1.0000e+00 0.0000e+00
1.0000e+00 0.0000e+00
1.0000e+00 0.0000e+00
1.0000e+00 0.0000e+00
1.0000e+00 0.0000e+00
1.0000e+00 0.0000e+00
1.0000e+00 0.0000e+00
1.0000e+00 0.0000e+00
1.0000e+00 0.0000e+00
1.0000e+00 0.0000e+00
1.0000e+00 0.0000e+00
1.0000e+00 0.0000e+00
1.0000e+00 0.0000e+00
1.0000e+00 0.0000e+00
1.0000e+00 0.0000e+00
1.0000e+00 0.0000e+00
1.0000e+00 0.0000e+00
1.0000e+00 0.0000e+00
1.0000e+00 0.0000e+00
1.0000e+00 0.0000e+00
1.0000e+00 0.0000e+00
1.0000e+00 0.0000e+00
1.0000e+00 0.0000e+00
1.0000e+00 0.0000e+00
1.0000e+00 0.0000e+00
1.0000e+00 0.0000e+00
1.0000e+00 0.0000e+00
1.0000e+00 0.0000e+00
1.0000e+00 0.0000e+00
1.0000e+00 0.0000e+00
1.0000e+00 0.0000e+00
1.0000e+00 0.0000e+00
1.0000e+00 0.0000e+00
1.0000e+00 0.0000e+00
1.0000e+00 0.0000e+00
1.0000e+00 0.0000e+00
1.0000e+00 0.0000e+00
1.0000e+00 0.0000e+00
1.0000e+00 0.0000e+00
1.0000e+00 0.0000e+00
1.0000e+00 0.0000e+00
1.0000e+00 0.0000e+00
1.0000e+00 0.0000e+00
1.0000e+00 0.0000e+00
1.0000e+00 0.0000e+00
1.0000e+00 0.0000e+00
1.0000e+00 0.0000e+00
1.0000e+00 0.0000e+00
1.0000e+00 0.0000e+00
1.0000e+00 0.0000e+00
1.0000e+00 0.0000e+00
1.0000e+00 0.0000e+00
1.0000e+00 0.0000e+00
1.0000e+00 0.0000e+00
1.0000e+00 0.0000e+00
1.0000e+00 0.0000e+00
1.0000e+00 0.0000e+00
1.0000e+00 0.0000e+00
1.0000e+00 0.0000e+00
1.0000e+00 0.0000e+00
1.0000e+00 0.0000e+00
1.0000e+00 0.0000e+00
1.0000e+00 0.0000e+00
1.0000e+00 0.0000e+00
1.0000e+00 0.0000e+00
1.0000e+00 0.0000e+00
1.0000e+00 0.0000e+00
1.0000e+00 0.0000e+00
1.0000e+00 0.0000e+00
1.0000e+00 0.0000e+00
1.0000e+00 0.0000e+00
1.0000e+00 0.0000e+00
1.0000e+00 0.0000e+00
1.0000e+00 0.0000e+00
1.0000e+00 0.0000e+00
1.0000e+00 0.0000e+00
1.0000e+00 0.0000e+00
1.0000e+00 0.0000e+00
1.0000e+00 0.0000e+00
1.0000e+00 0.0000e+00
1.0000e+00 0.0000e+00
1.0000e+00 0.0000e+00
1.0000e+00 0.0000e+00
1.0000e+00 0.0000e+00
1.0000e+00 0.0000e+00
1.0000e+00 0.0000e+00
1.0000e+00 0.0000e+00
1.0000e+00 0.0000e+00
1.0000e+00 0.0000e+00
1.0000e+00 0.0000e+00
1.0000e+00 0.0000e+00
1.0000e+00 0.0000e+00
1.0000e+00 0.0000e+00
1.0000e+00 0.0000e+00
1.0000e+00 0.0000e+00
1.0000e+00 0.0000e+00
1.0000e+00 0.0000e+00
1.0000e+00 0.0000e+00
1.0000e+00 0.0000e+00
1.0000e+00 0.0000e+00
1.0000e+00 0.0000e+00
1.0000e+00 0.0000e+00
1.0000e+00 0.0000e+00
1.0000e+00 0.0000e+00
1.0000e+00 0.0000e+00
1.0000e+00 0.0000e+00
1.0000e+00 0.0000e+00
1.0000e+00 0.0000e+00
1.0000e+00 0.0000e+00
1.0000e+00 0.0000e+00
1.0000e+00 0.0000e+00
1.0000e+00 0.0000e+00
1.0000e+00 0.0000e+00
1.0000e+00 0.0000e+00
1.0000e+00 0.0000e+00
1.0000e+00 0.0000e+00
1.0000e+00 0.0000e+00
1.0000e+00 0.0000e+00
1.0000e+00 0.0000e+00
1.0000e+00 0.0000e+00
1.0000e+00 0.0000e+00
1.0000e+00 0.0000e+00
1.0000e+00 0.0000e+00
1.0000e+00 0.0000e+00
1.0000e+00 0.0000e+00
1.0000e+00 0.0000e+00
1.0000e+00 0.0000e+00
1.0000e+00 0.0000e+00
1.0000e+00 0.0000e+00
1.0000e+00 0.0000e+00
1.0000e+00 0.0000e+00
1.0000e+00 0.0000e+00
1.0000e+00 0.0000e+00
1.0000e+00 0.0000e+00
1.0000e+00 0.0000e+00
1.0000e+00 0.0000e+00
1.0000e+00 0.0000e+00
1.0000e+00 0.0000e+00
1.0000e+00 0.0000e+00
1.0000e+00 0.0000e+00
1.0000e+00 0.0000e+00
1.0000e+00 0.0000e+00
1.0000e+00 0.0000e+00
1.0000e+00 0.0000e+00
1.0000e+00 0.0000e+00
1.0000e+00 0.0000e+00
1.0000e+00 0.0000e+00
1.0000e+00 0.0000e+00
1.0000e+00 0.0000e+00
1.0000e+00 0.0000e+00
1.0000e+00 0.0000e+00
1.0000e+00 0.0000e+00
1.0000e+00 0.0000e+00
1.0000e+00 0.0000e+00
1.0000e+00 0.0000e+00
1.0000e+00 0.0000e+00
1.0000e+00 0.0000e+00
1.0000e+00 0.0000e+00
1.0000e+00 0.0000e+00
1.0000e+00 0.0000e+00
1.0000e+00 0.0000e+00
1.0000e+00 0.0000e+00
1.0000e+00 0.0000e+00
1.0000e+00 0.0000e+00
1.0000e+00 0.0000e+00
1.0000e+00 0.0000e+00
1.0000e+00 0.0000e+00
1.0000e+00 0.0000e+00
1.0000e+00 0.0000e+00
1.0000e+00 0.0000e+00
1.0000e+00 0.0000e+00
1.0000e+00 0.0000e+00
1.0000e+00 0.0000e+00
1.0000e+00 0.0000e+00
1.0000e+00 0.0000e+00
1.0000e+00 0.0000e+00
1.0000e+00 0.0000e+00
1.0000e+00 0.0000e+00
1.0000e+00 0.0000e+00
1.0000e+00 0.0000e+00
1.0000e+00 0.0000e+00
1.0000e+00 0.0000e+00
1.0000e+00 0.0000e+00
1.0000e+00 0.0000e+00
1.0000e+00 0.0000e+00
1.0000e+00 0.0000e+00
1.0000e+00 0.0000e+00
1.0000e+00 0.0000e+00
1.0000e+00 0.0000e+00
1.0000e+00 0.0000e+00
1.0000e+00 0.0000e+00
1.0000e+00 0.0000e+00
1.0000e+00 0.0000e+00
1.0000e+00 0.0000e+00
1.0000e+00 0.0000e+00
1.0000e+00 0.0000e+00
1.0000e+00 0.0000e+00
1.0000e+00 0.0000e+00
1.0000e+00 0.0000e+00
1.0000e+00 0.0000e+00
1.0000e+00 0.0000e+00
1.0000e+00 0.0000e+00
1.0000e+00 0.0000e+00
1.0000e+00 0.0000e+00
1.0000e+00 0.0000e+00
1.0000e+00 0.0000e+00
1.0000e+00 0.0000e+00
1.0000e+00 0.0000e+00
1.0000e+00 0.0000e+00
1.0000e+00 0.0000e+00
1.0000e+00 0.0000e+00
1.0000e+00 0.0000e+00
1.0000e+00 0.0000e+00
1.0000e+00 0.0000e+00
1.0000e+00 0.0000e+00
1.0000e+00 0.0000e+00
1.0000e+00 0.0000e+00
1.0000e+00 0.0000e+00
1.0000e+00 0.0000e+00
1.0000e+00 0.0000e+00
1.0000e+00 0.0000e+00
1.0000e+00 0.0000e+00
1.0000e+00 0.0000e+00
1.0000e+00 0.0000e+00
1.0000e+00 0.0000e+00
1.0000e+00 0.0000e+00
1.0000e+00 0.0000e+00
1.0000e+00 0.0000e+00
1.0000e+00 0.0000e+00
1.0000e+00 0.0000e+00
1.0000e+00 0.0000e+00
1.0000e+00 0.0000e+00
1.0000e+00 0.0000e+00
1.0000e+00 0.0000e+00
1.0000e+00 0.0000e+00
1.0000e+00 0.0000e+00
1.0000e+00 0.0000e+00
1.0000e+00 0.0000e+00
1.0000e+00 0.0000e+00
1.0000e+00 0.0000e+00
1.0000e+00 0.0000e+00
1.0000e+00 0.0000e+00
1.0000e+00 0.0000e+00
1.0000e+00 0.0000e+00
1.0000e+00 0.0000e+00
1.0000e+00 0.0000e+00
1.0000e+00 0.0000e+00
1.0000e+00 0.0000e+00
1.0000e+00 0.0000e+00
1.0000e+00 0.0000e+00
1.0000e+00 0.0000e+00
1.0000e+00 0.0000e+00
1.0000e+00 0.0000e+00
1.0000e+00 0.0000e+00
1.0000e+00 0.0000e+00
1.0000e+00 0.0000e+00
1.0000e+00 0.0000e+00
1.0000e+00 0.0000e+00
1.0000e+00 0.0000e+00
1.0000e+00 0.0000e+00
1.0000e+00 0.0000e+00
1.0000e+00 0.0000e+00
1.0000e+00 0.0000e+00
1.0000e+00 0.0000e+00
1.0000e+00 0.0000e+00
1.0000e+00 0.0000e+00
1.0000e+00 0.0000e+00
1.0000e+00 0.0000e+00
1.0000e+00 0.0000e+00
1.0000e+00 0.0000e+00
1.0000e+00 0.0000e+00
1.0000e+00 0.0000e+00
1.0000e+00 0.0000e+00
1.0000e+00 0.0000e+00
1.0000e+00 0.0000e+00
1.0000e+00 0.0000e+00
1.0000e+00 0.0000e+00
1.0000e+00 0.0000e+00
1.0000e+00 0.0000e+00
1.0000e+00 0.0000e+00
1.0000e+00 0.0000e+00
1.0000e+00 0.0000e+00
1.0000e+00 0.0000e+00
1.0000e+00 0.0000e+00
1.0000e+00 0.0000e+00
1.0000e+00 0.0000e+00
1.0000e+00 0.0000e+00
1.0000e+00 0.0000e+00
1.0000e+00 0.0000e+00
1.0000e+00 0.0000e+00
1.0000e+00 0.0000e+00
1.0000e+00 0.0000e+00
1.0000e+00 0.0000e+00
1.0000e+00 0.0000e+00
1.0000e+00 0.0000e+00
1.0000e+00 0.0000e+00
1.0000e+00 0.0000e+00
1.0000e+00 0.0000e+00
1.0000e+00 0.0000e+00
1.0000e+00 0.0000e+00
1.0000e+00 0.0000e+00
1.0000e+00 0.0000e+00
1.0000e+00 0.0000e+00
1.0000e+00 0.0000e+00
1.0000e+00 0.0000e+00
1.0000e+00 0.0000e+00
1.0000e+00 0.0000e+00
1.0000e+00 0.0000e+00
1.0000e+00 0.0000e+00
1.0000e+00 0.0000e+00
1.0000e+00 0.0000e+00
1.0000e+00 0.0000e+00
1.0000e+00 0.0000e+00
1.0000e+00 0.0000e+00
1.0000e+00 0.0000e+00
1.0000e+00 0.0000e+00
1.0000e+00 0.0000e+00
1.0000e+00 0.0000e+00
1.0000e+00 0.0000e+00
1.0000e+00 0.0000e+00
1.0000e+00 0.0000e+00
1.0000e+00 0.0000e+00
1.0000e+00 0.0000e+00
1.0000e+00 0.0000e+00
1.0000e+00 0.0000e+00
1.0000e+00 0.0000e+00
1.0000e+00 0.0000e+00
1.0000e+00 0.0000e+00
1.0000e+00 0.0000e+00
1.0000e+00 0.0000e+00
1.0000e+00 0.0000e+00
1.0000e+00 0.0000e+00
1.0000e+00 0.0000e+00
1.0000e+00 0.0000e+00
1.0000e+00 0.0000e+00
1.0000e+00 0.0000e+00
1.0000e+00 0.0000e+00
1.0000e+00 0.0000e+00
1.0000e+00 0.0000e+00
1.0000e+00 0.0000e+00
1.0000e+00 0.0000e+00
1.0000e+00 0.0000e+00
1.0000e+00 0.0000e+00
1.0000e+00 0.0000e+00
1.0000e+00 0.0000e+00
1.0000e+00 0.0000e+00
1.0000e+00 0.0000e+00
1.0000e+00 0.0000e+00
1.0000e+00 0.0000e+00
1.0000e+00 0.0000e+00
1.0000e+00 0.0000e+00
1.0000e+00 0.0000e+00
1.0000e+00 0.0000e+00
1.0000e+00 0.0000e+00
1.0000e+00 0.0000e+00
1.0000e+00 0.0000e+00
1.0000e+00 0.0000e+00
1.0000e+00 0.0000e+00
1.0000e+00 0.0000e+00
1.0000e+00 0.0000e+00
1.0000e+00 0.0000e+00
1.0000e+00 0.0000e+00
1.0000e+00 0.0000e+00
1.0000e+00 0.0000e+00
1.0000e+00 0.0000e+00
1.0000e+00 0.0000e+00
1.0000e+00 0.0000e+00
1.0000e+00 0.0000e+00
1.0000e+00 0.0000e+00
1.0000e+00 0.0000e+00
1.0000e+00 0.0000e+00
1.0000e+00 0.0000e+00
1.0000e+00 0.0000e+00
1.0000e+00 0.0000e+00
1.0000e+00 0.0000e+00
1.0000e+00 0.0000e+00
1.0000e+00 0.0000e+00
1.0000e+00 0.0000e+00
1.0000e+00 0.0000e+00
1.0000e+00 0.0000e+00
1.0000e+00 0.0000e+00
1.0000e+00 0.0000e+00
1.0000e+00 0.0000e+00
1.0000e+00 0.0000e+00
1.0000e+00 0.0000e+00
1.0000e+00 0.0000e+00
1.0000e+00 0.0000e+00
1.0000e+00 0.0000e+00
1.0000e+00 0.0000e+00
1.0000e+00 0.0000e+00
1.0000e+00 0.0000e+00
1.0000e+00 0.0000e+00
1.0000e+00 0.0000e+00
1.0000e+00 0.0000e+00
1.0000e+00 0.0000e+00
1.0000e+00 0.0000e+00
1.0000e+00 0.0000e+00
1.0000e+00 0.0000e+00
1.0000e+00 0.0000e+00
1.0000e+00 0.0000e+00
1.0000e+00 0.0000e+00
1.0000e+00 0.0000e+00
1.0000e+00 0.0000e+00
1.0000e+00 0.0000e+00
1.0000e+00 0.0000e+00
1.0000e+00 0.0000e+00
1.0000e+00 0.0000e+00
1.0000e+00 0.0000e+00
1.0000e+00 0.0000e+00
1.0000e+00 0.0000e+00
1.0000e+00 0.0000e+00
1.0000e+00 0.0000e+00
1.0000e+00 0.0000e+00
1.0000e+00 0.0000e+00
1.0000e+00 0.0000e+00
1.0000e+00 0.0000e+00
1.0000e+00 0.0000e+00
1.0000e+00 0.0000e+00
1.0000e+00 0.0000e+00
1.0000e+00 0.0000e+00
1.0000e+00 0.0000e+00
1.0000e+00 0.0000e+00
1.0000e+00 0.0000e+00
1.0000e+00 0.0000e+00
1.0000e+00 0.0000e+00
1.0000e+00 0.0000e+00
1.0000e+00 0.0000e+00
1.0000e+00 0.0000e+00
1.0000e+00 0.0000e+00
1.0000e+00 0.0000e+00
1.0000e+00 0.0000e+00
1.0000e+00 0.0000e+00
1.0000e+00 0.0000e+00
1.0000e+00 0.0000e+00
1.0000e+00 0.0000e+00
1.0000e+00 0.0000e+00
1.0000e+00 0.0000e+00
1.0000e+00 0.0000e+00
1.0000e+00 0.0000e+00
1.0000e+00 0.0000e+00
1.0000e+00 0.0000e+00
1.0000e+00 0.0000e+00
1.0000e+00 0.0000e+00
1.0000e+00 0.0000e+00
1.0000e+00 0.0000e+00
1.0000e+00 0.0000e+00
1.0000e+00 0.0000e+00
1.0000e+00 0.0000e+00
1.0000e+00 0.0000e+00
1.0000e+00 0.0000e+00
1.0000e+00 0.0000e+00
1.0000e+00 0.0000e+00
1.0000e+00 0.0000e+00
1.0000e+00 0.0000e+00
1.0000e+00 0.0000e+00
1.0000e+00 0.0000e+00
1.0000e+00 0.0000e+00
1.0000e+00 0.0000e+00
1.0000e+00 0.0000e+00
1.0000e+00 0.0000e+00
1.0000e+00 0.0000e+00
1.0000e+00 0.0000e+00
1.0000e+00 0.0000e+00
1.0000e+00 0.0000e+00
1.0000e+00 0.0000e+00
1.0000e+00 0.0000e+00
1.0000e+00 0.0000e+00
1.0000e+00 0.0000e+00
1.0000e+00 0.0000e+00
1.0000e+00 0.0000e+00
1.0000e+00 0.0000e+00
1.0000e+00 0.0000e+00
1.0000e+00 0.0000e+00
1.0000e+00 0.0000e+00
1.0000e+00 0.0000e+00
1.0000e+00 0.0000e+00
1.0000e+00 0.0000e+00
1.0000e+00 0.0000e+00
1.0000e+00 0.0000e+00
1.0000e+00 0.0000e+00
1.0000e+00 0.0000e+00
1.0000e+00 0.0000e+00
1.0000e+00 0.0000e+00
1.0000e+00 0.0000e+00
1.0000e+00 0.0000e+00
1.0000e+00 0.0000e+00
1.0000e+00 0.0000e+00
1.0000e+00 0.0000e+00
1.0000e+00 0.0000e+00
1.0000e+00 0.0000e+00
1.0000e+00 0.0000e+00
1.0000e+00 0.0000e+00
1.0000e+00 0.0000e+00
1.0000e+00 0.0000e+00
1.0000e+00 0.0000e+00
1.0000e+00 0.0000e+00
1.0000e+00 0.0000e+00
1.0000e+00 0.0000e+00
1.0000e+00 0.0000e+00
1.0000e+00 0.0000e+00
1.0000e+00 0.0000e+00
1.0000e+00 0.0000e+00
1.0000e+00 0.0000e+00
1.0000e+00 0.0000e+00
1.0000e+00 0.0000e+00
1.0000e+00 0.0000e+00
1.0000e+00 0.0000e+00
1.0000e+00 0.0000e+00
1.0000e+00 0.0000e+00
1.0000e+00 0.0000e+00
1.0000e+00 0.0000e+00
1.0000e+00 0.0000e+00
1.0000e+00 0.0000e+00
1.0000e+00 0.0000e+00
1.0000e+00 0.0000e+00
1.0000e+00 0.0000e+00
1.0000e+00 0.0000e+00
1.0000e+00 0.0000e+00
1.0000e+00 0.0000e+00
1.0000e+00 0.0000e+00
1.0000e+00 0.0000e+00
1.0000e+00 0.0000e+00
1.0000e+00 0.0000e+00
1.0000e+00 0.0000e+00
1.0000e+00 0.0000e+00
1.0000e+00 0.0000e+00
1.0000e+00 0.0000e+00
1.0000e+00 0.0000e+00
1.0000e+00 0.0000e+00
1.0000e+00 0.0000e+00
1.0000e+00 0.0000e+00
1.0000e+00 0.0000e+00
1.0000e+00 0.0000e+00
1.0000e+00 0.0000e+00
1.0000e+00 0.0000e+00
1.0000e+00 0.0000e+00
1.0000e+00 0.0000e+00
1.0000e+00 0.0000e+00
1.0000e+00 0.0000e+00
1.0000e+00 0.0000e+00
1.0000e+00 0.0000e+00
1.0000e+00 0.0000e+00
1.0000e+00 0.0000e+00
1.0000e+00 0.0000e+00
1.0000e+00 0.0000e+00
1.0000e+00 0.0000e+00
1.0000e+00 0.0000e+00
1.0000e+00 0.0000e+00
1.0000e+00 0.0000e+00
1.0000e+00 0.0000e+00
1.0000e+00 0.0000e+00
1.0000e+00 0.0000e+00
1.0000e+00 0.0000e+00
1.0000e+00 0.0000e+00
1.0000e+00 0.0000e+00
1.0000e+00 0.0000e+00
1.0000e+00 0.0000e+00
1.0000e+00 0.0000e+00
1.0000e+00 0.0000e+00
1.0000e+00 0.0000e+00
1.0000e+00 0.0000e+00
1.0000e+00 0.0000e+00
1.0000e+00 0.0000e+00
1.0000e+00 0.0000e+00
1.0000e+00 0.0000e+00
1.0000e+00 0.0000e+00
1.0000e+00 0.0000e+00
1.0000e+00 0.0000e+00
1.0000e+00 0.0000e+00
1.0000e+00 0.0000e+00
1.0000e+00 0.0000e+00
1.0000e+00 0.0000e+00
1.0000e+00 0.0000e+00
1.0000e+00 0.0000e+00
1.0000e+00 0.0000e+00
1.0000e+00 0.0000e+00
1.0000e+00 0.0000e+00
1.0000e+00 0.0000e+00
1.0000e+00 0.0000e+00
1.0000e+00 0.0000e+00
1.0000e+00 0.0000e+00
1.0000e+00 0.0000e+00
1.0000e+00 0.0000e+00
1.0000e+00 0.0000e+00
1.0000e+00 0.0000e+00
1.0000e+00 0.0000e+00
1.0000e+00 0.0000e+00
1.0000e+00 0.0000e+00
1.0000e+00 0.0000e+00
1.0000e+00 0.0000e+00
1.0000e+00 0.0000e+00
1.0000e+00 0.0000e+00
1.0000e+00 0.0000e+00
1.0000e+00 0.0000e+00
1.0000e+00 0.0000e+00
1.0000e+00 0.0000e+00
1.0000e+00 0.0000e+00
1.0000e+00 0.0000e+00
1.0000e+00 0.0000e+00
1.0000e+00 0.0000e+00
1.0000e+00 0.0000e+00
1.0000e+00 0.0000e+00
1.0000e+00 0.0000e+00
1.0000e+00 0.0000e+00
1.0000e+00 0.0000e+00
1.0000e+00 0.0000e+00
1.0000e+00 0.0000e+00
1.0000e+00 0.0000e+00
1.0000e+00 0.0000e+00
1.0000e+00 0.0000e+00
1.0000e+00 0.0000e+00
1.0000e+00 0.0000e+00
1.0000e+00 0.0000e+00
1.0000e+00 0.0000e+00
1.0000e+00 0.0000e+00
1.0000e+00 0.0000e+00
1.0000e+00 0.0000e+00
1.0000e+00 0.0000e+00
1.0000e+00 0.0000e+00
1.0000e+00 0.0000e+00
1.0000e+00 0.0000e+00
1.0000e+00 0.0000e+00
1.0000e+00 0.0000e+00
1.0000e+00 0.0000e+00
1.0000e+00 0.0000e+00
1.0000e+00 0.0000e+00
1.0000e+00 0.0000e+00
1.0000e+00 0.0000e+00
1.0000e+00 0.0000e+00
1.0000e+00 0.0000e+00
1.0000e+00 0.0000e+00
1.0000e+00 0.0000e+00
1.0000e+00 0.0000e+00
1.0000e+00 0.0000e+00
1.0000e+00 0.0000e+00
1.0000e+00 0.0000e+00
1.0000e+00 0.0000e+00
1.0000e+00 0.0000e+00
1.0000e+00 0.0000e+00
1.0000e+00 0.0000e+00
1.0000e+00 0.0000e+00
1.0000e+00 0.0000e+00
1.0000e+00 0.0000e+00
1.0000e+00 0.0000e+00
1.0000e+00 0.0000e+00
1.0000e+00 0.0000e+00
1.0000e+00 0.0000e+00
1.0000e+00 0.0000e+00
1.0000e+00 0.0000e+00
1.0000e+00 0.0000e+00
1.0000e+00 0.0000e+00
1.0000e+00 0.0000e+00
1.0000e+00 0.0000e+00
1.0000e+00 0.0000e+00
1.0000e+00 0.0000e+00
1.0000e+00 0.0000e+00
1.0000e+00 0.0000e+00
1.0000e+00 0.0000e+00
1.0000e+00 0.0000e+00
1.0000e+00 0.0000e+00
1.0000e+00 0.0000e+00
1.0000e+00 0.0000e+00
1.0000e+00 0.0000e+00
1.0000e+00 0.0000e+00
1.0000e+00 0.0000e+00
1.0000e+00 0.0000e+00
1.0000e+00 0.0000e+00
1.0000e+00 0.0000e+00
1.0000e+00 0.0000e+00
1.0000e+00 0.0000e+00
1.0000e+00 0.0000e+00
1.0000e+00 0.0000e+00
1.0000e+00 0.0000e+00
1.0000e+00 0.0000e+00
1.0000e+00 0.0000e+00
1.0000e+00 0.0000e+00
1.0000e+00 0.0000e+00
1.0000e+00 0.0000e+00
1.0000e+00 0.0000e+00
1.0000e+00 0.0000e+00
1.0000e+00 0.0000e+00
1.0000e+00 0.0000e+00
1.0000e+00 0.0000e+00
1.0000e+00 0.0000e+00
1.0000e+00 0.0000e+00
1.0000e+00 0.0000e+00
1.0000e+00 0.0000e+00
1.0000e+00 0.0000e+00
1.0000e+00 0.0000e+00
1.0000e+00 0.0000e+00
1.0000e+00 0.0000e+00
1.0000e+00 0.0000e+00
1.0000e+00 0.0000e+00
1.0000e+00 0.0000e+00
1.0000e+00 0.0000e+00
1.0000e+00 0.0000e+00
1.0000e+00 0.0000e+00
1.0000e+00 0.0000e+00
1.0000e+00 0.0000e+00
1.0000e+00 0.0000e+00
1.0000e+00 0.0000e+00
1.0000e+00 0.0000e+00
1.0000e+00 0.0000e+00
1.0000e+00 0.0000e+00
1.0000e+00 0.0000e+00
1.0000e+00 0.0000e+00
1.0000e+00 0.0000e+00
1.0000e+00 0.0000e+00
1.0000e+00 0.0000e+00
1.0000e+00 0.0000e+00
1.0000e+00 0.0000e+00
1.0000e+00 0.0000e+00
