1.4828e-01 9.8894e-01
1.6473e-01 9.8634e-01
1.5966e-01 9.8717e-01
1.4603e-01 9.8928e-01
1.5701e-01 9.8760e-01
1.8483e-01 9.8277e-01
1.9323e-01 9.8115e-01
1.8950e-01 9.8188e-01
1.8175e-01 9.8334e-01
2.0336e-01 9.7910e-01
2.3464e-01 9.7208e-01
2.4067e-01 9.7061e-01
2.4360e-01 9.6988e-01
2.4852e-01 9.6863e-01
2.5746e-01 9.6629e-01
2.6488e-01 9.6428e-01
2.6539e-01 9.6414e-01
2.6685e-01 9.6374e-01
2.6905e-01 9.6312e-01
2.7317e-01 9.6196e-01
2.7653e-01 9.6100e-01
2.7653e-01 9.6100e-01
2.7341e-01 9.6190e-01
2.6366e-01 9.6462e-01
2.2925e-01 9.7337e-01
2.0092e-01 9.7961e-01
2.0092e-01 9.7961e-01
1.7006e-01 9.8543e-01
1.2376e-01 9.9231e-01
7.7146e-02 9.9702e-01
4.5314e-02 9.9897e-01
3.9877e-02 9.9920e-01
-1.6492e-03 1.0000e+00
-6.7824e-02 9.9770e-01
-1.3361e-01 9.9103e-01
-1.6896e-01 9.8562e-01
-1.7284e-01 9.8495e-01
-1.8886e-01 9.8200e-01
-2.1407e-01 9.7682e-01
-2.3718e-01 9.7147e-01
-2.4719e-01 9.6897e-01
-2.4514e-01 9.6949e-01
-2.3928e-01 9.7095e-01
-2.3513e-01 9.7196e-01
-2.3466e-01 9.7208e-01
-2.3451e-01 9.7211e-01
-2.2217e-01 9.7501e-01
-1.9765e-01 9.8027e-01
-1.8590e-01 9.8257e-01
-1.8639e-01 9.8248e-01
-1.8647e-01 9.8246e-01
-1.7926e-01 9.8380e-01
-1.6756e-01 9.8586e-01
-1.3992e-01 9.9016e-01
-1.1504e-01 9.9336e-01
-1.1355e-01 9.9353e-01
-1.0511e-01 9.9446e-01
-9.2682e-02 9.9570e-01
-7.7287e-02 9.9701e-01
-6.5836e-02 9.9783e-01
-6.5836e-02 9.9783e-01
-4.3878e-02 9.9904e-01
-2.1655e-02 9.9977e-01
-3.1122e-02 9.9952e-01
-4.0782e-02 9.9917e-01
-4.0782e-02 9.9917e-01
-1.9933e-02 9.9980e-01
-1.7872e-03 1.0000e+00
-1.0421e-02 9.9995e-01
-1.6324e-02 9.9987e-01
-1.3614e-02 9.9991e-01
1.1557e-02 9.9993e-01
2.8493e-02 9.9959e-01
1.6131e-02 9.9987e-01
9.2780e-03 9.9996e-01
1.2536e-02 9.9992e-01
2.4727e-02 9.9969e-01
3.0958e-02 9.9952e-01
2.6371e-02 9.9965e-01
2.4482e-02 9.9970e-01
2.1217e-02 9.9977e-01
1.2547e-02 9.9992e-01
2.2091e-02 9.9976e-01
4.3483e-02 9.9905e-01
4.9938e-02 9.9875e-01
4.3816e-02 9.9904e-01
3.1214e-02 9.9951e-01
3.8315e-02 9.9927e-01
5.4755e-02 9.9850e-01
5.7636e-02 9.9834e-01
5.7447e-02 9.9835e-01
5.7154e-02 9.9837e-01
8.1048e-02 9.9671e-01
1.0572e-01 9.9440e-01
1.0653e-01 9.9431e-01
1.0312e-01 9.9467e-01
9.9907e-02 9.9500e-01
1.1585e-01 9.9327e-01
1.3150e-01 9.9132e-01
1.3150e-01 9.9132e-01
1.3164e-01 9.9130e-01
1.3344e-01 9.9106e-01
1.4148e-01 9.8994e-01
1.4784e-01 9.8901e-01
1.4792e-01 9.8900e-01
1.5113e-01 9.8851e-01
1.5272e-01 9.8827e-01
1.4829e-01 9.8894e-01
1.4538e-01 9.8938e-01
1.4432e-01 9.8953e-01
1.3639e-01 9.9065e-01
1.3132e-01 9.9134e-01
1.3530e-01 9.9081e-01
1.3746e-01 9.9051e-01
1.2564e-01 9.9208e-01
7.6613e-02 9.9706e-01
4.1539e-02 9.9914e-01
4.5651e-02 9.9896e-01
4.7369e-02 9.9888e-01
5.1549e-03 9.9999e-01
-9.9187e-02 9.9507e-01
-1.5125e-01 9.8850e-01
-1.3889e-01 9.9031e-01
1.0000e+00 0.0000e+00
1.0000e+00 0.0000e+00
1.0000e+00 0.0000e+00
1.0000e+00 0.0000e+00
1.0000e+00 0.0000e+00
1.0000e+00 0.0000e+00
1.0000e+00 0.0000e+00
1.0000e+00 0.0000e+00
1.0000e+00 0.0000e+00
1.0000e+00 0.0000e+00
1.0000e+00 0.0000e+00
1.0000e+00 0.0000e+00
1.0000e+00 0.0000e+00
1.0000e+00 0.0000e+00
1.0000e+00 0.0000e+00
1.0000e+00 0.0000e+00
1.0000e+00 0.0000e+00
1.0000e+00 0.0000e+00
1.0000e+00 0.0000e+00
1.0000e+00 0.0000e+00
1.0000e+00 0.0000e+00
1.0000e+00 0.0000e+00
1.0000e+00 0.0000e+00
1.0000e+00 0.0000e+00
1.0000e+00 0.0000e+00
1.0000e+00 0.0000e+00
1.0000e+00 0.0000e+00
1.0000e+00 0.0000e+00
1.0000e+00 0.0000e+00
1.0000e+00 0.0000e+00
1.0000e+00 0.0000e+00
1.0000e+00 0.0000e+00
1.0000e+00 0.0000e+00
1.0000e+00 0.0000e+00
1.0000e+00 0.0000e+00
1.0000e+00 0.0000e+00
1.0000e+00 0.0000e+00
1.0000e+00 0.0000e+00
1.0000e+00 0.0000e+00
1.0000e+00 0.0000e+00
1.0000e+00 0.0000e+00
1.0000e+00 0.0000e+00
1.0000e+00 0.0000e+00
1.0000e+00 0.0000e+00
1.0000e+00 0.0000e+00
1.0000e+00 0.0000e+00
1.0000e+00 0.0000e+00
1.0000e+00 0.0000e+00
1.0000e+00 0.0000e+00
1.0000e+00 0.0000e+00
1.0000e+00 0.0000e+00
1.0000e+00 0.0000e+00
1.0000e+00 0.0000e+00
1.0000e+00 0.0000e+00
1.0000e+00 0.0000e+00
1.0000e+00 0.0000e+00
1.0000e+00 0.0000e+00
1.0000e+00 0.0000e+00
1.0000e+00 0.0000e+00
1.0000e+00 0.0000e+00
1.0000e+00 0.0000e+00
1.0000e+00 0.0000e+00
1.0000e+00 0.0000e+00
1.0000e+00 0.0000e+00
1.0000e+00 0.0000e+00
1.0000e+00 0.0000e+00
1.0000e+00 0.0000e+00
1.0000e+00 0.0000e+00
1.0000e+00 0.0000e+00
1.0000e+00 0.0000e+00
1.0000e+00 0.0000e+00
1.0000e+00 0.0000e+00
1.0000e+00 0.0000e+00
1.0000e+00 0.0000e+00
1.0000e+00 0.0000e+00
1.0000e+00 0.0000e+00
1.0000e+00 0.0000e+00
1.0000e+00 0.0000e+00
1.0000e+00 0.0000e+00
1.0000e+00 0.0000e+00
1.0000e+00 0.0000e+00
1.0000e+00 0.0000e+00
1.0000e+00 0.0000e+00
1.0000e+00 0.0000e+00
1.0000e+00 0.0000e+00
1.0000e+00 0.0000e+00
1.0000e+00 0.0000e+00
1.0000e+00 0.0000e+00
1.0000e+00 0.0000e+00
1.0000e+00 0.0000e+00
1.0000e+00 0.0000e+00
1.0000e+00 0.0000e+00
1.0000e+00 0.0000e+00
1.0000e+00 0.0000e+00
1.0000e+00 0.0000e+00
1.0000e+00 0.0000e+00
1.0000e+00 0.0000e+00
1.0000e+00 0.0000e+00
1.0000e+00 0.0000e+00
1.0000e+00 0.0000e+00
1.0000e+00 0.0000e+00
1.0000e+00 0.0000e+00
1.0000e+00 0.0000e+00
1.0000e+00 0.0000e+00
1.0000e+00 0.0000e+00
1.0000e+00 0.0000e+00
1.0000e+00 0.0000e+00
1.0000e+00 0.0000e+00
1.0000e+00 0.0000e+00
1.0000e+00 0.0000e+00
1.0000e+00 0.0000e+00
1.0000e+00 0.0000e+00
1.0000e+00 0.0000e+00
1.0000e+00 0.0000e+00
1.0000e+00 0.0000e+00
1.0000e+00 0.0000e+00
1.0000e+00 0.0000e+00
1.0000e+00 0.0000e+00
1.0000e+00 0.0000e+00
1.0000e+00 0.0000e+00
1.0000e+00 0.0000e+00
1.0000e+00 0.0000e+00
1.0000e+00 0.0000e+00
1.0000e+00 0.0000e+00
1.0000e+00 0.0000e+00
1.0000e+00 0.0000e+00
1.0000e+00 0.0000e+00
1.0000e+00 0.0000e+00
1.0000e+00 0.0000e+00
1.0000e+00 0.0000e+00
1.0000e+00 0.0000e+00
1.0000e+00 0.0000e+00
1.0000e+00 0.0000e+00
1.0000e+00 0.0000e+00
1.0000e+00 0.0000e+00
1.0000e+00 0.0000e+00
1.0000e+00 0.0000e+00
1.0000e+00 0.0000e+00
1.0000e+00 0.0000e+00
1.0000e+00 0.0000e+00
1.0000e+00 0.0000e+00
1.0000e+00 0.0000e+00
1.0000e+00 0.0000e+00
1.0000e+00 0.0000e+00
1.0000e+00 0.0000e+00
1.0000e+00 0.0000e+00
1.0000e+00 0.0000e+00
1.0000e+00 0.0000e+00
1.0000e+00 0.0000e+00
1.0000e+00 0.0000e+00
1.0000e+00 0.0000e+00
1.0000e+00 0.0000e+00
1.0000e+00 0.0000e+00
1.0000e+00 0.0000e+00
1.0000e+00 0.0000e+00
1.0000e+00 0.0000e+00
1.0000e+00 0.0000e+00
1.0000e+00 0.0000e+00
1.0000e+00 0.0000e+00
1.0000e+00 0.0000e+00
1.0000e+00 0.0000e+00
1.0000e+00 0.0000e+00
1.0000e+00 0.0000e+00
1.0000e+00 0.0000e+00
1.0000e+00 0.0000e+00
1.0000e+00 0.0000e+00
1.0000e+00 0.0000e+00
1.0000e+00 0.0000e+00
1.0000e+00 0.0000e+00
1.0000e+00 0.0000e+00
1.0000e+00 0.0000e+00
1.0000e+00 0.0000e+00
1.0000e+00 0.0000e+00
1.0000e+00 0.0000e+00
1.0000e+00 0.0000e+00
1.0000e+00 0.0000e+00
1.0000e+00 0.0000e+00
1.0000e+00 0.0000e+00
1.0000e+00 0.0000e+00
1.0000e+00 0.0000e+00
1.0000e+00 0.0000e+00
1.0000e+00 0.0000e+00
1.0000e+00 0.0000e+00
1.0000e+00 0.0000e+00
1.0000e+00 0.0000e+00
1.0000e+00 0.0000e+00
1.0000e+00 0.0000e+00
1.0000e+00 0.0000e+00
1.0000e+00 0.0000e+00
1.0000e+00 0.0000e+00
1.0000e+00 0.0000e+00
1.0000e+00 0.0000e+00
1.0000e+00 0.0000e+00
1.0000e+00 0.0000e+00
1.0000e+00 0.0000e+00
1.0000e+00 0.0000e+00
1.0000e+00 0.0000e+00
1.0000e+00 0.0000e+00
1.0000e+00 0.0000e+00
1.0000e+00 0.0000e+00
1.0000e+00 0.0000e+00
1.0000e+00 0.0000e+00
1.0000e+00 0.0000e+00
1.0000e+00 0.0000e+00
1.0000e+00 0.0000e+00
1.0000e+00 0.0000e+00
1.0000e+00 0.0000e+00
1.0000e+00 0.0000e+00
1.0000e+00 0.0000e+00
1.0000e+00 0.0000e+00
1.0000e+00 0.0000e+00
1.0000e+00 0.0000e+00
1.0000e+00 0.0000e+00
1.0000e+00 0.0000e+00
1.0000e+00 0.0000e+00
1.0000e+00 0.0000e+00
1.0000e+00 0.0000e+00
1.0000e+00 0.0000e+00
1.0000e+00 0.0000e+00
1.0000e+00 0.0000e+00
1.0000e+00 0.0000e+00
1.0000e+00 0.0000e+00
1.0000e+00 0.0000e+00
1.0000e+00 0.0000e+00
1.0000e+00 0.0000e+00
1.0000e+00 0.0000e+00
1.0000e+00 0.0000e+00
1.0000e+00 0.0000e+00
1.0000e+00 0.0000e+00
1.0000e+00 0.0000e+00
1.0000e+00 0.0000e+00
1.0000e+00 0.0000e+00
1.0000e+00 0.0000e+00
1.0000e+00 0.0000e+00
1.0000e+00 0.0000e+00
1.0000e+00 0.0000e+00
1.0000e+00 0.0000e+00
1.0000e+00 0.0000e+00
1.0000e+00 0.0000e+00
1.0000e+00 0.0000e+00
1.0000e+00 0.0000e+00
1.0000e+00 0.0000e+00
1.0000e+00 0.0000e+00
1.0000e+00 0.0000e+00
1.0000e+00 0.0000e+00
1.0000e+00 0.0000e+00
1.0000e+00 0.0000e+00
1.0000e+00 0.0000e+00
1.0000e+00 0.0000e+00
1.0000e+00 0.0000e+00
1.0000e+00 0.0000e+00
1.0000e+00 0.0000e+00
1.0000e+00 0.0000e+00
1.0000e+00 0.0000e+00
1.0000e+00 0.0000e+00
1.0000e+00 0.0000e+00
1.0000e+00 0.0000e+00
1.0000e+00 0.0000e+00
1.0000e+00 0.0000e+00
1.0000e+00 0.0000e+00
1.0000e+00 0.0000e+00
1.0000e+00 0.0000e+00
1.0000e+00 0.0000e+00
1.0000e+00 0.0000e+00
1.0000e+00 0.0000e+00
1.0000e+00 0.0000e+00
1.0000e+00 0.0000e+00
1.0000e+00 0.0000e+00
1.0000e+00 0.0000e+00
1.0000e+00 0.0000e+00
1.0000e+00 0.0000e+00
1.0000e+00 0.0000e+00
1.0000e+00 0.0000e+00
1.0000e+00 0.0000e+00
1.0000e+00 0.0000e+00
1.0000e+00 0.0000e+00
1.0000e+00 0.0000e+00
1.0000e+00 0.0000e+00
1.0000e+00 0.0000e+00
1.0000e+00 0.0000e+00
1.0000e+00 0.0000e+00
1.0000e+00 0.0000e+00
1.0000e+00 0.0000e+00
1.0000e+00 0.0000e+00
1.0000e+00 0.0000e+00
1.0000e+00 0.0000e+00
1.0000e+00 0.0000e+00
1.0000e+00 0.0000e+00
1.0000e+00 0.0000e+00
1.0000e+00 0.0000e+00
1.0000e+00 0.0000e+00
1.0000e+00 0.0000e+00
1.0000e+00 0.0000e+00
1.0000e+00 0.0000e+00
1.0000e+00 0.0000e+00
1.0000e+00 0.0000e+00
1.0000e+00 0.0000e+00
1.0000e+00 0.0000e+00
1.0000e+00 0.0000e+00
1.0000e+00 0.0000e+00
1.0000e+00 0.0000e+00
1.0000e+00 0.0000e+00
1.0000e+00 0.0000e+00
1.0000e+00 0.0000e+00
1.0000e+00 0.0000e+00
1.0000e+00 0.0000e+00
1.0000e+00 0.0000e+00
1.0000e+00 0.0000e+00
1.0000e+00 0.0000e+00
1.0000e+00 0.0000e+00
1.0000e+00 0.0000e+00
1.0000e+00 0.0000e+00
1.0000e+00 0.0000e+00
1.0000e+00 0.0000e+00
1.0000e+00 0.0000e+00
1.0000e+00 0.0000e+00
1.0000e+00 0.0000e+00
1.0000e+00 0.0000e+00
1.0000e+00 0.0000e+00
1.0000e+00 0.0000e+00
1.0000e+00 0.0000e+00
1.0000e+00 0.0000e+00
1.0000e+00 0.0000e+00
1.0000e+00 0.0000e+00
1.0000e+00 0.0000e+00
1.0000e+00 0.0000e+00
1.0000e+00 0.0000e+00
1.0000e+00 0.0000e+00
1.0000e+00 0.0000e+00
1.0000e+00 0.0000e+00
1.0000e+00 0.0000e+00
1.0000e+00 0.0000e+00
1.0000e+00 0.0000e+00
1.0000e+00 0.0000e+00
1.0000e+00 0.0000e+00
1.0000e+00 0.0000e+00
1.0000e+00 0.0000e+00
1.0000e+00 0.0000e+00
1.0000e+00 0.0000e+00
1.0000e+00 0.0000e+00
1.0000e+00 0.0000e+00
1.0000e+00 0.0000e+00
1.0000e+00 0.0000e+00
1.0000e+00 0.0000e+00
1.0000e+00 0.0000e+00
1.0000e+00 0.0000e+00
1.0000e+00 0.0000e+00
1.0000e+00 0.0000e+00
1.0000e+00 0.0000e+00
1.0000e+00 0.0000e+00
1.0000e+00 0.0000e+00
1.0000e+00 0.0000e+00
1.0000e+00 0.0000e+00
1.0000e+00 0.0000e+00
1.0000e+00 0.0000e+00
1.0000e+00 0.0000e+00
1.0000e+00 0.0000e+00
1.0000e+00 0.0000e+00
1.0000e+00 0.0000e+00
1.0000e+00 0.0000e+00
1.0000e+00 0.0000e+00
1.0000e+00 0.0000e+00
1.0000e+00 0.0000e+00
1.0000e+00 0.0000e+00
1.0000e+00 0.0000e+00
1.0000e+00 0.0000e+00
1.0000e+00 0.0000e+00
1.0000e+00 0.0000e+00
1.0000e+00 0.0000e+00
1.0000e+00 0.0000e+00
1.0000e+00 0.0000e+00
1.0000e+00 0.0000e+00
1.0000e+00 0.0000e+00
1.0000e+00 0.0000e+00
1.0000e+00 0.0000e+00
1.0000e+00 0.0000e+00
1.0000e+00 0.0000e+00
1.0000e+00 0.0000e+00
1.0000e+00 0.0000e+00
1.0000e+00 0.0000e+00
1.0000e+00 0.0000e+00
1.0000e+00 0.0000e+00
1.0000e+00 0.0000e+00
1.0000e+00 0.0000e+00
1.0000e+00 0.0000e+00
1.0000e+00 0.0000e+00
1.0000e+00 0.0000e+00
1.0000e+00 0.0000e+00
1.0000e+00 0.0000e+00
1.0000e+00 0.0000e+00
1.0000e+00 0.0000e+00
1.0000e+00 0.0000e+00
1.0000e+00 0.0000e+00
1.0000e+00 0.0000e+00
1.0000e+00 0.0000e+00
1.0000e+00 0.0000e+00
1.0000e+00 0.0000e+00
1.0000e+00 0.0000e+00
1.0000e+00 0.0000e+00
1.0000e+00 0.0000e+00
1.0000e+00 0.0000e+00
1.0000e+00 0.0000e+00
1.0000e+00 0.0000e+00
1.0000e+00 0.0000e+00
1.0000e+00 0.0000e+00
1.0000e+00 0.0000e+00
1.0000e+00 0.0000e+00
1.0000e+00 0.0000e+00
1.0000e+00 0.0000e+00
1.0000e+00 0.0000e+00
1.0000e+00 0.0000e+00
1.0000e+00 0.0000e+00
1.0000e+00 0.0000e+00
1.0000e+00 0.0000e+00
1.0000e+00 0.0000e+00
1.0000e+00 0.0000e+00
1.0000e+00 0.0000e+00
1.0000e+00 0.0000e+00
1.0000e+00 0.0000e+00
1.0000e+00 0.0000e+00
1.0000e+00 0.0000e+00
1.0000e+00 0.0000e+00
1.0000e+00 0.0000e+00
1.0000e+00 0.0000e+00
1.0000e+00 0.0000e+00
1.0000e+00 0.0000e+00
1.0000e+00 0.0000e+00
1.0000e+00 0.0000e+00
1.0000e+00 0.0000e+00
1.0000e+00 0.0000e+00
1.0000e+00 0.0000e+00
1.0000e+00 0.0000e+00
1.0000e+00 0.0000e+00
1.0000e+00 0.0000e+00
1.0000e+00 0.0000e+00
1.0000e+00 0.0000e+00
1.0000e+00 0.0000e+00
1.0000e+00 0.0000e+00
1.0000e+00 0.0000e+00
1.0000e+00 0.0000e+00
1.0000e+00 0.0000e+00
1.0000e+00 0.0000e+00
1.0000e+00 0.0000e+00
1.0000e+00 0.0000e+00
1.0000e+00 0.0000e+00
1.0000e+00 0.0000e+00
1.0000e+00 0.0000e+00
1.0000e+00 0.0000e+00
1.0000e+00 0.0000e+00
1.0000e+00 0.0000e+00
1.0000e+00 0.0000e+00
1.0000e+00 0.0000e+00
1.0000e+00 0.0000e+00
1.0000e+00 0.0000e+00
1.0000e+00 0.0000e+00
1.0000e+00 0.0000e+00
1.0000e+00 0.0000e+00
1.0000e+00 0.0000e+00
1.0000e+00 0.0000e+00
1.0000e+00 0.0000e+00
1.0000e+00 0.0000e+00
1.0000e+00 0.0000e+00
1.0000e+00 0.0000e+00
1.0000e+00 0.0000e+00
1.0000e+00 0.0000e+00
1.0000e+00 0.0000e+00
1.0000e+00 0.0000e+00
1.0000e+00 0.0000e+00
1.0000e+00 0.0000e+00
1.0000e+00 0.0000e+00
1.0000e+00 0.0000e+00
1.0000e+00 0.0000e+00
1.0000e+00 0.0000e+00
1.0000e+00 0.0000e+00
1.0000e+00 0.0000e+00
1.0000e+00 0.0000e+00
1.0000e+00 0.0000e+00
1.0000e+00 0.0000e+00
1.0000e+00 0.0000e+00
1.0000e+00 0.0000e+00
1.0000e+00 0.0000e+00
1.0000e+00 0.0000e+00
1.0000e+00 0.0000e+00
1.0000e+00 0.0000e+00
1.0000e+00 0.0000e+00
1.0000e+00 0.0000e+00
1.0000e+00 0.0000e+00
1.0000e+00 0.0000e+00
1.0000e+00 0.0000e+00
1.0000e+00 0.0000e+00
1.0000e+00 0.0000e+00
1.0000e+00 0.0000e+00
1.0000e+00 0.0000e+00
1.0000e+00 0.0000e+00
1.0000e+00 0.0000e+00
1.0000e+00 0.0000e+00
1.0000e+00 0.0000e+00
1.0000e+00 0.0000e+00
1.0000e+00 0.0000e+00
1.0000e+00 0.0000e+00
1.0000e+00 0.0000e+00
1.0000e+00 0.0000e+00
1.0000e+00 0.0000e+00
1.0000e+00 0.0000e+00
1.0000e+00 0.0000e+00
1.0000e+00 0.0000e+00
1.0000e+00 0.0000e+00
1.0000e+00 0.0000e+00
1.0000e+00 0.0000e+00
1.0000e+00 0.0000e+00
1.0000e+00 0.0000e+00
1.0000e+00 0.0000e+00
1.0000e+00 0.0000e+00
1.0000e+00 0.0000e+00
1.0000e+00 0.0000e+00
1.0000e+00 0.0000e+00
1.0000e+00 0.0000e+00
1.0000e+00 0.0000e+00
1.0000e+00 0.0000e+00
1.0000e+00 0.0000e+00
1.0000e+00 0.0000e+00
1.0000e+00 0.0000e+00
1.0000e+00 0.0000e+00
1.0000e+00 0.0000e+00
1.0000e+00 0.0000e+00
1.0000e+00 0.0000e+00
1.0000e+00 0.0000e+00
1.0000e+00 0.0000e+00
1.0000e+00 0.0000e+00
1.0000e+00 0.0000e+00
1.0000e+00 0.0000e+00
1.0000e+00 0.0000e+00
1.0000e+00 0.0000e+00
1.0000e+00 0.0000e+00
1.0000e+00 0.0000e+00
1.0000e+00 0.0000e+00
1.0000e+00 0.0000e+00
1.0000e+00 0.0000e+00
1.0000e+00 0.0000e+00
1.0000e+00 0.0000e+00
1.0000e+00 0.0000e+00
1.0000e+00 0.0000e+00
1.0000e+00 0.0000e+00
1.0000e+00 0.0000e+00
1.0000e+00 0.0000e+00
1.0000e+00 0.0000e+00
1.0000e+00 0.0000e+00
1.0000e+00 0.0000e+00
1.0000e+00 0.0000e+00
1.0000e+00 0.0000e+00
1.0000e+00 0.0000e+00
1.0000e+00 0.0000e+00
1.0000e+00 0.0000e+00
1.0000e+00 0.0000e+00
1.0000e+00 0.0000e+00
1.0000e+00 0.0000e+00
1.0000e+00 0.0000e+00
1.0000e+00 0.0000e+00
1.0000e+00 0.0000e+00
1.0000e+00 0.0000e+00
1.0000e+00 0.0000e+00
1.0000e+00 0.0000e+00
1.0000e+00 0.0000e+00
1.0000e+00 0.0000e+00
1.0000e+00 0.0000e+00
1.0000e+00 0.0000e+00
1.0000e+00 0.0000e+00
1.0000e+00 0.0000e+00
1.0000e+00 0.0000e+00
1.0000e+00 0.0000e+00
1.0000e+00 0.0000e+00
1.0000e+00 0.0000e+00
1.0000e+00 0.0000e+00
1.0000e+00 0.0000e+00
1.0000e+00 0.0000e+00
1.0000e+00 0.0000e+00
1.0000e+00 0.0000e+00
1.0000e+00 0.0000e+00
1.0000e+00 0.0000e+00
1.0000e+00 0.0000e+00
1.0000e+00 0.0000e+00
1.0000e+00 0.0000e+00
1.0000e+00 0.0000e+00
1.0000e+00 0.0000e+00
1.0000e+00 0.0000e+00
1.0000e+00 0.0000e+00
1.0000e+00 0.0000e+00
1.0000e+00 0.0000e+00
1.0000e+00 0.0000e+00
1.0000e+00 0.0000e+00
1.0000e+00 0.0000e+00
1.0000e+00 0.0000e+00
1.0000e+00 0.0000e+00
1.0000e+00 0.0000e+00
1.0000e+00 0.0000e+00
1.0000e+00 0.0000e+00
1.0000e+00 0.0000e+00
1.0000e+00 0.0000e+00
1.0000e+00 0.0000e+00
1.0000e+00 0.0000e+00
1.0000e+00 0.0000e+00
1.0000e+00 0.0000e+00
1.0000e+00 0.0000e+00
1.0000e+00 0.0000e+00
1.0000e+00 0.0000e+00
1.0000e+00 0.0000e+00
1.0000e+00 0.0000e+00
1.0000e+00 0.0000e+00
1.0000e+00 0.0000e+00
1.0000e+00 0.0000e+00
1.0000e+00 0.0000e+00
1.0000e+00 0.0000e+00
1.0000e+00 0.0000e+00
1.0000e+00 0.0000e+00
1.0000e+00 0.0000e+00
1.0000e+00 0.0000e+00
1.0000e+00 0.0000e+00
1.0000e+00 0.0000e+00
1.0000e+00 0.0000e+00
1.0000e+00 0.0000e+00
1.0000e+00 0.0000e+00
1.0000e+00 0.0000e+00
1.0000e+00 0.0000e+00
1.0000e+00 0.0000e+00
1.0000e+00 0.0000e+00
1.0000e+00 0.0000e+00
1.0000e+00 0.0000e+00
1.0000e+00 0.0000e+00
1.0000e+00 0.0000e+00
1.0000e+00 0.0000e+00
1.0000e+00 0.0000e+00
1.0000e+00 0.0000e+00
1.0000e+00 0.0000e+00
1.0000e+00 0.0000e+00
1.0000e+00 0.0000e+00
1.0000e+00 0.0000e+00
1.0000e+00 0.0000e+00
1.0000e+00 0.0000e+00
1.0000e+00 0.0000e+00
1.0000e+00 0.0000e+00
1.0000e+00 0.0000e+00
1.0000e+00 0.0000e+00
1.0000e+00 0.0000e+00
1.0000e+00 0.0000e+00
1.0000e+00 0.0000e+00
1.0000e+00 0.0000e+00
1.0000e+00 0.0000e+00
1.0000e+00 0.0000e+00
1.0000e+00 0.0000e+00
1.0000e+00 0.0000e+00
1.0000e+00 0.0000e+00
1.0000e+00 0.0000e+00
1.0000e+00 0.0000e+00
1.0000e+00 0.0000e+00
1.0000e+00 0.0000e+00
1.0000e+00 0.0000e+00
1.0000e+00 0.0000e+00
1.0000e+00 0.0000e+00
1.0000e+00 0.0000e+00
1.0000e+00 0.0000e+00
1.0000e+00 0.0000e+00
1.0000e+00 0.0000e+00
1.0000e+00 0.0000e+00
1.0000e+00 0.0000e+00
1.0000e+00 0.0000e+00
1.0000e+00 0.0000e+00
1.0000e+00 0.0000e+00
1.0000e+00 0.0000e+00
1.0000e+00 0.0000e+00
1.0000e+00 0.0000e+00
1.0000e+00 0.0000e+00
1.0000e+00 0.0000e+00
1.0000e+00 0.0000e+00
1.0000e+00 0.0000e+00
1.0000e+00 0.0000e+00
1.0000e+00 0.0000e+00
1.0000e+00 0.0000e+00
1.0000e+00 0.0000e+00
1.0000e+00 0.0000e+00
1.0000e+00 0.0000e+00
1.0000e+00 0.0000e+00
1.0000e+00 0.0000e+00
1.0000e+00 0.0000e+00
1.0000e+00 0.0000e+00
1.0000e+00 0.0000e+00
1.0000e+00 0.0000e+00
1.0000e+00 0.0000e+00
1.0000e+00 0.0000e+00
1.0000e+00 0.0000e+00
1.0000e+00 0.0000e+00
1.0000e+00 0.0000e+00
1.0000e+00 0.0000e+00
1.0000e+00 0.0000e+00
1.0000e+00 0.0000e+00
1.0000e+00 0.0000e+00
1.0000e+00 0.0000e+00
1.0000e+00 0.0000e+00
1.0000e+00 0.0000e+00
1.0000e+00 0.0000e+00
1.0000e+00 0.0000e+00
1.0000e+00 0.0000e+00
1.0000e+00 0.0000e+00
1.0000e+00 0.0000e+00
1.0000e+00 0.0000e+00
1.0000e+00 0.0000e+00
1.0000e+00 0.0000e+00
1.0000e+00 0.0000e+00
1.0000e+00 0.0000e+00
1.0000e+00 0.0000e+00
1.0000e+00 0.0000e+00
1.0000e+00 0.0000e+00
1.0000e+00 0.0000e+00
1.0000e+00 0.0000e+00
1.0000e+00 0.0000e+00
1.0000e+00 0.0000e+00
1.0000e+00 0.0000e+00
1.0000e+00 0.0000e+00
1.0000e+00 0.0000e+00
1.0000e+00 0.0000e+00
1.0000e+00 0.0000e+00
1.0000e+00 0.0000e+00
1.0000e+00 0.0000e+00
1.0000e+00 0.0000e+00
1.0000e+00 0.0000e+00
1.0000e+00 0.0000e+00
1.0000e+00 0.0000e+00
1.0000e+00 0.0000e+00
1.0000e+00 0.0000e+00
1.0000e+00 0.0000e+00
1.0000e+00 0.0000e+00
1.0000e+00 0.0000e+00
1.0000e+00 0.0000e+00
1.0000e+00 0.0000e+00
1.0000e+00 0.0000e+00
1.0000e+00 0.0000e+00
1.0000e+00 0.0000e+00
1.0000e+00 0.0000e+00
1.0000e+00 0.0000e+00
1.0000e+00 0.0000e+00
1.0000e+00 0.0000e+00
1.0000e+00 0.0000e+00
1.0000e+00 0.0000e+00
1.0000e+00 0.0000e+00
1.0000e+00 0.0000e+00
1.0000e+00 0.0000e+00
1.0000e+00 0.0000e+00
1.0000e+00 0.0000e+00
1.0000e+00 0.0000e+00
1.0000e+00 0.0000e+00
0.0000e+00 1.0000e+00
0.0000e+00 1.0000e+00
0.0000e+00 1.0000e+00
0.0000e+00 1.0000e+00
0.0000e+00 1.0000e+00
0.0000e+00 1.0000e+00
0.0000e+00 1.0000e+00
0.0000e+00 1.0000e+00
0.0000e+00 1.0000e+00
0.0000e+00 1.0000e+00
0.0000e+00 1.0000e+00
0.0000e+00 1.0000e+00
0.0000e+00 1.0000e+00
0.0000e+00 1.0000e+00
0.0000e+00 1.0000e+00
0.0000e+00 1.0000e+00
0.0000e+00 1.0000e+00
0.0000e+00 1.0000e+00
0.0000e+00 1.0000e+00
0.0000e+00 1.0000e+00
0.0000e+00 1.0000e+00
0.0000e+00 1.0000e+00
0.0000e+00 1.0000e+00
0.0000e+00 1.0000e+00
0.0000e+00 1.0000e+00
0.0000e+00 1.0000e+00
0.0000e+00 1.0000e+00
0.0000e+00 1.0000e+00
0.0000e+00 1.0000e+00
0.0000e+00 1.0000e+00
0.0000e+00 1.0000e+00
0.0000e+00 1.0000e+00
0.0000e+00 1.0000e+00
0.0000e+00 1.0000e+00
0.0000e+00 1.0000e+00
0.0000e+00 1.0000e+00
0.0000e+00 1.0000e+00
0.0000e+00 1.0000e+00
0.0000e+00 1.0000e+00
0.0000e+00 1.0000e+00
0.0000e+00 1.0000e+00
0.0000e+00 1.0000e+00
0.0000e+00 1.0000e+00
0.0000e+00 1.0000e+00
0.0000e+00 1.0000e+00
0.0000e+00 1.0000e+00
0.0000e+00 1.0000e+00
0.0000e+00 1.0000e+00
0.0000e+00 1.0000e+00
0.0000e+00 1.0000e+00
0.0000e+00 1.0000e+00
0.0000e+00 1.0000e+00
0.0000e+00 1.0000e+00
0.0000e+00 1.0000e+00
0.0000e+00 1.0000e+00
0.0000e+00 1.0000e+00
0.0000e+00 1.0000e+00
0.0000e+00 1.0000e+00
0.0000e+00 1.0000e+00
0.0000e+00 1.0000e+00
0.0000e+00 1.0000e+00
0.0000e+00 1.0000e+00
0.0000e+00 1.0000e+00
0.0000e+00 1.0000e+00
0.0000e+00 1.0000e+00
0.0000e+00 1.0000e+00
0.0000e+00 1.0000e+00
0.0000e+00 1.0000e+00
0.0000e+00 1.0000e+00
0.0000e+00 1.0000e+00
0.0000e+00 1.0000e+00
0.0000e+00 1.0000e+00
0.0000e+00 1.0000e+00
0.0000e+00 1.0000e+00
0.0000e+00 1.0000e+00
0.0000e+00 1.0000e+00
0.0000e+00 1.0000e+00
0.0000e+00 1.0000e+00
0.0000e+00 1.0000e+00
0.0000e+00 1.0000e+00
0.0000e+00 1.0000e+00
0.0000e+00 1.0000e+00
0.0000e+00 1.0000e+00
0.0000e+00 1.0000e+00
0.0000e+00 1.0000e+00
0.0000e+00 1.0000e+00
0.0000e+00 1.0000e+00
0.0000e+00 1.0000e+00
0.0000e+00 1.0000e+00
0.0000e+00 1.0000e+00
0.0000e+00 1.0000e+00
0.0000e+00 1.0000e+00
0.0000e+00 1.0000e+00
0.0000e+00 1.0000e+00
0.0000e+00 1.0000e+00
0.0000e+00 1.0000e+00
0.0000e+00 1.0000e+00
0.0000e+00 1.0000e+00
0.0000e+00 1.0000e+00
0.0000e+00 1.0000e+00
0.0000e+00 1.0000e+00
0.0000e+00 1.0000e+00
0.0000e+00 1.0000e+00
0.0000e+00 1.0000e+00
0.0000e+00 1.0000e+00
0.0000e+00 1.0000e+00
0.0000e+00 1.0000e+00
0.0000e+00 1.0000e+00
0.0000e+00 1.0000e+00
0.0000e+00 1.0000e+00
0.0000e+00 1.0000e+00
0.0000e+00 1.0000e+00
0.0000e+00 1.0000e+00
0.0000e+00 1.0000e+00
0.0000e+00 1.0000e+00
0.0000e+00 1.0000e+00
0.0000e+00 1.0000e+00
0.0000e+00 1.0000e+00
0.0000e+00 1.0000e+00
0.0000e+00 1.0000e+00
0.0000e+00 1.0000e+00
0.0000e+00 1.0000e+00
0.0000e+00 1.0000e+00
1.0000e+00 0.0000e+00
1.0000e+00 0.0000e+00
1.0000e+00 0.0000e+00
1.0000e+00 0.0000e+00
1.0000e+00 0.0000e+00
1.0000e+00 0.0000e+00
1.0000e+00 0.0000e+00
1.0000e+00 0.0000e+00
1.0000e+00 0.0000e+00
1.0000e+00 0.0000e+00
1.0000e+00 0.0000e+00
1.0000e+00 0.0000e+00
1.0000e+00 0.0000e+00
1.0000e+00 0.0000e+00
1.0000e+00 0.0000e+00
1.0000e+00 0.0000e+00
1.0000e+00 0.0000e+00
1.0000e+00 0.0000e+00
1.0000e+00 0.0000e+00
1.0000e+00 0.0000e+00
1.0000e+00 0.0000e+00
1.0000e+00 0.0000e+00
1.0000e+00 0.0000e+00
1.0000e+00 0.0000e+00
1.0000e+00 0.0000e+00
1.0000e+00 0.0000e+00
1.0000e+00 0.0000e+00
1.0000e+00 0.0000e+00
1.0000e+00 0.0000e+00
1.0000e+00 0.0000e+00
1.0000e+00 0.0000e+00
1.0000e+00 0.0000e+00
1.0000e+00 0.0000e+00
1.0000e+00 0.0000e+00
1.0000e+00 0.0000e+00
1.0000e+00 0.0000e+00
1.0000e+00 0.0000e+00
1.0000e+00 0.0000e+00
1.0000e+00 0.0000e+00
1.0000e+00 0.0000e+00
1.0000e+00 0.0000e+00
1.0000e+00 0.0000e+00
1.0000e+00 0.0000e+00
1.0000e+00 0.0000e+00
1.0000e+00 0.0000e+00
1.0000e+00 0.0000e+00
1.0000e+00 0.0000e+00
1.0000e+00 0.0000e+00
1.0000e+00 0.0000e+00
1.0000e+00 0.0000e+00
1.0000e+00 0.0000e+00
1.0000e+00 0.0000e+00
1.0000e+00 0.0000e+00
1.0000e+00 0.0000e+00
1.0000e+00 0.0000e+00
1.0000e+00 0.0000e+00
1.0000e+00 0.0000e+00
1.0000e+00 0.0000e+00
1.0000e+00 0.0000e+00
1.0000e+00 0.0000e+00
1.0000e+00 0.0000e+00
1.0000e+00 0.0000e+00
1.0000e+00 0.0000e+00
1.0000e+00 0.0000e+00
1.0000e+00 0.0000e+00
1.0000e+00 0.0000e+00
1.0000e+00 0.0000e+00
1.0000e+00 0.0000e+00
1.0000e+00 0.0000e+00
1.0000e+00 0.0000e+00
1.0000e+00 0.0000e+00
1.0000e+00 0.0000e+00
1.0000e+00 0.0000e+00
1.0000e+00 0.0000e+00
1.0000e+00 0.0000e+00
1.0000e+00 0.0000e+00
1.0000e+00 0.0000e+00
1.0000e+00 0.0000e+00
1.0000e+00 0.0000e+00
1.0000e+00 0.0000e+00
1.0000e+00 0.0000e+00
1.0000e+00 0.0000e+00
1.0000e+00 0.0000e+00
1.0000e+00 0.0000e+00
1.0000e+00 0.0000e+00
1.0000e+00 0.0000e+00
1.0000e+00 0.0000e+00
1.0000e+00 0.0000e+00
1.0000e+00 0.0000e+00
1.0000e+00 0.0000e+00
1.0000e+00 0.0000e+00
1.0000e+00 0.0000e+00
1.0000e+00 0.0000e+00
1.0000e+00 0.0000e+00
1.0000e+00 0.0000e+00
1.0000e+00 0.0000e+00
1.0000e+00 0.0000e+00
1.0000e+00 0.0000e+00
1.0000e+00 0.0000e+00
1.0000e+00 0.0000e+00
1.0000e+00 0.0000e+00
1.0000e+00 0.0000e+00
1.0000e+00 0.0000e+00
1.0000e+00 0.0000e+00
1.0000e+00 0.0000e+00
1.0000e+00 0.0000e+00
1.0000e+00 0.0000e+00
1.0000e+00 0.0000e+00
1.0000e+00 0.0000e+00
1.0000e+00 0.0000e+00
1.0000e+00 0.0000e+00
1.0000e+00 0.0000e+00
1.0000e+00 0.0000e+00
1.0000e+00 0.0000e+00
1.0000e+00 0.0000e+00
1.0000e+00 0.0000e+00
1.0000e+00 0.0000e+00
1.0000e+00 0.0000e+00
1.0000e+00 0.0000e+00
1.0000e+00 0.0000e+00
1.0000e+00 0.0000e+00
1.0000e+00 0.0000e+00
1.0000e+00 0.0000e+00
1.0000e+00 0.0000e+00
1.0000e+00 0.0000e+00
1.0000e+00 0.0000e+00
1.0000e+00 0.0000e+00
1.0000e+00 0.0000e+00
1.0000e+00 0.0000e+00
1.0000e+00 0.0000e+00
1.0000e+00 0.0000e+00
1.0000e+00 0.0000e+00
1.0000e+00 0.0000e+00
1.0000e+00 0.0000e+00
1.0000e+00 0.0000e+00
1.0000e+00 0.0000e+00
1.0000e+00 0.0000e+00
1.0000e+00 0.0000e+00
1.0000e+00 0.0000e+00
1.0000e+00 0.0000e+00
1.0000e+00 0.0000e+00
1.0000e+00 0.0000e+00
1.0000e+00 0.0000e+00
1.0000e+00 0.0000e+00
1.0000e+00 0.0000e+00
1.0000e+00 0.0000e+00
1.0000e+00 0.0000e+00
1.0000e+00 0.0000e+00
1.0000e+00 0.0000e+00
1.0000e+00 0.0000e+00
1.0000e+00 0.0000e+00
1.0000e+00 0.0000e+00
1.0000e+00 0.0000e+00
1.0000e+00 0.0000e+00
1.0000e+00 0.0000e+00
1.0000e+00 0.0000e+00
1.0000e+00 0.0000e+00
1.0000e+00 0.0000e+00
1.0000e+00 0.0000e+00
1.0000e+00 0.0000e+00
1.0000e+00 0.0000e+00
1.0000e+00 0.0000e+00
1.0000e+00 0.0000e+00
1.0000e+00 0.0000e+00
1.0000e+00 0.0000e+00
1.0000e+00 0.0000e+00
1.0000e+00 0.0000e+00
1.0000e+00 0.0000e+00
1.0000e+00 0.0000e+00
1.0000e+00 0.0000e+00
1.0000e+00 0.0000e+00
1.0000e+00 0.0000e+00
1.0000e+00 0.0000e+00
1.0000e+00 0.0000e+00
1.0000e+00 0.0000e+00
1.0000e+00 0.0000e+00
1.0000e+00 0.0000e+00
1.0000e+00 0.0000e+00
1.0000e+00 0.0000e+00
1.0000e+00 0.0000e+00
1.0000e+00 0.0000e+00
1.0000e+00 0.0000e+00
1.0000e+00 0.0000e+00
1.0000e+00 0.0000e+00
1.0000e+00 0.0000e+00
1.0000e+00 0.0000e+00
1.0000e+00 0.0000e+00
1.0000e+00 0.0000e+00
1.0000e+00 0.0000e+00
1.0000e+00 0.0000e+00
1.0000e+00 0.0000e+00
1.0000e+00 0.0000e+00
1.0000e+00 0.0000e+00
1.0000e+00 0.0000e+00
1.0000e+00 0.0000e+00
1.0000e+00 0.0000e+00
1.0000e+00 0.0000e+00
1.0000e+00 0.0000e+00
1.0000e+00 0.0000e+00
1.0000e+00 0.0000e+00
1.0000e+00 0.0000e+00
1.0000e+00 0.0000e+00
1.0000e+00 0.0000e+00
1.0000e+00 0.0000e+00
1.0000e+00 0.0000e+00
1.0000e+00 0.0000e+00
1.0000e+00 0.0000e+00
1.0000e+00 0.0000e+00
1.0000e+00 0.0000e+00
1.0000e+00 0.0000e+00
1.0000e+00 0.0000e+00
1.0000e+00 0.0000e+00
1.0000e+00 0.0000e+00
1.0000e+00 0.0000e+00
1.0000e+00 0.0000e+00
1.0000e+00 0.0000e+00
1.0000e+00 0.0000e+00
1.0000e+00 0.0000e+00
1.0000e+00 0.0000e+00
1.0000e+00 0.0000e+00
1.0000e+00 0.0000e+00
1.0000e+00 0.0000e+00
1.0000e+00 0.0000e+00
1.0000e+00 0.0000e+00
1.0000e+00 0.0000e+00
1.0000e+00 0.0000e+00
1.0000e+00 0.0000e+00
1.0000e+00 0.0000e+00
1.0000e+00 0.0000e+00
1.0000e+00 0.0000e+00
1.0000e+00 0.0000e+00
1.0000e+00 0.0000e+00
1.0000e+00 0.0000e+00
1.0000e+00 0.0000e+00
1.0000e+00 0.0000e+00
1.0000e+00 0.0000e+00
1.0000e+00 0.0000e+00
1.0000e+00 0.0000e+00
1.0000e+00 0.0000e+00
1.0000e+00 0.0000e+00
1.0000e+00 0.0000e+00
1.0000e+00 0.0000e+00
1.0000e+00 0.0000e+00
1.0000e+00 0.0000e+00
1.0000e+00 0.0000e+00
1.0000e+00 0.0000e+00
1.0000e+00 0.0000e+00
1.0000e+00 0.0000e+00
1.0000e+00 0.0000e+00
1.0000e+00 0.0000e+00
1.0000e+00 0.0000e+00
1.0000e+00 0.0000e+00
1.0000e+00 0.0000e+00
1.0000e+00 0.0000e+00
1.0000e+00 0.0000e+00
1.0000e+00 0.0000e+00
1.0000e+00 0.0000e+00
1.0000e+00 0.0000e+00
1.0000e+00 0.0000e+00
1.0000e+00 0.0000e+00
1.0000e+00 0.0000e+00
1.0000e+00 0.0000e+00
1.0000e+00 0.0000e+00
1.0000e+00 0.0000e+00
1.0000e+00 0.0000e+00
1.0000e+00 0.0000e+00
1.0000e+00 0.0000e+00
1.0000e+00 0.0000e+00
1.0000e+00 0.0000e+00
1.0000e+00 0.0000e+00
1.0000e+00 0.0000e+00
1.0000e+00 0.0000e+00
1.0000e+00 0.0000e+00
1.0000e+00 0.0000e+00
1.0000e+00 0.0000e+00
1.0000e+00 0.0000e+00
1.0000e+00 0.0000e+00
1.0000e+00 0.0000e+00
1.0000e+00 0.0000e+00
1.0000e+00 0.0000e+00
1.0000e+00 0.0000e+00
1.0000e+00 0.0000e+00
1.0000e+00 0.0000e+00
1.0000e+00 0.0000e+00
1.0000e+00 0.0000e+00
1.0000e+00 0.0000e+00
1.0000e+00 0.0000e+00
1.0000e+00 0.0000e+00
1.0000e+00 0.0000e+00
1.0000e+00 0.0000e+00
1.0000e+00 0.0000e+00
1.0000e+00 0.0000e+00
1.0000e+00 0.0000e+00
1.0000e+00 0.0000e+00
1.0000e+00 0.0000e+00
1.0000e+00 0.0000e+00
1.0000e+00 0.0000e+00
1.0000e+00 0.0000e+00
1.0000e+00 0.0000e+00
1.0000e+00 0.0000e+00
1.0000e+00 0.0000e+00
1.0000e+00 0.0000e+00
1.0000e+00 0.0000e+00
1.0000e+00 0.0000e+00
1.0000e+00 0.0000e+00
1.0000e+00 0.0000e+00
1.0000e+00 0.0000e+00
1.0000e+00 0.0000e+00
1.0000e+00 0.0000e+00
1.0000e+00 0.0000e+00
1.0000e+00 0.0000e+00
1.0000e+00 0.0000e+00
1.0000e+00 0.0000e+00
1.0000e+00 0.0000e+00
1.0000e+00 0.0000e+00
1.0000e+00 0.0000e+00
1.0000e+00 0.0000e+00
1.0000e+00 0.0000e+00
1.0000e+00 0.0000e+00
1.0000e+00 0.0000e+00
1.0000e+00 0.0000e+00
1.0000e+00 0.0000e+00
1.0000e+00 0.0000e+00
1.0000e+00 0.0000e+00
1.0000e+00 0.0000e+00
1.0000e+00 0.0000e+00
1.0000e+00 0.0000e+00
1.0000e+00 0.0000e+00
1.0000e+00 0.0000e+00
1.0000e+00 0.0000e+00
1.0000e+00 0.0000e+00
1.0000e+00 0.0000e+00
1.0000e+00 0.0000e+00
1.0000e+00 0.0000e+00
1.0000e+00 0.0000e+00
1.0000e+00 0.0000e+00
1.0000e+00 0.0000e+00
1.0000e+00 0.0000e+00
1.0000e+00 0.0000e+00
1.0000e+00 0.0000e+00
1.0000e+00 0.0000e+00
1.0000e+00 0.0000e+00
1.0000e+00 0.0000e+00
1.0000e+00 0.0000e+00
1.0000e+00 0.0000e+00
1.0000e+00 0.0000e+00
1.0000e+00 0.0000e+00
1.0000e+00 0.0000e+00
1.0000e+00 0.0000e+00
1.0000e+00 0.0000e+00
1.0000e+00 0.0000e+00
1.0000e+00 0.0000e+00
1.0000e+00 0.0000e+00
1.0000e+00 0.0000e+00
1.0000e+00 0.0000e+00
1.0000e+00 0.0000e+00
1.0000e+00 0.0000e+00
1.0000e+00 0.0000e+00
1.0000e+00 0.0000e+00
1.0000e+00 0.0000e+00
1.0000e+00 0.0000e+00
1.0000e+00 0.0000e+00
1.0000e+00 0.0000e+00
1.0000e+00 0.0000e+00
1.0000e+00 0.0000e+00
1.0000e+00 0.0000e+00
1.0000e+00 0.0000e+00
1.0000e+00 0.0000e+00
1.0000e+00 0.0000e+00
1.0000e+00 0.0000e+00
1.0000e+00 0.0000e+00
1.0000e+00 0.0000e+00
1.0000e+00 0.0000e+00
1.0000e+00 0.0000e+00
1.0000e+00 0.0000e+00
1.0000e+00 0.0000e+00
1.0000e+00 0.0000e+00
1.0000e+00 0.0000e+00
1.0000e+00 0.0000e+00
1.0000e+00 0.0000e+00
1.0000e+00 0.0000e+00
1.0000e+00 0.0000e+00
1.0000e+00 0.0000e+00
1.0000e+00 0.0000e+00
1.0000e+00 0.0000e+00
1.0000e+00 0.0000e+00
1.0000e+00 0.0000e+00
1.0000e+00 0.0000e+00
1.0000e+00 0.0000e+00
1.0000e+00 0.0000e+00
1.0000e+00 0.0000e+00
1.0000e+00 0.0000e+00
1.0000e+00 0.0000e+00
1.0000e+00 0.0000e+00
1.0000e+00 0.0000e+00
1.0000e+00 0.0000e+00
1.0000e+00 0.0000e+00
1.0000e+00 0.0000e+00
1.0000e+00 0.0000e+00
1.0000e+00 0.0000e+00
1.0000e+00 0.0000e+00
1.0000e+00 0.0000e+00
1.0000e+00 0.0000e+00
1.0000e+00 0.0000e+00
1.0000e+00 0.0000e+00
1.0000e+00 0.0000e+00
1.0000e+00 0.0000e+00
1.0000e+00 0.0000e+00
1.0000e+00 0.0000e+00
1.0000e+00 0.0000e+00
1.0000e+00 0.0000e+00
1.0000e+00 0.0000e+00
1.0000e+00 0.0000e+00
1.0000e+00 0.0000e+00
1.0000e+00 0.0000e+00
1.0000e+00 0.0000e+00
1.0000e+00 0.0000e+00
1.0000e+00 0.0000e+00
1.0000e+00 0.0000e+00
1.0000e+00 0.0000e+00
1.0000e+00 0.0000e+00
1.0000e+00 0.0000e+00
1.0000e+00 0.0000e+00
1.0000e+00 0.0000e+00
1.0000e+00 0.0000e+00
1.0000e+00 0.0000e+00
1.0000e+00 0.0000e+00
1.0000e+00 0.0000e+00
1.0000e+00 0.0000e+00
1.0000e+00 0.0000e+00
1.0000e+00 0.0000e+00
1.0000e+00 0.0000e+00
1.0000e+00 0.0000e+00
1.0000e+00 0.0000e+00
1.0000e+00 0.0000e+00
1.0000e+00 0.0000e+00
1.0000e+00 0.0000e+00
1.0000e+00 0.0000e+00
1.0000e+00 0.0000e+00
1.0000e+00 0.0000e+00
1.0000e+00 0.0000e+00
1.0000e+00 0.0000e+00
1.0000e+00 0.0000e+00
1.0000e+00 0.0000e+00
1.0000e+00 0.0000e+00
1.0000e+00 0.0000e+00
1.0000e+00 0.0000e+00
1.0000e+00 0.0000e+00
1.0000e+00 0.0000e+00
1.0000e+00 0.0000e+00
1.0000e+00 0.0000e+00
1.0000e+00 0.0000e+00
1.0000e+00 0.0000e+00
1.0000e+00 0.0000e+00
1.0000e+00 0.0000e+00
1.0000e+00 0.0000e+00
1.0000e+00 0.0000e+00
1.0000e+00 0.0000e+00
1.0000e+00 0.0000e+00
1.0000e+00 0.0000e+00
1.0000e+00 0.0000e+00
1.0000e+00 0.0000e+00
1.0000e+00 0.0000e+00
1.0000e+00 0.0000e+00
1.0000e+00 0.0000e+00
1.0000e+00 0.0000e+00
1.0000e+00 0.0000e+00
1.0000e+00 0.0000e+00
1.0000e+00 0.0000e+00
1.0000e+00 0.0000e+00
1.0000e+00 0.0000e+00
1.0000e+00 0.0000e+00
1.0000e+00 0.0000e+00
1.0000e+00 0.0000e+00
1.0000e+00 0.0000e+00
1.0000e+00 0.0000e+00
1.0000e+00 0.0000e+00
1.0000e+00 0.0000e+00
1.0000e+00 0.0000e+00
1.0000e+00 0.0000e+00
1.0000e+00 0.0000e+00
1.0000e+00 0.0000e+00
1.0000e+00 0.0000e+00
1.0000e+00 0.0000e+00
1.0000e+00 0.0000e+00
1.0000e+00 0.0000e+00
1.0000e+00 0.0000e+00
1.0000e+00 0.0000e+00
1.0000e+00 0.0000e+00
1.0000e+00 0.0000e+00
1.0000e+00 0.0000e+00
1.0000e+00 0.0000e+00
1.0000e+00 0.0000e+00
1.0000e+00 0.0000e+00
1.0000e+00 0.0000e+00
1.0000e+00 0.0000e+00
1.0000e+00 0.0000e+00
1.0000e+00 0.0000e+00
1.0000e+00 0.0000e+00
1.0000e+00 0.0000e+00
1.0000e+00 0.0000e+00
1.0000e+00 0.0000e+00
1.0000e+00 0.0000e+00
1.0000e+00 0.0000e+00
1.0000e+00 0.0000e+00
1.0000e+00 0.0000e+00
1.0000e+00 0.0000e+00
1.0000e+00 0.0000e+00
1.0000e+00 0.0000e+00
1.0000e+00 0.0000e+00
1.0000e+00 0.0000e+00
1.0000e+00 0.0000e+00
1.0000e+00 0.0000e+00
1.0000e+00 0.0000e+00
1.0000e+00 0.0000e+00
1.0000e+00 0.0000e+00
1.0000e+00 0.0000e+00
1.0000e+00 0.0000e+00
1.0000e+00 0.0000e+00
1.0000e+00 0.0000e+00
1.0000e+00 0.0000e+00
1.0000e+00 0.0000e+00
1.0000e+00 0.0000e+00
1.0000e+00 0.0000e+00
1.0000e+00 0.0000e+00
1.0000e+00 0.0000e+00
1.0000e+00 0.0000e+00
1.0000e+00 0.0000e+00
1.0000e+00 0.0000e+00
1.0000e+00 0.0000e+00
1.0000e+00 0.0000e+00
1.0000e+00 0.0000e+00
1.0000e+00 0.0000e+00
1.0000e+00 0.0000e+00
1.0000e+00 0.0000e+00
1.0000e+00 0.0000e+00
1.0000e+00 0.0000e+00
1.0000e+00 0.0000e+00
1.0000e+00 0.0000e+00
1.0000e+00 0.0000e+00
1.0000e+00 0.0000e+00
1.0000e+00 0.0000e+00
1.0000e+00 0.0000e+00
1.0000e+00 0.0000e+00
1.0000e+00 0.0000e+00
1.0000e+00 0.0000e+00
1.0000e+00 0.0000e+00
1.0000e+00 0.0000e+00
1.0000e+00 0.0000e+00
1.0000e+00 0.0000e+00
1.0000e+00 0.0000e+00
1.0000e+00 0.0000e+00
1.0000e+00 0.0000e+00
1.0000e+00 0.0000e+00
1.0000e+00 0.0000e+00
1.0000e+00 0.0000e+00
1.0000e+00 0.0000e+00
1.0000e+00 0.0000e+00
1.0000e+00 0.0000e+00
1.0000e+00 0.0000e+00
1.0000e+00 0.0000e+00
1.0000e+00 0.0000e+00
1.0000e+00 0.0000e+00
1.0000e+00 0.0000e+00
1.0000e+00 0.0000e+00
1.0000e+00 0.0000e+00
1.0000e+00 0.0000e+00
1.0000e+00 0.0000e+00
1.0000e+00 0.0000e+00
1.0000e+00 0.0000e+00
1.0000e+00 0.0000e+00
1.0000e+00 0.0000e+00
1.0000e+00 0.0000e+00
1.0000e+00 0.0000e+00
1.0000e+00 0.0000e+00
1.0000e+00 0.0000e+00
1.0000e+00 0.0000e+00
1.0000e+00 0.0000e+00
1.0000e+00 0.0000e+00
1.0000e+00 0.0000e+00
1.0000e+00 0.0000e+00
1.0000e+00 0.0000e+00
1.0000e+00 0.0000e+00
1.0000e+00 0.0000e+00
1.0000e+00 0.0000e+00
1.0000e+00 0.0000e+00
1.0000e+00 0.0000e+00
1.0000e+00 0.0000e+00
1.0000e+00 0.0000e+00
1.0000e+00 0.0000e+00
1.0000e+00 0.0000e+00
1.0000e+00 0.0000e+00
1.0000e+00 0.0000e+00
1.0000e+00 0.0000e+00
1.0000e+00 0.0000e+00
1.0000e+00 0.0000e+00
1.0000e+00 0.0000e+00
1.0000e+00 0.0000e+00
1.0000e+00 0.0000e+00
1.0000e+00 0.0000e+00
1.0000e+00 0.0000e+00
1.0000e+00 0.0000e+00
1.0000e+00 0.0000e+00
1.0000e+00 0.0000e+00
1.0000e+00 0.0000e+00
1.0000e+00 0.0000e+00
1.0000e+00 0.0000e+00
1.0000e+00 0.0000e+00
1.0000e+00 0.0000e+00
1.0000e+00 0.0000e+00
1.0000e+00 0.0000e+00
1.0000e+00 0.0000e+00
1.0000e+00 0.0000e+00
1.0000e+00 0.0000e+00
1.0000e+00 0.0000e+00
1.0000e+00 0.0000e+00
1.0000e+00 0.0000e+00
1.0000e+00 0.0000e+00
1.0000e+00 0.0000e+00
1.0000e+00 0.0000e+00
1.0000e+00 0.0000e+00
1.0000e+00 0.0000e+00
1.0000e+00 0.0000e+00
1.0000e+00 0.0000e+00
1.0000e+00 0.0000e+00
1.0000e+00 0.0000e+00
1.0000e+00 0.0000e+00
1.0000e+00 0.0000e+00
1.0000e+00 0.0000e+00
1.0000e+00 0.0000e+00
1.0000e+00 0.0000e+00
1.0000e+00 0.0000e+00
1.0000e+00 0.0000e+00
1.0000e+00 0.0000e+00
1.0000e+00 0.0000e+00
1.0000e+00 0.0000e+00
1.0000e+00 0.0000e+00
1.0000e+00 0.0000e+00
1.0000e+00 0.0000e+00
1.0000e+00 0.0000e+00
1.0000e+00 0.0000e+00
1.0000e+00 0.0000e+00
1.0000e+00 0.0000e+00
1.0000e+00 0.0000e+00
1.0000e+00 0.0000e+00
1.0000e+00 0.0000e+00
1.0000e+00 0.0000e+00
1.0000e+00 0.0000e+00
1.0000e+00 0.0000e+00
1.0000e+00 0.0000e+00
1.0000e+00 0.0000e+00
1.0000e+00 0.0000e+00
1.0000e+00 0.0000e+00
1.0000e+00 0.0000e+00
1.0000e+00 0.0000e+00
1.0000e+00 0.0000e+00
1.0000e+00 0.0000e+00
1.0000e+00 0.0000e+00
1.0000e+00 0.0000e+00
1.0000e+00 0.0000e+00
1.0000e+00 0.0000e+00
1.0000e+00 0.0000e+00
1.0000e+00 0.0000e+00
1.0000e+00 0.0000e+00
1.0000e+00 0.0000e+00
1.0000e+00 0.0000e+00
1.0000e+00 0.0000e+00
1.0000e+00 0.0000e+00
1.0000e+00 0.0000e+00
1.0000e+00 0.0000e+00
1.0000e+00 0.0000e+00
1.0000e+00 0.0000e+00
1.0000e+00 0.0000e+00
1.0000e+00 0.0000e+00
1.0000e+00 0.0000e+00
1.0000e+00 0.0000e+00
1.0000e+00 0.0000e+00
1.0000e+00 0.0000e+00
1.0000e+00 0.0000e+00
1.0000e+00 0.0000e+00
1.0000e+00 0.0000e+00
1.0000e+00 0.0000e+00
1.0000e+00 0.0000e+00
1.0000e+00 0.0000e+00
1.0000e+00 0.0000e+00
1.0000e+00 0.0000e+00
1.0000e+00 0.0000e+00
1.0000e+00 0.0000e+00
1.0000e+00 0.0000e+00
1.0000e+00 0.0000e+00
1.0000e+00 0.0000e+00
1.0000e+00 0.0000e+00
1.0000e+00 0.0000e+00
1.0000e+00 0.0000e+00
1.0000e+00 0.0000e+00
1.0000e+00 0.0000e+00
1.0000e+00 0.0000e+00
1.0000e+00 0.0000e+00
1.0000e+00 0.0000e+00
1.0000e+00 0.0000e+00
1.0000e+00 0.0000e+00
1.0000e+00 0.0000e+00
1.0000e+00 0.0000e+00
1.0000e+00 0.0000e+00
1.0000e+00 0.0000e+00
1.0000e+00 0.0000e+00
1.0000e+00 0.0000e+00
1.0000e+00 0.0000e+00
1.0000e+00 0.0000e+00
1.0000e+00 0.0000e+00
1.0000e+00 0.0000e+00
1.0000e+00 0.0000e+00
1.0000e+00 0.0000e+00
1.0000e+00 0.0000e+00
1.0000e+00 0.0000e+00
1.0000e+00 0.0000e+00
1.0000e+00 0.0000e+00
1.0000e+00 0.0000e+00
1.0000e+00 0.0000e+00
1.0000e+00 0.0000e+00
1.0000e+00 0.0000e+00
1.0000e+00 0.0000e+00
1.0000e+00 0.0000e+00
1.0000e+00 0.0000e+00
1.0000e+00 0.0000e+00
1.0000e+00 0.0000e+00
1.0000e+00 0.0000e+00
1.0000e+00 0.0000e+00
1.0000e+00 0.0000e+00
1.0000e+00 0.0000e+00
1.0000e+00 0.0000e+00
1.0000e+00 0.0000e+00
1.0000e+00 0.0000e+00
1.0000e+00 0.0000e+00
1.0000e+00 0.0000e+00
1.0000e+00 0.0000e+00
1.0000e+00 0.0000e+00
1.0000e+00 0.0000e+00
1.0000e+00 0.0000e+00
1.0000e+00 0.0000e+00
1.0000e+00 0.0000e+00
1.0000e+00 0.0000e+00
1.0000e+00 0.0000e+00
1.0000e+00 0.0000e+00
1.0000e+00 0.0000e+00
1.0000e+00 0.0000e+00
1.0000e+00 0.0000e+00
1.0000e+00 0.0000e+00
1.0000e+00 0.0000e+00
