8.9059e-03 9.9996e-01
2.8496e-02 9.9959e-01
4.2615e-02 9.9909e-01
4.4677e-02 9.9900e-01
3.4871e-02 9.9939e-01
4.4937e-02 9.9899e-01
9.6975e-02 9.9529e-01
1.7572e-01 9.8444e-01
2.3466e-01 9.7208e-01
2.4576e-01 9.6933e-01
2.2958e-01 9.7329e-01
2.1702e-01 9.7617e-01
2.0472e-01 9.7882e-01
1.8688e-01 9.8238e-01
1.7480e-01 9.8460e-01
1.6112e-01 9.8693e-01
1.3447e-01 9.9092e-01
1.0715e-01 9.9424e-01
8.3935e-02 9.9647e-01
4.1604e-02 9.9913e-01
-2.1468e-02 9.9977e-01
-9.4948e-02 9.9548e-01
-1.6241e-01 9.8672e-01
-2.0853e-01 9.7802e-01
-2.3405e-01 9.7222e-01
-2.3975e-01 9.7083e-01
-2.4354e-01 9.6989e-01
-2.4474e-01 9.6959e-01
-2.3621e-01 9.7170e-01
-2.1040e-01 9.7761e-01
-1.6227e-01 9.8675e-01
-1.0795e-01 9.9416e-01
-6.9869e-02 9.9756e-01
-4.2981e-02 9.9908e-01
-8.8666e-03 9.9996e-01
3.1206e-02 9.9951e-01
7.4631e-02 9.9721e-01
1.1692e-01 9.9314e-01
1.4016e-01 9.9013e-01
1.4083e-01 9.9003e-01
1.2380e-01 9.9231e-01
8.2433e-02 9.9660e-01
2.9110e-02 9.9958e-01
-2.3921e-02 9.9971e-01
-5.9053e-02 9.9825e-01
-4.8583e-02 9.9882e-01
-2.5987e-02 9.9966e-01
-1.6865e-02 9.9986e-01
-1.0650e-02 9.9994e-01
-2.4198e-02 9.9971e-01
-5.8269e-02 9.9830e-01
-8.7499e-02 9.9616e-01
-8.5534e-02 9.9634e-01
-7.1246e-02 9.9746e-01
-6.4224e-02 9.9794e-01
-4.4564e-02 9.9901e-01
-2.2208e-02 9.9975e-01
-1.8849e-02 9.9982e-01
-2.4589e-02 9.9970e-01
-2.6095e-02 9.9966e-01
-2.3883e-02 9.9971e-01
-1.9727e-02 9.9981e-01
-7.2313e-03 9.9997e-01
1.6823e-02 9.9986e-01
4.3836e-02 9.9904e-01
6.5588e-02 9.9785e-01
6.7408e-02 9.9773e-01
5.7824e-02 9.9833e-01
3.3032e-02 9.9945e-01
-1.6794e-02 9.9986e-01
-6.3307e-02 9.9799e-01
-9.8123e-02 9.9517e-01
-1.3002e-01 9.9151e-01
-1.7109e-01 9.8526e-01
-2.0691e-01 9.7836e-01
-2.0531e-01 9.7870e-01
-1.7651e-01 9.8430e-01
-1.3889e-01 9.9031e-01
-9.5538e-02 9.9543e-01
-5.2768e-02 9.9861e-01
-2.1235e-02 9.9977e-01
-2.4839e-03 1.0000e+00
1.2283e-02 9.9992e-01
1.3270e-02 9.9991e-01
7.7729e-03 9.9997e-01
3.4539e-02 9.9940e-01
8.4964e-02 9.9638e-01
1.4447e-01 9.8951e-01
2.0404e-01 9.7896e-01
2.4108e-01 9.7051e-01
2.7094e-01 9.6260e-01
2.8483e-01 9.5858e-01
2.6009e-01 9.6558e-01
1.9519e-01 9.8077e-01
1.0958e-01 9.9398e-01
3.9615e-02 9.9922e-01
-1.5824e-02 9.9987e-01
-4.6801e-02 9.9890e-01
-3.4607e-02 9.9940e-01
-5.1111e-03 9.9999e-01
5.9075e-03 9.9998e-01
-5.0915e-03 9.9999e-01
-6.3125e-03 9.9998e-01
6.1622e-03 9.9998e-01
3.3413e-02 9.9944e-01
6.8950e-02 9.9762e-01
9.2316e-02 9.9573e-01
1.0032e-01 9.9496e-01
9.7778e-02 9.9521e-01
7.9234e-02 9.9686e-01
4.5465e-02 9.9897e-01
7.0041e-03 9.9998e-01
-2.6972e-02 9.9964e-01
-5.0770e-02 9.9871e-01
-6.4355e-02 9.9793e-01
-6.6501e-02 9.9779e-01
-7.7961e-02 9.9696e-01
-9.8647e-02 9.9512e-01
-1.3478e-01 9.9088e-01
-1.6858e-01 9.8569e-01
-1.8505e-01 9.8273e-01
-2.0141e-01 9.7951e-01
-2.1530e-01 9.7655e-01
-2.3894e-01 9.7103e-01
-2.6919e-01 9.6309e-01
-2.8098e-01 9.5971e-01
-2.8402e-01 9.5882e-01
-2.9182e-01 9.5647e-01
-2.8637e-01 9.5812e-01
-2.4327e-01 9.6996e-01
-1.7622e-01 9.8435e-01
-1.2210e-01 9.9252e-01
-7.8149e-02 9.9694e-01
-3.5177e-02 9.9938e-01
-2.8639e-04 1.0000e+00
2.9023e-02 9.9958e-01
8.0463e-02 9.9676e-01
1.6422e-01 9.8642e-01
2.3266e-01 9.7256e-01
2.5230e-01 9.6765e-01
2.3776e-01 9.7132e-01
2.1412e-01 9.7681e-01
1.9701e-01 9.8040e-01
1.8831e-01 9.8211e-01
1.7094e-01 9.8528e-01
1.2942e-01 9.9159e-01
7.6533e-02 9.9707e-01
3.0825e-02 9.9952e-01
1.4336e-03 1.0000e+00
-1.3433e-02 9.9991e-01
-2.0869e-02 9.9978e-01
-3.3220e-02 9.9945e-01
-4.4540e-02 9.9901e-01
-2.8531e-02 9.9959e-01
-6.2978e-03 9.9998e-01
8.2603e-03 9.9997e-01
3.5612e-02 9.9937e-01
6.0963e-02 9.9814e-01
6.7620e-02 9.9771e-01
6.1746e-02 9.9809e-01
4.1629e-02 9.9913e-01
7.7286e-03 9.9997e-01
-3.6692e-02 9.9933e-01
-7.0526e-02 9.9751e-01
-7.4061e-02 9.9725e-01
-5.3799e-02 9.9855e-01
-3.8868e-02 9.9924e-01
-5.6392e-02 9.9841e-01
-1.0742e-01 9.9421e-01
-1.7607e-01 9.8438e-01
-2.2858e-01 9.7353e-01
-2.6098e-01 9.6534e-01
-2.6435e-01 9.6443e-01
-2.3988e-01 9.7080e-01
-2.0543e-01 9.7867e-01
-1.5713e-01 9.8758e-01
-9.5352e-02 9.9544e-01
-4.5719e-02 9.9895e-01
-2.2869e-02 9.9974e-01
-4.8454e-03 9.9999e-01
2.4601e-02 9.9970e-01
8.4517e-02 9.9642e-01
1.6050e-01 9.8704e-01
2.1921e-01 9.7568e-01
2.5693e-01 9.6643e-01
2.6543e-01 9.6413e-01
2.4501e-01 9.6952e-01
2.1450e-01 9.7672e-01
1.9120e-01 9.8155e-01
1.8232e-01 9.8324e-01
1.6499e-01 9.8629e-01
1.3395e-01 9.9099e-01
1.2042e-01 9.9272e-01
1.2942e-01 9.9159e-01
1.4083e-01 9.9003e-01
1.4930e-01 9.8879e-01
1.3008e-01 9.9150e-01
8.2978e-02 9.9655e-01
4.1685e-02 9.9913e-01
5.0033e-03 9.9999e-01
-2.7587e-02 9.9962e-01
-4.5596e-02 9.9896e-01
-5.9515e-02 9.9823e-01
-9.0263e-02 9.9592e-01
-1.1129e-01 9.9379e-01
-1.1908e-01 9.9289e-01
-1.3444e-01 9.9092e-01
-1.4716e-01 9.8911e-01
-1.5892e-01 9.8729e-01
-1.5923e-01 9.8724e-01
-1.1571e-01 9.9328e-01
-3.4542e-02 9.9940e-01
2.6957e-02 9.9964e-01
4.7520e-02 9.9887e-01
5.0598e-02 9.9872e-01
5.0520e-02 9.9872e-01
4.8635e-02 9.9882e-01
5.3693e-02 9.9856e-01
4.7629e-02 9.9887e-01
2.0956e-02 9.9978e-01
-4.5840e-03 9.9999e-01
-1.3772e-02 9.9991e-01
-2.5862e-03 1.0000e+00
2.0176e-02 9.9980e-01
3.6935e-02 9.9932e-01
4.9246e-02 9.9879e-01
6.8275e-02 9.9767e-01
8.9742e-02 9.9597e-01
1.2161e-01 9.9258e-01
1.5408e-01 9.8806e-01
1.6709e-01 9.8594e-01
1.6481e-01 9.8633e-01
1.4873e-01 9.8888e-01
1.0569e-01 9.9440e-01
5.1988e-02 9.9865e-01
2.0459e-02 9.9979e-01
6.8417e-03 9.9998e-01
6.3589e-05 1.0000e+00
1.0797e-02 9.9994e-01
3.1617e-02 9.9950e-01
3.9203e-02 9.9923e-01
3.2348e-02 9.9948e-01
3.7738e-02 9.9929e-01
5.5932e-02 9.9843e-01
4.9800e-02 9.9876e-01
2.3213e-02 9.9973e-01
6.5339e-04 1.0000e+00
-2.2284e-02 9.9975e-01
-5.4893e-02 9.9849e-01
-9.6612e-02 9.9532e-01
-1.3540e-01 9.9079e-01
-1.3878e-01 9.9032e-01
-1.2045e-01 9.9272e-01
-1.0994e-01 9.9394e-01
-1.1526e-01 9.9334e-01
-1.5654e-01 9.8767e-01
-2.1076e-01 9.7754e-01
-2.4506e-01 9.6951e-01
-2.5087e-01 9.6802e-01
-2.1569e-01 9.7646e-01
-1.3872e-01 9.9033e-01
-5.9298e-02 9.9824e-01
-1.9733e-02 9.9981e-01
4.8862e-04 1.0000e+00
4.0611e-02 9.9918e-01
8.4726e-02 9.9640e-01
9.8057e-02 9.9518e-01
9.3082e-02 9.9566e-01
9.1935e-02 9.9577e-01
9.0571e-02 9.9589e-01
9.5580e-02 9.9542e-01
1.2051e-01 9.9271e-01
1.5017e-01 9.8866e-01
1.5923e-01 9.8724e-01
1.4789e-01 9.8900e-01
1.2024e-01 9.9274e-01
9.0941e-02 9.9586e-01
6.5719e-02 9.9784e-01
3.3776e-02 9.9943e-01
-8.7050e-03 9.9996e-01
-6.9853e-02 9.9756e-01
-1.4092e-01 9.9002e-01
-1.9845e-01 9.8011e-01
-2.2335e-01 9.7474e-01
-2.2529e-01 9.7429e-01
-2.2018e-01 9.7546e-01
-2.0846e-01 9.7803e-01
-1.9756e-01 9.8029e-01
-1.9637e-01 9.8053e-01
-2.0361e-01 9.7905e-01
-1.9580e-01 9.8064e-01
-1.6400e-01 9.8646e-01
-1.2241e-01 9.9248e-01
-7.7585e-02 9.9699e-01
-4.7870e-02 9.9885e-01
-4.3331e-02 9.9906e-01
-4.5423e-02 9.9897e-01
-4.0015e-02 9.9920e-01
1.0000e+00 0.0000e+00
1.0000e+00 0.0000e+00
1.0000e+00 0.0000e+00
1.0000e+00 0.0000e+00
1.0000e+00 0.0000e+00
1.0000e+00 0.0000e+00
1.0000e+00 0.0000e+00
1.0000e+00 0.0000e+00
1.0000e+00 0.0000e+00
1.0000e+00 0.0000e+00
1.0000e+00 0.0000e+00
1.0000e+00 0.0000e+00
1.0000e+00 0.0000e+00
1.0000e+00 0.0000e+00
1.0000e+00 0.0000e+00
1.0000e+00 0.0000e+00
1.0000e+00 0.0000e+00
1.0000e+00 0.0000e+00
1.0000e+00 0.0000e+00
1.0000e+00 0.0000e+00
1.0000e+00 0.0000e+00
1.0000e+00 0.0000e+00
1.0000e+00 0.0000e+00
1.0000e+00 0.0000e+00
1.0000e+00 0.0000e+00
1.0000e+00 0.0000e+00
1.0000e+00 0.0000e+00
1.0000e+00 0.0000e+00
1.0000e+00 0.0000e+00
1.0000e+00 0.0000e+00
1.0000e+00 0.0000e+00
1.0000e+00 0.0000e+00
1.0000e+00 0.0000e+00
1.0000e+00 0.0000e+00
1.0000e+00 0.0000e+00
1.0000e+00 0.0000e+00
1.0000e+00 0.0000e+00
1.0000e+00 0.0000e+00
1.0000e+00 0.0000e+00
1.0000e+00 0.0000e+00
1.0000e+00 0.0000e+00
1.0000e+00 0.0000e+00
1.0000e+00 0.0000e+00
1.0000e+00 0.0000e+00
1.0000e+00 0.0000e+00
1.0000e+00 0.0000e+00
1.0000e+00 0.0000e+00
1.0000e+00 0.0000e+00
1.0000e+00 0.0000e+00
1.0000e+00 0.0000e+00
1.0000e+00 0.0000e+00
1.0000e+00 0.0000e+00
1.0000e+00 0.0000e+00
1.0000e+00 0.0000e+00
1.0000e+00 0.0000e+00
1.0000e+00 0.0000e+00
1.0000e+00 0.0000e+00
1.0000e+00 0.0000e+00
1.0000e+00 0.0000e+00
1.0000e+00 0.0000e+00
1.0000e+00 0.0000e+00
1.0000e+00 0.0000e+00
1.0000e+00 0.0000e+00
1.0000e+00 0.0000e+00
1.0000e+00 0.0000e+00
1.0000e+00 0.0000e+00
1.0000e+00 0.0000e+00
1.0000e+00 0.0000e+00
1.0000e+00 0.0000e+00
1.0000e+00 0.0000e+00
1.0000e+00 0.0000e+00
1.0000e+00 0.0000e+00
1.0000e+00 0.0000e+00
1.0000e+00 0.0000e+00
1.0000e+00 0.0000e+00
1.0000e+00 0.0000e+00
1.0000e+00 0.0000e+00
1.0000e+00 0.0000e+00
1.0000e+00 0.0000e+00
1.0000e+00 0.0000e+00
1.0000e+00 0.0000e+00
1.0000e+00 0.0000e+00
1.0000e+00 0.0000e+00
1.0000e+00 0.0000e+00
1.0000e+00 0.0000e+00
1.0000e+00 0.0000e+00
1.0000e+00 0.0000e+00
1.0000e+00 0.0000e+00
1.0000e+00 0.0000e+00
1.0000e+00 0.0000e+00
1.0000e+00 0.0000e+00
1.0000e+00 0.0000e+00
1.0000e+00 0.0000e+00
1.0000e+00 0.0000e+00
1.0000e+00 0.0000e+00
1.0000e+00 0.0000e+00
1.0000e+00 0.0000e+00
1.0000e+00 0.0000e+00
1.0000e+00 0.0000e+00
1.0000e+00 0.0000e+00
1.0000e+00 0.0000e+00
1.0000e+00 0.0000e+00
1.0000e+00 0.0000e+00
1.0000e+00 0.0000e+00
1.0000e+00 0.0000e+00
1.0000e+00 0.0000e+00
1.0000e+00 0.0000e+00
1.0000e+00 0.0000e+00
1.0000e+00 0.0000e+00
1.0000e+00 0.0000e+00
1.0000e+00 0.0000e+00
1.0000e+00 0.0000e+00
1.0000e+00 0.0000e+00
1.0000e+00 0.0000e+00
1.0000e+00 0.0000e+00
1.0000e+00 0.0000e+00
1.0000e+00 0.0000e+00
1.0000e+00 0.0000e+00
1.0000e+00 0.0000e+00
1.0000e+00 0.0000e+00
1.0000e+00 0.0000e+00
1.0000e+00 0.0000e+00
1.0000e+00 0.0000e+00
1.0000e+00 0.0000e+00
1.0000e+00 0.0000e+00
1.0000e+00 0.0000e+00
1.0000e+00 0.0000e+00
1.0000e+00 0.0000e+00
1.0000e+00 0.0000e+00
1.0000e+00 0.0000e+00
1.0000e+00 0.0000e+00
1.0000e+00 0.0000e+00
1.0000e+00 0.0000e+00
1.0000e+00 0.0000e+00
1.0000e+00 0.0000e+00
1.0000e+00 0.0000e+00
1.0000e+00 0.0000e+00
1.0000e+00 0.0000e+00
1.0000e+00 0.0000e+00
1.0000e+00 0.0000e+00
1.0000e+00 0.0000e+00
1.0000e+00 0.0000e+00
1.0000e+00 0.0000e+00
1.0000e+00 0.0000e+00
1.0000e+00 0.0000e+00
1.0000e+00 0.0000e+00
1.0000e+00 0.0000e+00
1.0000e+00 0.0000e+00
1.0000e+00 0.0000e+00
1.0000e+00 0.0000e+00
1.0000e+00 0.0000e+00
1.0000e+00 0.0000e+00
1.0000e+00 0.0000e+00
1.0000e+00 0.0000e+00
1.0000e+00 0.0000e+00
1.0000e+00 0.0000e+00
1.0000e+00 0.0000e+00
1.0000e+00 0.0000e+00
1.0000e+00 0.0000e+00
1.0000e+00 0.0000e+00
1.0000e+00 0.0000e+00
1.0000e+00 0.0000e+00
1.0000e+00 0.0000e+00
1.0000e+00 0.0000e+00
1.0000e+00 0.0000e+00
1.0000e+00 0.0000e+00
1.0000e+00 0.0000e+00
1.0000e+00 0.0000e+00
1.0000e+00 0.0000e+00
1.0000e+00 0.0000e+00
1.0000e+00 0.0000e+00
1.0000e+00 0.0000e+00
1.0000e+00 0.0000e+00
1.0000e+00 0.0000e+00
1.0000e+00 0.0000e+00
1.0000e+00 0.0000e+00
1.0000e+00 0.0000e+00
1.0000e+00 0.0000e+00
1.0000e+00 0.0000e+00
1.0000e+00 0.0000e+00
1.0000e+00 0.0000e+00
1.0000e+00 0.0000e+00
1.0000e+00 0.0000e+00
1.0000e+00 0.0000e+00
1.0000e+00 0.0000e+00
1.0000e+00 0.0000e+00
1.0000e+00 0.0000e+00
1.0000e+00 0.0000e+00
1.0000e+00 0.0000e+00
1.0000e+00 0.0000e+00
1.0000e+00 0.0000e+00
1.0000e+00 0.0000e+00
1.0000e+00 0.0000e+00
1.0000e+00 0.0000e+00
1.0000e+00 0.0000e+00
1.0000e+00 0.0000e+00
1.0000e+00 0.0000e+00
1.0000e+00 0.0000e+00
1.0000e+00 0.0000e+00
1.0000e+00 0.0000e+00
1.0000e+00 0.0000e+00
1.0000e+00 0.0000e+00
1.0000e+00 0.0000e+00
1.0000e+00 0.0000e+00
1.0000e+00 0.0000e+00
1.0000e+00 0.0000e+00
1.0000e+00 0.0000e+00
1.0000e+00 0.0000e+00
1.0000e+00 0.0000e+00
1.0000e+00 0.0000e+00
1.0000e+00 0.0000e+00
1.0000e+00 0.0000e+00
1.0000e+00 0.0000e+00
1.0000e+00 0.0000e+00
1.0000e+00 0.0000e+00
1.0000e+00 0.0000e+00
1.0000e+00 0.0000e+00
1.0000e+00 0.0000e+00
1.0000e+00 0.0000e+00
1.0000e+00 0.0000e+00
1.0000e+00 0.0000e+00
1.0000e+00 0.0000e+00
1.0000e+00 0.0000e+00
1.0000e+00 0.0000e+00
0.0000e+00 1.0000e+00
0.0000e+00 1.0000e+00
0.0000e+00 1.0000e+00
0.0000e+00 1.0000e+00
0.0000e+00 1.0000e+00
0.0000e+00 1.0000e+00
0.0000e+00 1.0000e+00
0.0000e+00 1.0000e+00
0.0000e+00 1.0000e+00
0.0000e+00 1.0000e+00
0.0000e+00 1.0000e+00
0.0000e+00 1.0000e+00
0.0000e+00 1.0000e+00
0.0000e+00 1.0000e+00
0.0000e+00 1.0000e+00
0.0000e+00 1.0000e+00
0.0000e+00 1.0000e+00
0.0000e+00 1.0000e+00
0.0000e+00 1.0000e+00
0.0000e+00 1.0000e+00
0.0000e+00 1.0000e+00
0.0000e+00 1.0000e+00
0.0000e+00 1.0000e+00
0.0000e+00 1.0000e+00
0.0000e+00 1.0000e+00
0.0000e+00 1.0000e+00
0.0000e+00 1.0000e+00
0.0000e+00 1.0000e+00
0.0000e+00 1.0000e+00
0.0000e+00 1.0000e+00
0.0000e+00 1.0000e+00
0.0000e+00 1.0000e+00
0.0000e+00 1.0000e+00
0.0000e+00 1.0000e+00
0.0000e+00 1.0000e+00
0.0000e+00 1.0000e+00
0.0000e+00 1.0000e+00
0.0000e+00 1.0000e+00
0.0000e+00 1.0000e+00
0.0000e+00 1.0000e+00
0.0000e+00 1.0000e+00
0.0000e+00 1.0000e+00
0.0000e+00 1.0000e+00
0.0000e+00 1.0000e+00
0.0000e+00 1.0000e+00
0.0000e+00 1.0000e+00
0.0000e+00 1.0000e+00
0.0000e+00 1.0000e+00
0.0000e+00 1.0000e+00
0.0000e+00 1.0000e+00
0.0000e+00 1.0000e+00
0.0000e+00 1.0000e+00
0.0000e+00 1.0000e+00
0.0000e+00 1.0000e+00
0.0000e+00 1.0000e+00
0.0000e+00 1.0000e+00
0.0000e+00 1.0000e+00
0.0000e+00 1.0000e+00
0.0000e+00 1.0000e+00
0.0000e+00 1.0000e+00
0.0000e+00 1.0000e+00
0.0000e+00 1.0000e+00
0.0000e+00 1.0000e+00
0.0000e+00 1.0000e+00
0.0000e+00 1.0000e+00
0.0000e+00 1.0000e+00
0.0000e+00 1.0000e+00
0.0000e+00 1.0000e+00
0.0000e+00 1.0000e+00
0.0000e+00 1.0000e+00
0.0000e+00 1.0000e+00
0.0000e+00 1.0000e+00
0.0000e+00 1.0000e+00
0.0000e+00 1.0000e+00
0.0000e+00 1.0000e+00
0.0000e+00 1.0000e+00
0.0000e+00 1.0000e+00
0.0000e+00 1.0000e+00
0.0000e+00 1.0000e+00
0.0000e+00 1.0000e+00
0.0000e+00 1.0000e+00
0.0000e+00 1.0000e+00
0.0000e+00 1.0000e+00
0.0000e+00 1.0000e+00
0.0000e+00 1.0000e+00
0.0000e+00 1.0000e+00
0.0000e+00 1.0000e+00
0.0000e+00 1.0000e+00
0.0000e+00 1.0000e+00
0.0000e+00 1.0000e+00
0.0000e+00 1.0000e+00
0.0000e+00 1.0000e+00
0.0000e+00 1.0000e+00
0.0000e+00 1.0000e+00
0.0000e+00 1.0000e+00
0.0000e+00 1.0000e+00
0.0000e+00 1.0000e+00
0.0000e+00 1.0000e+00
0.0000e+00 1.0000e+00
0.0000e+00 1.0000e+00
0.0000e+00 1.0000e+00
0.0000e+00 1.0000e+00
0.0000e+00 1.0000e+00
0.0000e+00 1.0000e+00
0.0000e+00 1.0000e+00
0.0000e+00 1.0000e+00
0.0000e+00 1.0000e+00
0.0000e+00 1.0000e+00
0.0000e+00 1.0000e+00
0.0000e+00 1.0000e+00
0.0000e+00 1.0000e+00
0.0000e+00 1.0000e+00
0.0000e+00 1.0000e+00
0.0000e+00 1.0000e+00
0.0000e+00 1.0000e+00
0.0000e+00 1.0000e+00
0.0000e+00 1.0000e+00
0.0000e+00 1.0000e+00
0.0000e+00 1.0000e+00
0.0000e+00 1.0000e+00
0.0000e+00 1.0000e+00
0.0000e+00 1.0000e+00
0.0000e+00 1.0000e+00
0.0000e+00 1.0000e+00
0.0000e+00 1.0000e+00
0.0000e+00 1.0000e+00
0.0000e+00 1.0000e+00
0.0000e+00 1.0000e+00
0.0000e+00 1.0000e+00
0.0000e+00 1.0000e+00
0.0000e+00 1.0000e+00
0.0000e+00 1.0000e+00
0.0000e+00 1.0000e+00
0.0000e+00 1.0000e+00
0.0000e+00 1.0000e+00
0.0000e+00 1.0000e+00
0.0000e+00 1.0000e+00
0.0000e+00 1.0000e+00
0.0000e+00 1.0000e+00
0.0000e+00 1.0000e+00
0.0000e+00 1.0000e+00
0.0000e+00 1.0000e+00
0.0000e+00 1.0000e+00
0.0000e+00 1.0000e+00
0.0000e+00 1.0000e+00
0.0000e+00 1.0000e+00
0.0000e+00 1.0000e+00
0.0000e+00 1.0000e+00
0.0000e+00 1.0000e+00
0.0000e+00 1.0000e+00
0.0000e+00 1.0000e+00
0.0000e+00 1.0000e+00
0.0000e+00 1.0000e+00
0.0000e+00 1.0000e+00
0.0000e+00 1.0000e+00
0.0000e+00 1.0000e+00
0.0000e+00 1.0000e+00
0.0000e+00 1.0000e+00
0.0000e+00 1.0000e+00
0.0000e+00 1.0000e+00
0.0000e+00 1.0000e+00
0.0000e+00 1.0000e+00
0.0000e+00 1.0000e+00
0.0000e+00 1.0000e+00
0.0000e+00 1.0000e+00
0.0000e+00 1.0000e+00
0.0000e+00 1.0000e+00
0.0000e+00 1.0000e+00
0.0000e+00 1.0000e+00
0.0000e+00 1.0000e+00
0.0000e+00 1.0000e+00
0.0000e+00 1.0000e+00
0.0000e+00 1.0000e+00
0.0000e+00 1.0000e+00
0.0000e+00 1.0000e+00
0.0000e+00 1.0000e+00
0.0000e+00 1.0000e+00
0.0000e+00 1.0000e+00
0.0000e+00 1.0000e+00
0.0000e+00 1.0000e+00
0.0000e+00 1.0000e+00
0.0000e+00 1.0000e+00
0.0000e+00 1.0000e+00
0.0000e+00 1.0000e+00
0.0000e+00 1.0000e+00
0.0000e+00 1.0000e+00
0.0000e+00 1.0000e+00
0.0000e+00 1.0000e+00
0.0000e+00 1.0000e+00
0.0000e+00 1.0000e+00
0.0000e+00 1.0000e+00
0.0000e+00 1.0000e+00
0.0000e+00 1.0000e+00
0.0000e+00 1.0000e+00
0.0000e+00 1.0000e+00
0.0000e+00 1.0000e+00
0.0000e+00 1.0000e+00
0.0000e+00 1.0000e+00
0.0000e+00 1.0000e+00
0.0000e+00 1.0000e+00
0.0000e+00 1.0000e+00
0.0000e+00 1.0000e+00
0.0000e+00 1.0000e+00
0.0000e+00 1.0000e+00
0.0000e+00 1.0000e+00
0.0000e+00 1.0000e+00
0.0000e+00 1.0000e+00
0.0000e+00 1.0000e+00
0.0000e+00 1.0000e+00
0.0000e+00 1.0000e+00
0.0000e+00 1.0000e+00
0.0000e+00 1.0000e+00
0.0000e+00 1.0000e+00
0.0000e+00 1.0000e+00
0.0000e+00 1.0000e+00
0.0000e+00 1.0000e+00
0.0000e+00 1.0000e+00
0.0000e+00 1.0000e+00
0.0000e+00 1.0000e+00
0.0000e+00 1.0000e+00
0.0000e+00 1.0000e+00
0.0000e+00 1.0000e+00
0.0000e+00 1.0000e+00
0.0000e+00 1.0000e+00
0.0000e+00 1.0000e+00
0.0000e+00 1.0000e+00
0.0000e+00 1.0000e+00
0.0000e+00 1.0000e+00
0.0000e+00 1.0000e+00
0.0000e+00 1.0000e+00
0.0000e+00 1.0000e+00
0.0000e+00 1.0000e+00
0.0000e+00 1.0000e+00
0.0000e+00 1.0000e+00
0.0000e+00 1.0000e+00
0.0000e+00 1.0000e+00
0.0000e+00 1.0000e+00
0.0000e+00 1.0000e+00
0.0000e+00 1.0000e+00
0.0000e+00 1.0000e+00
0.0000e+00 1.0000e+00
0.0000e+00 1.0000e+00
0.0000e+00 1.0000e+00
0.0000e+00 1.0000e+00
0.0000e+00 1.0000e+00
0.0000e+00 1.0000e+00
0.0000e+00 1.0000e+00
0.0000e+00 1.0000e+00
0.0000e+00 1.0000e+00
0.0000e+00 1.0000e+00
0.0000e+00 1.0000e+00
0.0000e+00 1.0000e+00
0.0000e+00 1.0000e+00
0.0000e+00 1.0000e+00
0.0000e+00 1.0000e+00
0.0000e+00 1.0000e+00
0.0000e+00 1.0000e+00
0.0000e+00 1.0000e+00
0.0000e+00 1.0000e+00
0.0000e+00 1.0000e+00
0.0000e+00 1.0000e+00
0.0000e+00 1.0000e+00
0.0000e+00 1.0000e+00
0.0000e+00 1.0000e+00
0.0000e+00 1.0000e+00
0.0000e+00 1.0000e+00
0.0000e+00 1.0000e+00
0.0000e+00 1.0000e+00
0.0000e+00 1.0000e+00
0.0000e+00 1.0000e+00
0.0000e+00 1.0000e+00
0.0000e+00 1.0000e+00
0.0000e+00 1.0000e+00
0.0000e+00 1.0000e+00
0.0000e+00 1.0000e+00
0.0000e+00 1.0000e+00
0.0000e+00 1.0000e+00
0.0000e+00 1.0000e+00
0.0000e+00 1.0000e+00
0.0000e+00 1.0000e+00
0.0000e+00 1.0000e+00
0.0000e+00 1.0000e+00
0.0000e+00 1.0000e+00
0.0000e+00 1.0000e+00
0.0000e+00 1.0000e+00
0.0000e+00 1.0000e+00
0.0000e+00 1.0000e+00
0.0000e+00 1.0000e+00
0.0000e+00 1.0000e+00
0.0000e+00 1.0000e+00
0.0000e+00 1.0000e+00
0.0000e+00 1.0000e+00
0.0000e+00 1.0000e+00
0.0000e+00 1.0000e+00
0.0000e+00 1.0000e+00
0.0000e+00 1.0000e+00
0.0000e+00 1.0000e+00
0.0000e+00 1.0000e+00
1.0000e+00 0.0000e+00
1.0000e+00 0.0000e+00
1.0000e+00 0.0000e+00
1.0000e+00 0.0000e+00
1.0000e+00 0.0000e+00
1.0000e+00 0.0000e+00
1.0000e+00 0.0000e+00
1.0000e+00 0.0000e+00
1.0000e+00 0.0000e+00
1.0000e+00 0.0000e+00
1.0000e+00 0.0000e+00
1.0000e+00 0.0000e+00
1.0000e+00 0.0000e+00
1.0000e+00 0.0000e+00
1.0000e+00 0.0000e+00
1.0000e+00 0.0000e+00
1.0000e+00 0.0000e+00
1.0000e+00 0.0000e+00
1.0000e+00 0.0000e+00
1.0000e+00 0.0000e+00
1.0000e+00 0.0000e+00
1.0000e+00 0.0000e+00
1.0000e+00 0.0000e+00
1.0000e+00 0.0000e+00
1.0000e+00 0.0000e+00
1.0000e+00 0.0000e+00
1.0000e+00 0.0000e+00
1.0000e+00 0.0000e+00
1.0000e+00 0.0000e+00
1.0000e+00 0.0000e+00
1.0000e+00 0.0000e+00
1.0000e+00 0.0000e+00
1.0000e+00 0.0000e+00
1.0000e+00 0.0000e+00
1.0000e+00 0.0000e+00
1.0000e+00 0.0000e+00
1.0000e+00 0.0000e+00
1.0000e+00 0.0000e+00
1.0000e+00 0.0000e+00
1.0000e+00 0.0000e+00
1.0000e+00 0.0000e+00
1.0000e+00 0.0000e+00
1.0000e+00 0.0000e+00
1.0000e+00 0.0000e+00
1.0000e+00 0.0000e+00
1.0000e+00 0.0000e+00
1.0000e+00 0.0000e+00
1.0000e+00 0.0000e+00
1.0000e+00 0.0000e+00
1.0000e+00 0.0000e+00
1.0000e+00 0.0000e+00
1.0000e+00 0.0000e+00
1.0000e+00 0.0000e+00
1.0000e+00 0.0000e+00
1.0000e+00 0.0000e+00
1.0000e+00 0.0000e+00
1.0000e+00 0.0000e+00
1.0000e+00 0.0000e+00
1.0000e+00 0.0000e+00
1.0000e+00 0.0000e+00
1.0000e+00 0.0000e+00
1.0000e+00 0.0000e+00
1.0000e+00 0.0000e+00
1.0000e+00 0.0000e+00
1.0000e+00 0.0000e+00
1.0000e+00 0.0000e+00
1.0000e+00 0.0000e+00
1.0000e+00 0.0000e+00
1.0000e+00 0.0000e+00
1.0000e+00 0.0000e+00
1.0000e+00 0.0000e+00
1.0000e+00 0.0000e+00
1.0000e+00 0.0000e+00
1.0000e+00 0.0000e+00
1.0000e+00 0.0000e+00
1.0000e+00 0.0000e+00
1.0000e+00 0.0000e+00
1.0000e+00 0.0000e+00
1.0000e+00 0.0000e+00
1.0000e+00 0.0000e+00
1.0000e+00 0.0000e+00
1.0000e+00 0.0000e+00
1.0000e+00 0.0000e+00
1.0000e+00 0.0000e+00
1.0000e+00 0.0000e+00
1.0000e+00 0.0000e+00
1.0000e+00 0.0000e+00
1.0000e+00 0.0000e+00
1.0000e+00 0.0000e+00
1.0000e+00 0.0000e+00
1.0000e+00 0.0000e+00
1.0000e+00 0.0000e+00
1.0000e+00 0.0000e+00
1.0000e+00 0.0000e+00
1.0000e+00 0.0000e+00
1.0000e+00 0.0000e+00
1.0000e+00 0.0000e+00
1.0000e+00 0.0000e+00
1.0000e+00 0.0000e+00
1.0000e+00 0.0000e+00
1.0000e+00 0.0000e+00
1.0000e+00 0.0000e+00
1.0000e+00 0.0000e+00
1.0000e+00 0.0000e+00
1.0000e+00 0.0000e+00
1.0000e+00 0.0000e+00
1.0000e+00 0.0000e+00
1.0000e+00 0.0000e+00
1.0000e+00 0.0000e+00
1.0000e+00 0.0000e+00
1.0000e+00 0.0000e+00
1.0000e+00 0.0000e+00
1.0000e+00 0.0000e+00
1.0000e+00 0.0000e+00
1.0000e+00 0.0000e+00
1.0000e+00 0.0000e+00
1.0000e+00 0.0000e+00
1.0000e+00 0.0000e+00
1.0000e+00 0.0000e+00
1.0000e+00 0.0000e+00
1.0000e+00 0.0000e+00
1.0000e+00 0.0000e+00
1.0000e+00 0.0000e+00
1.0000e+00 0.0000e+00
1.0000e+00 0.0000e+00
1.0000e+00 0.0000e+00
1.0000e+00 0.0000e+00
1.0000e+00 0.0000e+00
1.0000e+00 0.0000e+00
1.0000e+00 0.0000e+00
1.0000e+00 0.0000e+00
1.0000e+00 0.0000e+00
1.0000e+00 0.0000e+00
1.0000e+00 0.0000e+00
1.0000e+00 0.0000e+00
1.0000e+00 0.0000e+00
1.0000e+00 0.0000e+00
1.0000e+00 0.0000e+00
1.0000e+00 0.0000e+00
1.0000e+00 0.0000e+00
1.0000e+00 0.0000e+00
1.0000e+00 0.0000e+00
1.0000e+00 0.0000e+00
1.0000e+00 0.0000e+00
1.0000e+00 0.0000e+00
1.0000e+00 0.0000e+00
1.0000e+00 0.0000e+00
1.0000e+00 0.0000e+00
1.0000e+00 0.0000e+00
1.0000e+00 0.0000e+00
1.0000e+00 0.0000e+00
1.0000e+00 0.0000e+00
1.0000e+00 0.0000e+00
1.0000e+00 0.0000e+00
1.0000e+00 0.0000e+00
1.0000e+00 0.0000e+00
1.0000e+00 0.0000e+00
1.0000e+00 0.0000e+00
1.0000e+00 0.0000e+00
1.0000e+00 0.0000e+00
1.0000e+00 0.0000e+00
1.0000e+00 0.0000e+00
1.0000e+00 0.0000e+00
1.0000e+00 0.0000e+00
1.0000e+00 0.0000e+00
1.0000e+00 0.0000e+00
1.0000e+00 0.0000e+00
1.0000e+00 0.0000e+00
1.0000e+00 0.0000e+00
1.0000e+00 0.0000e+00
1.0000e+00 0.0000e+00
1.0000e+00 0.0000e+00
1.0000e+00 0.0000e+00
1.0000e+00 0.0000e+00
1.0000e+00 0.0000e+00
1.0000e+00 0.0000e+00
1.0000e+00 0.0000e+00
1.0000e+00 0.0000e+00
1.0000e+00 0.0000e+00
1.0000e+00 0.0000e+00
1.0000e+00 0.0000e+00
1.0000e+00 0.0000e+00
1.0000e+00 0.0000e+00
1.0000e+00 0.0000e+00
1.0000e+00 0.0000e+00
1.0000e+00 0.0000e+00
1.0000e+00 0.0000e+00
1.0000e+00 0.0000e+00
1.0000e+00 0.0000e+00
1.0000e+00 0.0000e+00
1.0000e+00 0.0000e+00
1.0000e+00 0.0000e+00
1.0000e+00 0.0000e+00
1.0000e+00 0.0000e+00
1.0000e+00 0.0000e+00
1.0000e+00 0.0000e+00
1.0000e+00 0.0000e+00
1.0000e+00 0.0000e+00
1.0000e+00 0.0000e+00
1.0000e+00 0.0000e+00
1.0000e+00 0.0000e+00
1.0000e+00 0.0000e+00
1.0000e+00 0.0000e+00
1.0000e+00 0.0000e+00
1.0000e+00 0.0000e+00
1.0000e+00 0.0000e+00
1.0000e+00 0.0000e+00
1.0000e+00 0.0000e+00
1.0000e+00 0.0000e+00
1.0000e+00 0.0000e+00
1.0000e+00 0.0000e+00
1.0000e+00 0.0000e+00
1.0000e+00 0.0000e+00
1.0000e+00 0.0000e+00
1.0000e+00 0.0000e+00
1.0000e+00 0.0000e+00
1.0000e+00 0.0000e+00
1.0000e+00 0.0000e+00
1.0000e+00 0.0000e+00
1.0000e+00 0.0000e+00
1.0000e+00 0.0000e+00
1.0000e+00 0.0000e+00
1.0000e+00 0.0000e+00
1.0000e+00 0.0000e+00
