1.1638e-01 9.9321e-01
1.1179e-01 9.9373e-01
1.0276e-01 9.9471e-01
9.0688e-02 9.9588e-01
8.3382e-02 9.9652e-01
8.7024e-02 9.9621e-01
1.0664e-01 9.9430e-01
1.1850e-01 9.9295e-01
1.1049e-01 9.9388e-01
1.0653e-01 9.9431e-01
1.1281e-01 9.9362e-01
1.3400e-01 9.9098e-01
1.3333e-01 9.9107e-01
1.0863e-01 9.9408e-01
9.9504e-02 9.9504e-01
1.1226e-01 9.9368e-01
1.4015e-01 9.9013e-01
1.5867e-01 9.8733e-01
1.6308e-01 9.8661e-01
1.6407e-01 9.8645e-01
1.7041e-01 9.8537e-01
1.8161e-01 9.8337e-01
1.8304e-01 9.8311e-01
1.7916e-01 9.8382e-01
1.7871e-01 9.8390e-01
1.6837e-01 9.8572e-01
1.5310e-01 9.8821e-01
1.6392e-01 9.8647e-01
1.7951e-01 9.8376e-01
1.7951e-01 9.8376e-01
1.0130e-01 9.9486e-01
1.2660e-02 9.9992e-01
4.6417e-02 9.9892e-01
8.8428e-02 9.9608e-01
8.8428e-02 9.9608e-01
-6.0642e-02 9.9816e-01
-2.0289e-01 9.7920e-01
-1.6751e-01 9.8587e-01
-1.3448e-01 9.9092e-01
-1.3816e-01 9.9041e-01
-2.0773e-01 9.7819e-01
-2.6661e-01 9.6381e-01
-2.5548e-01 9.6682e-01
-2.4864e-01 9.6860e-01
-2.4760e-01 9.6886e-01
-2.4269e-01 9.7010e-01
-2.3681e-01 9.7156e-01
-2.3306e-01 9.7246e-01
-2.3131e-01 9.7288e-01
-2.2268e-01 9.7489e-01
-1.9549e-01 9.8071e-01
-1.7395e-01 9.8475e-01
-1.6956e-01 9.8552e-01
-1.6799e-01 9.8579e-01
-1.6324e-01 9.8659e-01
-1.5217e-01 9.8835e-01
-1.5542e-01 9.8785e-01
-1.6780e-01 9.8582e-01
-1.7066e-01 9.8533e-01
-1.5860e-01 9.8734e-01
-1.3801e-01 9.9043e-01
-1.3314e-01 9.9110e-01
-1.3711e-01 9.9056e-01
-1.3746e-01 9.9051e-01
-1.2633e-01 9.9199e-01
-1.1025e-01 9.9390e-01
-1.0092e-01 9.9489e-01
-9.6486e-02 9.9533e-01
-9.6486e-02 9.9533e-01
-9.3593e-02 9.9561e-01
-9.1291e-02 9.9582e-01
-9.9253e-02 9.9506e-01
-1.0661e-01 9.9430e-01
-1.0661e-01 9.9430e-01
-1.1433e-01 9.9344e-01
-1.1404e-01 9.9348e-01
-8.5643e-02 9.9633e-01
-6.5167e-02 9.9787e-01
-6.6121e-02 9.9781e-01
-7.8270e-02 9.9693e-01
-8.4399e-02 9.9643e-01
-7.1761e-02 9.9742e-01
-6.4153e-02 9.9794e-01
-6.3541e-02 9.9798e-01
-6.0283e-02 9.9818e-01
-5.1156e-02 9.9869e-01
-3.8823e-02 9.9925e-01
-3.2972e-02 9.9946e-01
-2.8665e-02 9.9959e-01
-1.6261e-02 9.9987e-01
-5.0936e-03 9.9999e-01
-5.0184e-04 1.0000e+00
1.0204e-03 1.0000e+00
1.0347e-02 9.9995e-01
3.0741e-02 9.9953e-01
3.8632e-02 9.9925e-01
3.4559e-02 9.9940e-01
3.3654e-02 9.9943e-01
4.8028e-02 9.9885e-01
7.3317e-02 9.9731e-01
6.5275e-02 9.9787e-01
4.4237e-02 9.9902e-01
4.2230e-02 9.9911e-01
7.1932e-02 9.9741e-01
1.1098e-01 9.9382e-01
8.9403e-02 9.9600e-01
5.8065e-02 9.9831e-01
5.8065e-02 9.9831e-01
8.5563e-02 9.9633e-01
1.1303e-01 9.9359e-01
8.5227e-02 9.9636e-01
5.7050e-02 9.9837e-01
5.7050e-02 9.9837e-01
7.3303e-02 9.9731e-01
8.5812e-02 9.9631e-01
7.0407e-02 9.9752e-01
5.8662e-02 9.9828e-01
5.9428e-02 9.9823e-01
6.6738e-02 9.9777e-01
7.8441e-02 9.9692e-01
9.0555e-02 9.9589e-01
9.7493e-02 9.9524e-01
9.6728e-02 9.9531e-01
1.0000e+00 0.0000e+00
1.0000e+00 0.0000e+00
1.0000e+00 0.0000e+00
1.0000e+00 0.0000e+00
1.0000e+00 0.0000e+00
1.0000e+00 0.0000e+00
1.0000e+00 0.0000e+00
1.0000e+00 0.0000e+00
1.0000e+00 0.0000e+00
1.0000e+00 0.0000e+00
1.0000e+00 0.0000e+00
1.0000e+00 0.0000e+00
1.0000e+00 0.0000e+00
1.0000e+00 0.0000e+00
1.0000e+00 0.0000e+00
1.0000e+00 0.0000e+00
1.0000e+00 0.0000e+00
1.0000e+00 0.0000e+00
1.0000e+00 0.0000e+00
1.0000e+00 0.0000e+00
1.0000e+00 0.0000e+00
1.0000e+00 0.0000e+00
1.0000e+00 0.0000e+00
1.0000e+00 0.0000e+00
1.0000e+00 0.0000e+00
1.0000e+00 0.0000e+00
1.0000e+00 0.0000e+00
1.0000e+00 0.0000e+00
1.0000e+00 0.0000e+00
1.0000e+00 0.0000e+00
1.0000e+00 0.0000e+00
1.0000e+00 0.0000e+00
1.0000e+00 0.0000e+00
1.0000e+00 0.0000e+00
1.0000e+00 0.0000e+00
1.0000e+00 0.0000e+00
1.0000e+00 0.0000e+00
1.0000e+00 0.0000e+00
1.0000e+00 0.0000e+00
1.0000e+00 0.0000e+00
1.0000e+00 0.0000e+00
1.0000e+00 0.0000e+00
1.0000e+00 0.0000e+00
1.0000e+00 0.0000e+00
1.0000e+00 0.0000e+00
1.0000e+00 0.0000e+00
1.0000e+00 0.0000e+00
1.0000e+00 0.0000e+00
1.0000e+00 0.0000e+00
1.0000e+00 0.0000e+00
1.0000e+00 0.0000e+00
1.0000e+00 0.0000e+00
1.0000e+00 0.0000e+00
1.0000e+00 0.0000e+00
1.0000e+00 0.0000e+00
1.0000e+00 0.0000e+00
1.0000e+00 0.0000e+00
1.0000e+00 0.0000e+00
1.0000e+00 0.0000e+00
1.0000e+00 0.0000e+00
1.0000e+00 0.0000e+00
1.0000e+00 0.0000e+00
1.0000e+00 0.0000e+00
1.0000e+00 0.0000e+00
1.0000e+00 0.0000e+00
1.0000e+00 0.0000e+00
1.0000e+00 0.0000e+00
1.0000e+00 0.0000e+00
1.0000e+00 0.0000e+00
1.0000e+00 0.0000e+00
1.0000e+00 0.0000e+00
1.0000e+00 0.0000e+00
1.0000e+00 0.0000e+00
1.0000e+00 0.0000e+00
1.0000e+00 0.0000e+00
1.0000e+00 0.0000e+00
1.0000e+00 0.0000e+00
1.0000e+00 0.0000e+00
1.0000e+00 0.0000e+00
1.0000e+00 0.0000e+00
1.0000e+00 0.0000e+00
1.0000e+00 0.0000e+00
1.0000e+00 0.0000e+00
1.0000e+00 0.0000e+00
1.0000e+00 0.0000e+00
1.0000e+00 0.0000e+00
1.0000e+00 0.0000e+00
1.0000e+00 0.0000e+00
1.0000e+00 0.0000e+00
1.0000e+00 0.0000e+00
1.0000e+00 0.0000e+00
1.0000e+00 0.0000e+00
1.0000e+00 0.0000e+00
1.0000e+00 0.0000e+00
1.0000e+00 0.0000e+00
1.0000e+00 0.0000e+00
1.0000e+00 0.0000e+00
1.0000e+00 0.0000e+00
1.0000e+00 0.0000e+00
1.0000e+00 0.0000e+00
1.0000e+00 0.0000e+00
1.0000e+00 0.0000e+00
1.0000e+00 0.0000e+00
1.0000e+00 0.0000e+00
1.0000e+00 0.0000e+00
1.0000e+00 0.0000e+00
1.0000e+00 0.0000e+00
1.0000e+00 0.0000e+00
1.0000e+00 0.0000e+00
1.0000e+00 0.0000e+00
1.0000e+00 0.0000e+00
1.0000e+00 0.0000e+00
1.0000e+00 0.0000e+00
1.0000e+00 0.0000e+00
1.0000e+00 0.0000e+00
1.0000e+00 0.0000e+00
1.0000e+00 0.0000e+00
1.0000e+00 0.0000e+00
1.0000e+00 0.0000e+00
1.0000e+00 0.0000e+00
1.0000e+00 0.0000e+00
1.0000e+00 0.0000e+00
1.0000e+00 0.0000e+00
1.0000e+00 0.0000e+00
1.0000e+00 0.0000e+00
1.0000e+00 0.0000e+00
1.0000e+00 0.0000e+00
1.0000e+00 0.0000e+00
1.0000e+00 0.0000e+00
1.0000e+00 0.0000e+00
1.0000e+00 0.0000e+00
1.0000e+00 0.0000e+00
1.0000e+00 0.0000e+00
1.0000e+00 0.0000e+00
1.0000e+00 0.0000e+00
1.0000e+00 0.0000e+00
1.0000e+00 0.0000e+00
1.0000e+00 0.0000e+00
1.0000e+00 0.0000e+00
1.0000e+00 0.0000e+00
1.0000e+00 0.0000e+00
1.0000e+00 0.0000e+00
1.0000e+00 0.0000e+00
1.0000e+00 0.0000e+00
1.0000e+00 0.0000e+00
1.0000e+00 0.0000e+00
1.0000e+00 0.0000e+00
1.0000e+00 0.0000e+00
1.0000e+00 0.0000e+00
1.0000e+00 0.0000e+00
1.0000e+00 0.0000e+00
1.0000e+00 0.0000e+00
1.0000e+00 0.0000e+00
1.0000e+00 0.0000e+00
1.0000e+00 0.0000e+00
1.0000e+00 0.0000e+00
1.0000e+00 0.0000e+00
1.0000e+00 0.0000e+00
1.0000e+00 0.0000e+00
1.0000e+00 0.0000e+00
1.0000e+00 0.0000e+00
1.0000e+00 0.0000e+00
1.0000e+00 0.0000e+00
1.0000e+00 0.0000e+00
1.0000e+00 0.0000e+00
1.0000e+00 0.0000e+00
1.0000e+00 0.0000e+00
1.0000e+00 0.0000e+00
1.0000e+00 0.0000e+00
1.0000e+00 0.0000e+00
1.0000e+00 0.0000e+00
1.0000e+00 0.0000e+00
1.0000e+00 0.0000e+00
1.0000e+00 0.0000e+00
1.0000e+00 0.0000e+00
1.0000e+00 0.0000e+00
1.0000e+00 0.0000e+00
1.0000e+00 0.0000e+00
1.0000e+00 0.0000e+00
1.0000e+00 0.0000e+00
1.0000e+00 0.0000e+00
1.0000e+00 0.0000e+00
1.0000e+00 0.0000e+00
1.0000e+00 0.0000e+00
1.0000e+00 0.0000e+00
1.0000e+00 0.0000e+00
1.0000e+00 0.0000e+00
1.0000e+00 0.0000e+00
1.0000e+00 0.0000e+00
1.0000e+00 0.0000e+00
1.0000e+00 0.0000e+00
1.0000e+00 0.0000e+00
1.0000e+00 0.0000e+00
1.0000e+00 0.0000e+00
1.0000e+00 0.0000e+00
1.0000e+00 0.0000e+00
1.0000e+00 0.0000e+00
1.0000e+00 0.0000e+00
1.0000e+00 0.0000e+00
1.0000e+00 0.0000e+00
1.0000e+00 0.0000e+00
1.0000e+00 0.0000e+00
1.0000e+00 0.0000e+00
1.0000e+00 0.0000e+00
1.0000e+00 0.0000e+00
1.0000e+00 0.0000e+00
1.0000e+00 0.0000e+00
1.0000e+00 0.0000e+00
1.0000e+00 0.0000e+00
1.0000e+00 0.0000e+00
1.0000e+00 0.0000e+00
1.0000e+00 0.0000e+00
1.0000e+00 0.0000e+00
1.0000e+00 0.0000e+00
1.0000e+00 0.0000e+00
1.0000e+00 0.0000e+00
1.0000e+00 0.0000e+00
1.0000e+00 0.0000e+00
1.0000e+00 0.0000e+00
1.0000e+00 0.0000e+00
1.0000e+00 0.0000e+00
1.0000e+00 0.0000e+00
1.0000e+00 0.0000e+00
1.0000e+00 0.0000e+00
1.0000e+00 0.0000e+00
1.0000e+00 0.0000e+00
1.0000e+00 0.0000e+00
1.0000e+00 0.0000e+00
1.0000e+00 0.0000e+00
1.0000e+00 0.0000e+00
1.0000e+00 0.0000e+00
1.0000e+00 0.0000e+00
1.0000e+00 0.0000e+00
1.0000e+00 0.0000e+00
1.0000e+00 0.0000e+00
1.0000e+00 0.0000e+00
1.0000e+00 0.0000e+00
1.0000e+00 0.0000e+00
1.0000e+00 0.0000e+00
1.0000e+00 0.0000e+00
1.0000e+00 0.0000e+00
1.0000e+00 0.0000e+00
1.0000e+00 0.0000e+00
1.0000e+00 0.0000e+00
1.0000e+00 0.0000e+00
1.0000e+00 0.0000e+00
1.0000e+00 0.0000e+00
1.0000e+00 0.0000e+00
1.0000e+00 0.0000e+00
1.0000e+00 0.0000e+00
1.0000e+00 0.0000e+00
1.0000e+00 0.0000e+00
1.0000e+00 0.0000e+00
1.0000e+00 0.0000e+00
1.0000e+00 0.0000e+00
1.0000e+00 0.0000e+00
1.0000e+00 0.0000e+00
1.0000e+00 0.0000e+00
1.0000e+00 0.0000e+00
1.0000e+00 0.0000e+00
1.0000e+00 0.0000e+00
1.0000e+00 0.0000e+00
1.0000e+00 0.0000e+00
1.0000e+00 0.0000e+00
1.0000e+00 0.0000e+00
1.0000e+00 0.0000e+00
1.0000e+00 0.0000e+00
1.0000e+00 0.0000e+00
1.0000e+00 0.0000e+00
1.0000e+00 0.0000e+00
1.0000e+00 0.0000e+00
1.0000e+00 0.0000e+00
1.0000e+00 0.0000e+00
1.0000e+00 0.0000e+00
1.0000e+00 0.0000e+00
1.0000e+00 0.0000e+00
1.0000e+00 0.0000e+00
1.0000e+00 0.0000e+00
1.0000e+00 0.0000e+00
1.0000e+00 0.0000e+00
1.0000e+00 0.0000e+00
1.0000e+00 0.0000e+00
1.0000e+00 0.0000e+00
1.0000e+00 0.0000e+00
1.0000e+00 0.0000e+00
1.0000e+00 0.0000e+00
1.0000e+00 0.0000e+00
1.0000e+00 0.0000e+00
1.0000e+00 0.0000e+00
1.0000e+00 0.0000e+00
1.0000e+00 0.0000e+00
1.0000e+00 0.0000e+00
1.0000e+00 0.0000e+00
1.0000e+00 0.0000e+00
1.0000e+00 0.0000e+00
1.0000e+00 0.0000e+00
1.0000e+00 0.0000e+00
1.0000e+00 0.0000e+00
1.0000e+00 0.0000e+00
1.0000e+00 0.0000e+00
1.0000e+00 0.0000e+00
1.0000e+00 0.0000e+00
1.0000e+00 0.0000e+00
1.0000e+00 0.0000e+00
1.0000e+00 0.0000e+00
1.0000e+00 0.0000e+00
1.0000e+00 0.0000e+00
1.0000e+00 0.0000e+00
1.0000e+00 0.0000e+00
1.0000e+00 0.0000e+00
1.0000e+00 0.0000e+00
1.0000e+00 0.0000e+00
1.0000e+00 0.0000e+00
1.0000e+00 0.0000e+00
1.0000e+00 0.0000e+00
1.0000e+00 0.0000e+00
1.0000e+00 0.0000e+00
1.0000e+00 0.0000e+00
1.0000e+00 0.0000e+00
1.0000e+00 0.0000e+00
1.0000e+00 0.0000e+00
1.0000e+00 0.0000e+00
1.0000e+00 0.0000e+00
1.0000e+00 0.0000e+00
1.0000e+00 0.0000e+00
1.0000e+00 0.0000e+00
1.0000e+00 0.0000e+00
1.0000e+00 0.0000e+00
1.0000e+00 0.0000e+00
1.0000e+00 0.0000e+00
1.0000e+00 0.0000e+00
1.0000e+00 0.0000e+00
1.0000e+00 0.0000e+00
1.0000e+00 0.0000e+00
1.0000e+00 0.0000e+00
1.0000e+00 0.0000e+00
1.0000e+00 0.0000e+00
1.0000e+00 0.0000e+00
1.0000e+00 0.0000e+00
1.0000e+00 0.0000e+00
1.0000e+00 0.0000e+00
1.0000e+00 0.0000e+00
1.0000e+00 0.0000e+00
1.0000e+00 0.0000e+00
1.0000e+00 0.0000e+00
1.0000e+00 0.0000e+00
1.0000e+00 0.0000e+00
1.0000e+00 0.0000e+00
1.0000e+00 0.0000e+00
1.0000e+00 0.0000e+00
1.0000e+00 0.0000e+00
1.0000e+00 0.0000e+00
1.0000e+00 0.0000e+00
1.0000e+00 0.0000e+00
1.0000e+00 0.0000e+00
1.0000e+00 0.0000e+00
1.0000e+00 0.0000e+00
1.0000e+00 0.0000e+00
1.0000e+00 0.0000e+00
1.0000e+00 0.0000e+00
1.0000e+00 0.0000e+00
1.0000e+00 0.0000e+00
1.0000e+00 0.0000e+00
1.0000e+00 0.0000e+00
1.0000e+00 0.0000e+00
1.0000e+00 0.0000e+00
1.0000e+00 0.0000e+00
1.0000e+00 0.0000e+00
1.0000e+00 0.0000e+00
1.0000e+00 0.0000e+00
1.0000e+00 0.0000e+00
1.0000e+00 0.0000e+00
1.0000e+00 0.0000e+00
1.0000e+00 0.0000e+00
1.0000e+00 0.0000e+00
1.0000e+00 0.0000e+00
1.0000e+00 0.0000e+00
1.0000e+00 0.0000e+00
1.0000e+00 0.0000e+00
1.0000e+00 0.0000e+00
1.0000e+00 0.0000e+00
1.0000e+00 0.0000e+00
1.0000e+00 0.0000e+00
1.0000e+00 0.0000e+00
1.0000e+00 0.0000e+00
1.0000e+00 0.0000e+00
1.0000e+00 0.0000e+00
1.0000e+00 0.0000e+00
1.0000e+00 0.0000e+00
1.0000e+00 0.0000e+00
1.0000e+00 0.0000e+00
1.0000e+00 0.0000e+00
1.0000e+00 0.0000e+00
1.0000e+00 0.0000e+00
1.0000e+00 0.0000e+00
1.0000e+00 0.0000e+00
1.0000e+00 0.0000e+00
1.0000e+00 0.0000e+00
1.0000e+00 0.0000e+00
1.0000e+00 0.0000e+00
1.0000e+00 0.0000e+00
1.0000e+00 0.0000e+00
1.0000e+00 0.0000e+00
1.0000e+00 0.0000e+00
1.0000e+00 0.0000e+00
1.0000e+00 0.0000e+00
1.0000e+00 0.0000e+00
1.0000e+00 0.0000e+00
1.0000e+00 0.0000e+00
1.0000e+00 0.0000e+00
1.0000e+00 0.0000e+00
1.0000e+00 0.0000e+00
1.0000e+00 0.0000e+00
1.0000e+00 0.0000e+00
1.0000e+00 0.0000e+00
1.0000e+00 0.0000e+00
1.0000e+00 0.0000e+00
1.0000e+00 0.0000e+00
1.0000e+00 0.0000e+00
1.0000e+00 0.0000e+00
1.0000e+00 0.0000e+00
1.0000e+00 0.0000e+00
1.0000e+00 0.0000e+00
1.0000e+00 0.0000e+00
1.0000e+00 0.0000e+00
1.0000e+00 0.0000e+00
1.0000e+00 0.0000e+00
1.0000e+00 0.0000e+00
1.0000e+00 0.0000e+00
1.0000e+00 0.0000e+00
1.0000e+00 0.0000e+00
1.0000e+00 0.0000e+00
1.0000e+00 0.0000e+00
1.0000e+00 0.0000e+00
1.0000e+00 0.0000e+00
1.0000e+00 0.0000e+00
1.0000e+00 0.0000e+00
1.0000e+00 0.0000e+00
1.0000e+00 0.0000e+00
1.0000e+00 0.0000e+00
1.0000e+00 0.0000e+00
1.0000e+00 0.0000e+00
1.0000e+00 0.0000e+00
1.0000e+00 0.0000e+00
1.0000e+00 0.0000e+00
1.0000e+00 0.0000e+00
1.0000e+00 0.0000e+00
1.0000e+00 0.0000e+00
1.0000e+00 0.0000e+00
1.0000e+00 0.0000e+00
1.0000e+00 0.0000e+00
1.0000e+00 0.0000e+00
1.0000e+00 0.0000e+00
1.0000e+00 0.0000e+00
1.0000e+00 0.0000e+00
1.0000e+00 0.0000e+00
1.0000e+00 0.0000e+00
1.0000e+00 0.0000e+00
1.0000e+00 0.0000e+00
1.0000e+00 0.0000e+00
1.0000e+00 0.0000e+00
1.0000e+00 0.0000e+00
1.0000e+00 0.0000e+00
1.0000e+00 0.0000e+00
1.0000e+00 0.0000e+00
1.0000e+00 0.0000e+00
1.0000e+00 0.0000e+00
1.0000e+00 0.0000e+00
1.0000e+00 0.0000e+00
1.0000e+00 0.0000e+00
1.0000e+00 0.0000e+00
1.0000e+00 0.0000e+00
1.0000e+00 0.0000e+00
1.0000e+00 0.0000e+00
1.0000e+00 0.0000e+00
1.0000e+00 0.0000e+00
1.0000e+00 0.0000e+00
1.0000e+00 0.0000e+00
1.0000e+00 0.0000e+00
1.0000e+00 0.0000e+00
1.0000e+00 0.0000e+00
1.0000e+00 0.0000e+00
1.0000e+00 0.0000e+00
1.0000e+00 0.0000e+00
1.0000e+00 0.0000e+00
1.0000e+00 0.0000e+00
1.0000e+00 0.0000e+00
1.0000e+00 0.0000e+00
1.0000e+00 0.0000e+00
1.0000e+00 0.0000e+00
1.0000e+00 0.0000e+00
1.0000e+00 0.0000e+00
1.0000e+00 0.0000e+00
1.0000e+00 0.0000e+00
1.0000e+00 0.0000e+00
1.0000e+00 0.0000e+00
1.0000e+00 0.0000e+00
1.0000e+00 0.0000e+00
1.0000e+00 0.0000e+00
1.0000e+00 0.0000e+00
1.0000e+00 0.0000e+00
1.0000e+00 0.0000e+00
1.0000e+00 0.0000e+00
1.0000e+00 0.0000e+00
1.0000e+00 0.0000e+00
1.0000e+00 0.0000e+00
1.0000e+00 0.0000e+00
1.0000e+00 0.0000e+00
1.0000e+00 0.0000e+00
1.0000e+00 0.0000e+00
1.0000e+00 0.0000e+00
1.0000e+00 0.0000e+00
1.0000e+00 0.0000e+00
1.0000e+00 0.0000e+00
1.0000e+00 0.0000e+00
1.0000e+00 0.0000e+00
1.0000e+00 0.0000e+00
1.0000e+00 0.0000e+00
1.0000e+00 0.0000e+00
1.0000e+00 0.0000e+00
1.0000e+00 0.0000e+00
1.0000e+00 0.0000e+00
1.0000e+00 0.0000e+00
1.0000e+00 0.0000e+00
1.0000e+00 0.0000e+00
1.0000e+00 0.0000e+00
1.0000e+00 0.0000e+00
1.0000e+00 0.0000e+00
1.0000e+00 0.0000e+00
1.0000e+00 0.0000e+00
1.0000e+00 0.0000e+00
1.0000e+00 0.0000e+00
1.0000e+00 0.0000e+00
1.0000e+00 0.0000e+00
1.0000e+00 0.0000e+00
1.0000e+00 0.0000e+00
1.0000e+00 0.0000e+00
1.0000e+00 0.0000e+00
1.0000e+00 0.0000e+00
1.0000e+00 0.0000e+00
1.0000e+00 0.0000e+00
1.0000e+00 0.0000e+00
1.0000e+00 0.0000e+00
1.0000e+00 0.0000e+00
1.0000e+00 0.0000e+00
1.0000e+00 0.0000e+00
1.0000e+00 0.0000e+00
1.0000e+00 0.0000e+00
1.0000e+00 0.0000e+00
1.0000e+00 0.0000e+00
1.0000e+00 0.0000e+00
1.0000e+00 0.0000e+00
1.0000e+00 0.0000e+00
1.0000e+00 0.0000e+00
1.0000e+00 0.0000e+00
1.0000e+00 0.0000e+00
1.0000e+00 0.0000e+00
1.0000e+00 0.0000e+00
1.0000e+00 0.0000e+00
1.0000e+00 0.0000e+00
1.0000e+00 0.0000e+00
1.0000e+00 0.0000e+00
1.0000e+00 0.0000e+00
1.0000e+00 0.0000e+00
1.0000e+00 0.0000e+00
1.0000e+00 0.0000e+00
1.0000e+00 0.0000e+00
1.0000e+00 0.0000e+00
1.0000e+00 0.0000e+00
1.0000e+00 0.0000e+00
1.0000e+00 0.0000e+00
1.0000e+00 0.0000e+00
1.0000e+00 0.0000e+00
1.0000e+00 0.0000e+00
1.0000e+00 0.0000e+00
1.0000e+00 0.0000e+00
1.0000e+00 0.0000e+00
1.0000e+00 0.0000e+00
1.0000e+00 0.0000e+00
1.0000e+00 0.0000e+00
1.0000e+00 0.0000e+00
1.0000e+00 0.0000e+00
1.0000e+00 0.0000e+00
1.0000e+00 0.0000e+00
1.0000e+00 0.0000e+00
1.0000e+00 0.0000e+00
1.0000e+00 0.0000e+00
1.0000e+00 0.0000e+00
1.0000e+00 0.0000e+00
1.0000e+00 0.0000e+00
1.0000e+00 0.0000e+00
1.0000e+00 0.0000e+00
1.0000e+00 0.0000e+00
1.0000e+00 0.0000e+00
1.0000e+00 0.0000e+00
1.0000e+00 0.0000e+00
1.0000e+00 0.0000e+00
1.0000e+00 0.0000e+00
1.0000e+00 0.0000e+00
1.0000e+00 0.0000e+00
1.0000e+00 0.0000e+00
1.0000e+00 0.0000e+00
1.0000e+00 0.0000e+00
1.0000e+00 0.0000e+00
1.0000e+00 0.0000e+00
1.0000e+00 0.0000e+00
1.0000e+00 0.0000e+00
1.0000e+00 0.0000e+00
1.0000e+00 0.0000e+00
1.0000e+00 0.0000e+00
1.0000e+00 0.0000e+00
1.0000e+00 0.0000e+00
1.0000e+00 0.0000e+00
1.0000e+00 0.0000e+00
1.0000e+00 0.0000e+00
1.0000e+00 0.0000e+00
1.0000e+00 0.0000e+00
1.0000e+00 0.0000e+00
1.0000e+00 0.0000e+00
1.0000e+00 0.0000e+00
1.0000e+00 0.0000e+00
1.0000e+00 0.0000e+00
1.0000e+00 0.0000e+00
1.0000e+00 0.0000e+00
1.0000e+00 0.0000e+00
1.0000e+00 0.0000e+00
1.0000e+00 0.0000e+00
1.0000e+00 0.0000e+00
1.0000e+00 0.0000e+00
1.0000e+00 0.0000e+00
1.0000e+00 0.0000e+00
1.0000e+00 0.0000e+00
1.0000e+00 0.0000e+00
1.0000e+00 0.0000e+00
1.0000e+00 0.0000e+00
1.0000e+00 0.0000e+00
1.0000e+00 0.0000e+00
1.0000e+00 0.0000e+00
1.0000e+00 0.0000e+00
1.0000e+00 0.0000e+00
1.0000e+00 0.0000e+00
1.0000e+00 0.0000e+00
1.0000e+00 0.0000e+00
1.0000e+00 0.0000e+00
1.0000e+00 0.0000e+00
1.0000e+00 0.0000e+00
1.0000e+00 0.0000e+00
1.0000e+00 0.0000e+00
1.0000e+00 0.0000e+00
1.0000e+00 0.0000e+00
1.0000e+00 0.0000e+00
1.0000e+00 0.0000e+00
1.0000e+00 0.0000e+00
1.0000e+00 0.0000e+00
1.0000e+00 0.0000e+00
1.0000e+00 0.0000e+00
1.0000e+00 0.0000e+00
1.0000e+00 0.0000e+00
1.0000e+00 0.0000e+00
1.0000e+00 0.0000e+00
1.0000e+00 0.0000e+00
1.0000e+00 0.0000e+00
1.0000e+00 0.0000e+00
1.0000e+00 0.0000e+00
1.0000e+00 0.0000e+00
1.0000e+00 0.0000e+00
1.0000e+00 0.0000e+00
1.0000e+00 0.0000e+00
1.0000e+00 0.0000e+00
1.0000e+00 0.0000e+00
1.0000e+00 0.0000e+00
1.0000e+00 0.0000e+00
1.0000e+00 0.0000e+00
1.0000e+00 0.0000e+00
1.0000e+00 0.0000e+00
1.0000e+00 0.0000e+00
1.0000e+00 0.0000e+00
1.0000e+00 0.0000e+00
1.0000e+00 0.0000e+00
1.0000e+00 0.0000e+00
1.0000e+00 0.0000e+00
1.0000e+00 0.0000e+00
1.0000e+00 0.0000e+00
1.0000e+00 0.0000e+00
1.0000e+00 0.0000e+00
1.0000e+00 0.0000e+00
1.0000e+00 0.0000e+00
1.0000e+00 0.0000e+00
1.0000e+00 0.0000e+00
1.0000e+00 0.0000e+00
1.0000e+00 0.0000e+00
1.0000e+00 0.0000e+00
1.0000e+00 0.0000e+00
1.0000e+00 0.0000e+00
1.0000e+00 0.0000e+00
1.0000e+00 0.0000e+00
1.0000e+00 0.0000e+00
1.0000e+00 0.0000e+00
1.0000e+00 0.0000e+00
1.0000e+00 0.0000e+00
1.0000e+00 0.0000e+00
1.0000e+00 0.0000e+00
1.0000e+00 0.0000e+00
1.0000e+00 0.0000e+00
1.0000e+00 0.0000e+00
1.0000e+00 0.0000e+00
1.0000e+00 0.0000e+00
1.0000e+00 0.0000e+00
1.0000e+00 0.0000e+00
1.0000e+00 0.0000e+00
1.0000e+00 0.0000e+00
1.0000e+00 0.0000e+00
1.0000e+00 0.0000e+00
1.0000e+00 0.0000e+00
1.0000e+00 0.0000e+00
1.0000e+00 0.0000e+00
1.0000e+00 0.0000e+00
1.0000e+00 0.0000e+00
1.0000e+00 0.0000e+00
1.0000e+00 0.0000e+00
1.0000e+00 0.0000e+00
1.0000e+00 0.0000e+00
1.0000e+00 0.0000e+00
1.0000e+00 0.0000e+00
1.0000e+00 0.0000e+00
1.0000e+00 0.0000e+00
1.0000e+00 0.0000e+00
1.0000e+00 0.0000e+00
1.0000e+00 0.0000e+00
1.0000e+00 0.0000e+00
1.0000e+00 0.0000e+00
1.0000e+00 0.0000e+00
1.0000e+00 0.0000e+00
1.0000e+00 0.0000e+00
1.0000e+00 0.0000e+00
1.0000e+00 0.0000e+00
1.0000e+00 0.0000e+00
1.0000e+00 0.0000e+00
1.0000e+00 0.0000e+00
1.0000e+00 0.0000e+00
1.0000e+00 0.0000e+00
1.0000e+00 0.0000e+00
1.0000e+00 0.0000e+00
1.0000e+00 0.0000e+00
1.0000e+00 0.0000e+00
1.0000e+00 0.0000e+00
1.0000e+00 0.0000e+00
1.0000e+00 0.0000e+00
1.0000e+00 0.0000e+00
0.0000e+00 1.0000e+00
0.0000e+00 1.0000e+00
0.0000e+00 1.0000e+00
0.0000e+00 1.0000e+00
0.0000e+00 1.0000e+00
0.0000e+00 1.0000e+00
0.0000e+00 1.0000e+00
0.0000e+00 1.0000e+00
0.0000e+00 1.0000e+00
0.0000e+00 1.0000e+00
0.0000e+00 1.0000e+00
0.0000e+00 1.0000e+00
0.0000e+00 1.0000e+00
0.0000e+00 1.0000e+00
0.0000e+00 1.0000e+00
0.0000e+00 1.0000e+00
0.0000e+00 1.0000e+00
0.0000e+00 1.0000e+00
0.0000e+00 1.0000e+00
0.0000e+00 1.0000e+00
0.0000e+00 1.0000e+00
0.0000e+00 1.0000e+00
0.0000e+00 1.0000e+00
0.0000e+00 1.0000e+00
0.0000e+00 1.0000e+00
0.0000e+00 1.0000e+00
0.0000e+00 1.0000e+00
0.0000e+00 1.0000e+00
0.0000e+00 1.0000e+00
0.0000e+00 1.0000e+00
0.0000e+00 1.0000e+00
0.0000e+00 1.0000e+00
0.0000e+00 1.0000e+00
0.0000e+00 1.0000e+00
0.0000e+00 1.0000e+00
0.0000e+00 1.0000e+00
0.0000e+00 1.0000e+00
0.0000e+00 1.0000e+00
0.0000e+00 1.0000e+00
0.0000e+00 1.0000e+00
0.0000e+00 1.0000e+00
0.0000e+00 1.0000e+00
0.0000e+00 1.0000e+00
0.0000e+00 1.0000e+00
0.0000e+00 1.0000e+00
0.0000e+00 1.0000e+00
0.0000e+00 1.0000e+00
0.0000e+00 1.0000e+00
0.0000e+00 1.0000e+00
0.0000e+00 1.0000e+00
0.0000e+00 1.0000e+00
0.0000e+00 1.0000e+00
0.0000e+00 1.0000e+00
0.0000e+00 1.0000e+00
0.0000e+00 1.0000e+00
0.0000e+00 1.0000e+00
0.0000e+00 1.0000e+00
0.0000e+00 1.0000e+00
0.0000e+00 1.0000e+00
0.0000e+00 1.0000e+00
0.0000e+00 1.0000e+00
0.0000e+00 1.0000e+00
0.0000e+00 1.0000e+00
0.0000e+00 1.0000e+00
0.0000e+00 1.0000e+00
0.0000e+00 1.0000e+00
0.0000e+00 1.0000e+00
0.0000e+00 1.0000e+00
0.0000e+00 1.0000e+00
0.0000e+00 1.0000e+00
0.0000e+00 1.0000e+00
0.0000e+00 1.0000e+00
0.0000e+00 1.0000e+00
0.0000e+00 1.0000e+00
0.0000e+00 1.0000e+00
0.0000e+00 1.0000e+00
0.0000e+00 1.0000e+00
0.0000e+00 1.0000e+00
0.0000e+00 1.0000e+00
0.0000e+00 1.0000e+00
0.0000e+00 1.0000e+00
0.0000e+00 1.0000e+00
0.0000e+00 1.0000e+00
0.0000e+00 1.0000e+00
0.0000e+00 1.0000e+00
0.0000e+00 1.0000e+00
0.0000e+00 1.0000e+00
0.0000e+00 1.0000e+00
0.0000e+00 1.0000e+00
0.0000e+00 1.0000e+00
0.0000e+00 1.0000e+00
0.0000e+00 1.0000e+00
0.0000e+00 1.0000e+00
0.0000e+00 1.0000e+00
0.0000e+00 1.0000e+00
0.0000e+00 1.0000e+00
0.0000e+00 1.0000e+00
0.0000e+00 1.0000e+00
0.0000e+00 1.0000e+00
0.0000e+00 1.0000e+00
0.0000e+00 1.0000e+00
0.0000e+00 1.0000e+00
0.0000e+00 1.0000e+00
0.0000e+00 1.0000e+00
0.0000e+00 1.0000e+00
0.0000e+00 1.0000e+00
0.0000e+00 1.0000e+00
0.0000e+00 1.0000e+00
0.0000e+00 1.0000e+00
0.0000e+00 1.0000e+00
0.0000e+00 1.0000e+00
0.0000e+00 1.0000e+00
0.0000e+00 1.0000e+00
0.0000e+00 1.0000e+00
0.0000e+00 1.0000e+00
0.0000e+00 1.0000e+00
0.0000e+00 1.0000e+00
0.0000e+00 1.0000e+00
0.0000e+00 1.0000e+00
0.0000e+00 1.0000e+00
0.0000e+00 1.0000e+00
0.0000e+00 1.0000e+00
0.0000e+00 1.0000e+00
1.0000e+00 0.0000e+00
1.0000e+00 0.0000e+00
1.0000e+00 0.0000e+00
1.0000e+00 0.0000e+00
1.0000e+00 0.0000e+00
1.0000e+00 0.0000e+00
1.0000e+00 0.0000e+00
1.0000e+00 0.0000e+00
1.0000e+00 0.0000e+00
1.0000e+00 0.0000e+00
1.0000e+00 0.0000e+00
1.0000e+00 0.0000e+00
1.0000e+00 0.0000e+00
1.0000e+00 0.0000e+00
1.0000e+00 0.0000e+00
1.0000e+00 0.0000e+00
1.0000e+00 0.0000e+00
1.0000e+00 0.0000e+00
1.0000e+00 0.0000e+00
1.0000e+00 0.0000e+00
1.0000e+00 0.0000e+00
1.0000e+00 0.0000e+00
1.0000e+00 0.0000e+00
1.0000e+00 0.0000e+00
1.0000e+00 0.0000e+00
1.0000e+00 0.0000e+00
1.0000e+00 0.0000e+00
1.0000e+00 0.0000e+00
1.0000e+00 0.0000e+00
1.0000e+00 0.0000e+00
1.0000e+00 0.0000e+00
1.0000e+00 0.0000e+00
1.0000e+00 0.0000e+00
1.0000e+00 0.0000e+00
1.0000e+00 0.0000e+00
1.0000e+00 0.0000e+00
1.0000e+00 0.0000e+00
1.0000e+00 0.0000e+00
1.0000e+00 0.0000e+00
1.0000e+00 0.0000e+00
1.0000e+00 0.0000e+00
1.0000e+00 0.0000e+00
1.0000e+00 0.0000e+00
1.0000e+00 0.0000e+00
1.0000e+00 0.0000e+00
1.0000e+00 0.0000e+00
1.0000e+00 0.0000e+00
1.0000e+00 0.0000e+00
1.0000e+00 0.0000e+00
1.0000e+00 0.0000e+00
1.0000e+00 0.0000e+00
1.0000e+00 0.0000e+00
1.0000e+00 0.0000e+00
1.0000e+00 0.0000e+00
1.0000e+00 0.0000e+00
1.0000e+00 0.0000e+00
1.0000e+00 0.0000e+00
1.0000e+00 0.0000e+00
1.0000e+00 0.0000e+00
1.0000e+00 0.0000e+00
1.0000e+00 0.0000e+00
1.0000e+00 0.0000e+00
1.0000e+00 0.0000e+00
1.0000e+00 0.0000e+00
1.0000e+00 0.0000e+00
1.0000e+00 0.0000e+00
1.0000e+00 0.0000e+00
1.0000e+00 0.0000e+00
1.0000e+00 0.0000e+00
1.0000e+00 0.0000e+00
1.0000e+00 0.0000e+00
1.0000e+00 0.0000e+00
1.0000e+00 0.0000e+00
1.0000e+00 0.0000e+00
1.0000e+00 0.0000e+00
1.0000e+00 0.0000e+00
1.0000e+00 0.0000e+00
1.0000e+00 0.0000e+00
1.0000e+00 0.0000e+00
1.0000e+00 0.0000e+00
1.0000e+00 0.0000e+00
1.0000e+00 0.0000e+00
1.0000e+00 0.0000e+00
1.0000e+00 0.0000e+00
1.0000e+00 0.0000e+00
1.0000e+00 0.0000e+00
1.0000e+00 0.0000e+00
1.0000e+00 0.0000e+00
1.0000e+00 0.0000e+00
1.0000e+00 0.0000e+00
1.0000e+00 0.0000e+00
1.0000e+00 0.0000e+00
1.0000e+00 0.0000e+00
1.0000e+00 0.0000e+00
1.0000e+00 0.0000e+00
1.0000e+00 0.0000e+00
1.0000e+00 0.0000e+00
1.0000e+00 0.0000e+00
1.0000e+00 0.0000e+00
1.0000e+00 0.0000e+00
1.0000e+00 0.0000e+00
1.0000e+00 0.0000e+00
1.0000e+00 0.0000e+00
1.0000e+00 0.0000e+00
1.0000e+00 0.0000e+00
1.0000e+00 0.0000e+00
1.0000e+00 0.0000e+00
1.0000e+00 0.0000e+00
1.0000e+00 0.0000e+00
1.0000e+00 0.0000e+00
1.0000e+00 0.0000e+00
1.0000e+00 0.0000e+00
1.0000e+00 0.0000e+00
1.0000e+00 0.0000e+00
1.0000e+00 0.0000e+00
1.0000e+00 0.0000e+00
1.0000e+00 0.0000e+00
1.0000e+00 0.0000e+00
1.0000e+00 0.0000e+00
1.0000e+00 0.0000e+00
1.0000e+00 0.0000e+00
1.0000e+00 0.0000e+00
1.0000e+00 0.0000e+00
1.0000e+00 0.0000e+00
1.0000e+00 0.0000e+00
1.0000e+00 0.0000e+00
1.0000e+00 0.0000e+00
1.0000e+00 0.0000e+00
1.0000e+00 0.0000e+00
1.0000e+00 0.0000e+00
1.0000e+00 0.0000e+00
1.0000e+00 0.0000e+00
1.0000e+00 0.0000e+00
1.0000e+00 0.0000e+00
1.0000e+00 0.0000e+00
1.0000e+00 0.0000e+00
1.0000e+00 0.0000e+00
1.0000e+00 0.0000e+00
1.0000e+00 0.0000e+00
1.0000e+00 0.0000e+00
1.0000e+00 0.0000e+00
1.0000e+00 0.0000e+00
1.0000e+00 0.0000e+00
1.0000e+00 0.0000e+00
1.0000e+00 0.0000e+00
1.0000e+00 0.0000e+00
1.0000e+00 0.0000e+00
1.0000e+00 0.0000e+00
1.0000e+00 0.0000e+00
1.0000e+00 0.0000e+00
1.0000e+00 0.0000e+00
1.0000e+00 0.0000e+00
1.0000e+00 0.0000e+00
1.0000e+00 0.0000e+00
1.0000e+00 0.0000e+00
1.0000e+00 0.0000e+00
1.0000e+00 0.0000e+00
1.0000e+00 0.0000e+00
1.0000e+00 0.0000e+00
1.0000e+00 0.0000e+00
1.0000e+00 0.0000e+00
1.0000e+00 0.0000e+00
1.0000e+00 0.0000e+00
1.0000e+00 0.0000e+00
1.0000e+00 0.0000e+00
1.0000e+00 0.0000e+00
1.0000e+00 0.0000e+00
1.0000e+00 0.0000e+00
1.0000e+00 0.0000e+00
1.0000e+00 0.0000e+00
1.0000e+00 0.0000e+00
1.0000e+00 0.0000e+00
1.0000e+00 0.0000e+00
1.0000e+00 0.0000e+00
1.0000e+00 0.0000e+00
1.0000e+00 0.0000e+00
1.0000e+00 0.0000e+00
1.0000e+00 0.0000e+00
1.0000e+00 0.0000e+00
1.0000e+00 0.0000e+00
1.0000e+00 0.0000e+00
1.0000e+00 0.0000e+00
1.0000e+00 0.0000e+00
1.0000e+00 0.0000e+00
1.0000e+00 0.0000e+00
1.0000e+00 0.0000e+00
1.0000e+00 0.0000e+00
1.0000e+00 0.0000e+00
1.0000e+00 0.0000e+00
1.0000e+00 0.0000e+00
1.0000e+00 0.0000e+00
1.0000e+00 0.0000e+00
1.0000e+00 0.0000e+00
1.0000e+00 0.0000e+00
1.0000e+00 0.0000e+00
1.0000e+00 0.0000e+00
1.0000e+00 0.0000e+00
1.0000e+00 0.0000e+00
1.0000e+00 0.0000e+00
1.0000e+00 0.0000e+00
1.0000e+00 0.0000e+00
1.0000e+00 0.0000e+00
1.0000e+00 0.0000e+00
1.0000e+00 0.0000e+00
1.0000e+00 0.0000e+00
1.0000e+00 0.0000e+00
1.0000e+00 0.0000e+00
1.0000e+00 0.0000e+00
1.0000e+00 0.0000e+00
1.0000e+00 0.0000e+00
1.0000e+00 0.0000e+00
1.0000e+00 0.0000e+00
1.0000e+00 0.0000e+00
1.0000e+00 0.0000e+00
1.0000e+00 0.0000e+00
1.0000e+00 0.0000e+00
1.0000e+00 0.0000e+00
1.0000e+00 0.0000e+00
1.0000e+00 0.0000e+00
1.0000e+00 0.0000e+00
1.0000e+00 0.0000e+00
1.0000e+00 0.0000e+00
1.0000e+00 0.0000e+00
1.0000e+00 0.0000e+00
1.0000e+00 0.0000e+00
1.0000e+00 0.0000e+00
1.0000e+00 0.0000e+00
1.0000e+00 0.0000e+00
1.0000e+00 0.0000e+00
1.0000e+00 0.0000e+00
1.0000e+00 0.0000e+00
1.0000e+00 0.0000e+00
1.0000e+00 0.0000e+00
1.0000e+00 0.0000e+00
1.0000e+00 0.0000e+00
1.0000e+00 0.0000e+00
1.0000e+00 0.0000e+00
1.0000e+00 0.0000e+00
1.0000e+00 0.0000e+00
1.0000e+00 0.0000e+00
1.0000e+00 0.0000e+00
1.0000e+00 0.0000e+00
1.0000e+00 0.0000e+00
1.0000e+00 0.0000e+00
1.0000e+00 0.0000e+00
1.0000e+00 0.0000e+00
1.0000e+00 0.0000e+00
1.0000e+00 0.0000e+00
1.0000e+00 0.0000e+00
1.0000e+00 0.0000e+00
1.0000e+00 0.0000e+00
1.0000e+00 0.0000e+00
1.0000e+00 0.0000e+00
1.0000e+00 0.0000e+00
1.0000e+00 0.0000e+00
1.0000e+00 0.0000e+00
1.0000e+00 0.0000e+00
1.0000e+00 0.0000e+00
1.0000e+00 0.0000e+00
1.0000e+00 0.0000e+00
1.0000e+00 0.0000e+00
1.0000e+00 0.0000e+00
1.0000e+00 0.0000e+00
1.0000e+00 0.0000e+00
1.0000e+00 0.0000e+00
1.0000e+00 0.0000e+00
1.0000e+00 0.0000e+00
1.0000e+00 0.0000e+00
1.0000e+00 0.0000e+00
1.0000e+00 0.0000e+00
1.0000e+00 0.0000e+00
1.0000e+00 0.0000e+00
1.0000e+00 0.0000e+00
1.0000e+00 0.0000e+00
1.0000e+00 0.0000e+00
1.0000e+00 0.0000e+00
1.0000e+00 0.0000e+00
1.0000e+00 0.0000e+00
1.0000e+00 0.0000e+00
1.0000e+00 0.0000e+00
1.0000e+00 0.0000e+00
1.0000e+00 0.0000e+00
1.0000e+00 0.0000e+00
1.0000e+00 0.0000e+00
1.0000e+00 0.0000e+00
1.0000e+00 0.0000e+00
1.0000e+00 0.0000e+00
1.0000e+00 0.0000e+00
1.0000e+00 0.0000e+00
1.0000e+00 0.0000e+00
1.0000e+00 0.0000e+00
1.0000e+00 0.0000e+00
1.0000e+00 0.0000e+00
1.0000e+00 0.0000e+00
1.0000e+00 0.0000e+00
1.0000e+00 0.0000e+00
1.0000e+00 0.0000e+00
1.0000e+00 0.0000e+00
1.0000e+00 0.0000e+00
1.0000e+00 0.0000e+00
1.0000e+00 0.0000e+00
1.0000e+00 0.0000e+00
1.0000e+00 0.0000e+00
1.0000e+00 0.0000e+00
1.0000e+00 0.0000e+00
1.0000e+00 0.0000e+00
1.0000e+00 0.0000e+00
1.0000e+00 0.0000e+00
1.0000e+00 0.0000e+00
1.0000e+00 0.0000e+00
1.0000e+00 0.0000e+00
1.0000e+00 0.0000e+00
1.0000e+00 0.0000e+00
1.0000e+00 0.0000e+00
1.0000e+00 0.0000e+00
1.0000e+00 0.0000e+00
1.0000e+00 0.0000e+00
1.0000e+00 0.0000e+00
1.0000e+00 0.0000e+00
1.0000e+00 0.0000e+00
1.0000e+00 0.0000e+00
1.0000e+00 0.0000e+00
1.0000e+00 0.0000e+00
1.0000e+00 0.0000e+00
1.0000e+00 0.0000e+00
1.0000e+00 0.0000e+00
1.0000e+00 0.0000e+00
1.0000e+00 0.0000e+00
1.0000e+00 0.0000e+00
1.0000e+00 0.0000e+00
1.0000e+00 0.0000e+00
1.0000e+00 0.0000e+00
1.0000e+00 0.0000e+00
1.0000e+00 0.0000e+00
1.0000e+00 0.0000e+00
1.0000e+00 0.0000e+00
1.0000e+00 0.0000e+00
1.0000e+00 0.0000e+00
1.0000e+00 0.0000e+00
1.0000e+00 0.0000e+00
1.0000e+00 0.0000e+00
1.0000e+00 0.0000e+00
1.0000e+00 0.0000e+00
1.0000e+00 0.0000e+00
1.0000e+00 0.0000e+00
1.0000e+00 0.0000e+00
1.0000e+00 0.0000e+00
1.0000e+00 0.0000e+00
1.0000e+00 0.0000e+00
1.0000e+00 0.0000e+00
1.0000e+00 0.0000e+00
1.0000e+00 0.0000e+00
1.0000e+00 0.0000e+00
1.0000e+00 0.0000e+00
1.0000e+00 0.0000e+00
1.0000e+00 0.0000e+00
1.0000e+00 0.0000e+00
1.0000e+00 0.0000e+00
1.0000e+00 0.0000e+00
1.0000e+00 0.0000e+00
1.0000e+00 0.0000e+00
1.0000e+00 0.0000e+00
1.0000e+00 0.0000e+00
1.0000e+00 0.0000e+00
1.0000e+00 0.0000e+00
1.0000e+00 0.0000e+00
1.0000e+00 0.0000e+00
1.0000e+00 0.0000e+00
1.0000e+00 0.0000e+00
1.0000e+00 0.0000e+00
1.0000e+00 0.0000e+00
1.0000e+00 0.0000e+00
1.0000e+00 0.0000e+00
1.0000e+00 0.0000e+00
1.0000e+00 0.0000e+00
1.0000e+00 0.0000e+00
1.0000e+00 0.0000e+00
1.0000e+00 0.0000e+00
1.0000e+00 0.0000e+00
1.0000e+00 0.0000e+00
1.0000e+00 0.0000e+00
1.0000e+00 0.0000e+00
1.0000e+00 0.0000e+00
1.0000e+00 0.0000e+00
1.0000e+00 0.0000e+00
1.0000e+00 0.0000e+00
1.0000e+00 0.0000e+00
1.0000e+00 0.0000e+00
1.0000e+00 0.0000e+00
1.0000e+00 0.0000e+00
1.0000e+00 0.0000e+00
1.0000e+00 0.0000e+00
1.0000e+00 0.0000e+00
1.0000e+00 0.0000e+00
1.0000e+00 0.0000e+00
1.0000e+00 0.0000e+00
1.0000e+00 0.0000e+00
1.0000e+00 0.0000e+00
1.0000e+00 0.0000e+00
1.0000e+00 0.0000e+00
1.0000e+00 0.0000e+00
1.0000e+00 0.0000e+00
1.0000e+00 0.0000e+00
1.0000e+00 0.0000e+00
1.0000e+00 0.0000e+00
1.0000e+00 0.0000e+00
1.0000e+00 0.0000e+00
1.0000e+00 0.0000e+00
1.0000e+00 0.0000e+00
1.0000e+00 0.0000e+00
1.0000e+00 0.0000e+00
1.0000e+00 0.0000e+00
1.0000e+00 0.0000e+00
1.0000e+00 0.0000e+00
1.0000e+00 0.0000e+00
1.0000e+00 0.0000e+00
1.0000e+00 0.0000e+00
1.0000e+00 0.0000e+00
1.0000e+00 0.0000e+00
1.0000e+00 0.0000e+00
1.0000e+00 0.0000e+00
1.0000e+00 0.0000e+00
1.0000e+00 0.0000e+00
1.0000e+00 0.0000e+00
1.0000e+00 0.0000e+00
1.0000e+00 0.0000e+00
1.0000e+00 0.0000e+00
1.0000e+00 0.0000e+00
1.0000e+00 0.0000e+00
1.0000e+00 0.0000e+00
1.0000e+00 0.0000e+00
1.0000e+00 0.0000e+00
1.0000e+00 0.0000e+00
1.0000e+00 0.0000e+00
1.0000e+00 0.0000e+00
1.0000e+00 0.0000e+00
1.0000e+00 0.0000e+00
1.0000e+00 0.0000e+00
1.0000e+00 0.0000e+00
1.0000e+00 0.0000e+00
1.0000e+00 0.0000e+00
1.0000e+00 0.0000e+00
1.0000e+00 0.0000e+00
1.0000e+00 0.0000e+00
1.0000e+00 0.0000e+00
1.0000e+00 0.0000e+00
1.0000e+00 0.0000e+00
1.0000e+00 0.0000e+00
1.0000e+00 0.0000e+00
1.0000e+00 0.0000e+00
1.0000e+00 0.0000e+00
1.0000e+00 0.0000e+00
1.0000e+00 0.0000e+00
1.0000e+00 0.0000e+00
1.0000e+00 0.0000e+00
1.0000e+00 0.0000e+00
1.0000e+00 0.0000e+00
1.0000e+00 0.0000e+00
1.0000e+00 0.0000e+00
1.0000e+00 0.0000e+00
1.0000e+00 0.0000e+00
1.0000e+00 0.0000e+00
1.0000e+00 0.0000e+00
1.0000e+00 0.0000e+00
1.0000e+00 0.0000e+00
1.0000e+00 0.0000e+00
1.0000e+00 0.0000e+00
1.0000e+00 0.0000e+00
1.0000e+00 0.0000e+00
1.0000e+00 0.0000e+00
1.0000e+00 0.0000e+00
1.0000e+00 0.0000e+00
1.0000e+00 0.0000e+00
1.0000e+00 0.0000e+00
1.0000e+00 0.0000e+00
1.0000e+00 0.0000e+00
1.0000e+00 0.0000e+00
1.0000e+00 0.0000e+00
1.0000e+00 0.0000e+00
1.0000e+00 0.0000e+00
1.0000e+00 0.0000e+00
1.0000e+00 0.0000e+00
1.0000e+00 0.0000e+00
1.0000e+00 0.0000e+00
1.0000e+00 0.0000e+00
1.0000e+00 0.0000e+00
1.0000e+00 0.0000e+00
1.0000e+00 0.0000e+00
1.0000e+00 0.0000e+00
1.0000e+00 0.0000e+00
1.0000e+00 0.0000e+00
1.0000e+00 0.0000e+00
1.0000e+00 0.0000e+00
1.0000e+00 0.0000e+00
1.0000e+00 0.0000e+00
1.0000e+00 0.0000e+00
1.0000e+00 0.0000e+00
1.0000e+00 0.0000e+00
1.0000e+00 0.0000e+00
1.0000e+00 0.0000e+00
1.0000e+00 0.0000e+00
1.0000e+00 0.0000e+00
1.0000e+00 0.0000e+00
1.0000e+00 0.0000e+00
1.0000e+00 0.0000e+00
1.0000e+00 0.0000e+00
1.0000e+00 0.0000e+00
1.0000e+00 0.0000e+00
1.0000e+00 0.0000e+00
1.0000e+00 0.0000e+00
1.0000e+00 0.0000e+00
1.0000e+00 0.0000e+00
1.0000e+00 0.0000e+00
1.0000e+00 0.0000e+00
1.0000e+00 0.0000e+00
1.0000e+00 0.0000e+00
1.0000e+00 0.0000e+00
1.0000e+00 0.0000e+00
1.0000e+00 0.0000e+00
1.0000e+00 0.0000e+00
1.0000e+00 0.0000e+00
1.0000e+00 0.0000e+00
1.0000e+00 0.0000e+00
1.0000e+00 0.0000e+00
1.0000e+00 0.0000e+00
1.0000e+00 0.0000e+00
1.0000e+00 0.0000e+00
1.0000e+00 0.0000e+00
1.0000e+00 0.0000e+00
1.0000e+00 0.0000e+00
1.0000e+00 0.0000e+00
1.0000e+00 0.0000e+00
1.0000e+00 0.0000e+00
1.0000e+00 0.0000e+00
1.0000e+00 0.0000e+00
1.0000e+00 0.0000e+00
1.0000e+00 0.0000e+00
1.0000e+00 0.0000e+00
1.0000e+00 0.0000e+00
1.0000e+00 0.0000e+00
1.0000e+00 0.0000e+00
1.0000e+00 0.0000e+00
1.0000e+00 0.0000e+00
1.0000e+00 0.0000e+00
1.0000e+00 0.0000e+00
1.0000e+00 0.0000e+00
1.0000e+00 0.0000e+00
1.0000e+00 0.0000e+00
1.0000e+00 0.0000e+00
1.0000e+00 0.0000e+00
1.0000e+00 0.0000e+00
1.0000e+00 0.0000e+00
1.0000e+00 0.0000e+00
1.0000e+00 0.0000e+00
1.0000e+00 0.0000e+00
1.0000e+00 0.0000e+00
1.0000e+00 0.0000e+00
1.0000e+00 0.0000e+00
1.0000e+00 0.0000e+00
1.0000e+00 0.0000e+00
1.0000e+00 0.0000e+00
1.0000e+00 0.0000e+00
1.0000e+00 0.0000e+00
1.0000e+00 0.0000e+00
1.0000e+00 0.0000e+00
1.0000e+00 0.0000e+00
1.0000e+00 0.0000e+00
1.0000e+00 0.0000e+00
1.0000e+00 0.0000e+00
1.0000e+00 0.0000e+00
1.0000e+00 0.0000e+00
1.0000e+00 0.0000e+00
1.0000e+00 0.0000e+00
1.0000e+00 0.0000e+00
1.0000e+00 0.0000e+00
1.0000e+00 0.0000e+00
1.0000e+00 0.0000e+00
1.0000e+00 0.0000e+00
1.0000e+00 0.0000e+00
1.0000e+00 0.0000e+00
1.0000e+00 0.0000e+00
1.0000e+00 0.0000e+00
1.0000e+00 0.0000e+00
1.0000e+00 0.0000e+00
1.0000e+00 0.0000e+00
1.0000e+00 0.0000e+00
1.0000e+00 0.0000e+00
1.0000e+00 0.0000e+00
1.0000e+00 0.0000e+00
1.0000e+00 0.0000e+00
1.0000e+00 0.0000e+00
1.0000e+00 0.0000e+00
1.0000e+00 0.0000e+00
1.0000e+00 0.0000e+00
1.0000e+00 0.0000e+00
1.0000e+00 0.0000e+00
1.0000e+00 0.0000e+00
1.0000e+00 0.0000e+00
1.0000e+00 0.0000e+00
1.0000e+00 0.0000e+00
1.0000e+00 0.0000e+00
1.0000e+00 0.0000e+00
1.0000e+00 0.0000e+00
1.0000e+00 0.0000e+00
1.0000e+00 0.0000e+00
1.0000e+00 0.0000e+00
1.0000e+00 0.0000e+00
1.0000e+00 0.0000e+00
1.0000e+00 0.0000e+00
1.0000e+00 0.0000e+00
1.0000e+00 0.0000e+00
1.0000e+00 0.0000e+00
1.0000e+00 0.0000e+00
1.0000e+00 0.0000e+00
1.0000e+00 0.0000e+00
1.0000e+00 0.0000e+00
1.0000e+00 0.0000e+00
1.0000e+00 0.0000e+00
1.0000e+00 0.0000e+00
1.0000e+00 0.0000e+00
1.0000e+00 0.0000e+00
1.0000e+00 0.0000e+00
1.0000e+00 0.0000e+00
1.0000e+00 0.0000e+00
1.0000e+00 0.0000e+00
1.0000e+00 0.0000e+00
1.0000e+00 0.0000e+00
1.0000e+00 0.0000e+00
1.0000e+00 0.0000e+00
1.0000e+00 0.0000e+00
1.0000e+00 0.0000e+00
1.0000e+00 0.0000e+00
1.0000e+00 0.0000e+00
1.0000e+00 0.0000e+00
1.0000e+00 0.0000e+00
1.0000e+00 0.0000e+00
1.0000e+00 0.0000e+00
1.0000e+00 0.0000e+00
1.0000e+00 0.0000e+00
1.0000e+00 0.0000e+00
1.0000e+00 0.0000e+00
1.0000e+00 0.0000e+00
1.0000e+00 0.0000e+00
1.0000e+00 0.0000e+00
1.0000e+00 0.0000e+00
1.0000e+00 0.0000e+00
1.0000e+00 0.0000e+00
1.0000e+00 0.0000e+00
1.0000e+00 0.0000e+00
1.0000e+00 0.0000e+00
1.0000e+00 0.0000e+00
1.0000e+00 0.0000e+00
1.0000e+00 0.0000e+00
1.0000e+00 0.0000e+00
1.0000e+00 0.0000e+00
1.0000e+00 0.0000e+00
1.0000e+00 0.0000e+00
1.0000e+00 0.0000e+00
1.0000e+00 0.0000e+00
1.0000e+00 0.0000e+00
1.0000e+00 0.0000e+00
1.0000e+00 0.0000e+00
1.0000e+00 0.0000e+00
1.0000e+00 0.0000e+00
1.0000e+00 0.0000e+00
1.0000e+00 0.0000e+00
1.0000e+00 0.0000e+00
1.0000e+00 0.0000e+00
1.0000e+00 0.0000e+00
1.0000e+00 0.0000e+00
1.0000e+00 0.0000e+00
1.0000e+00 0.0000e+00
1.0000e+00 0.0000e+00
1.0000e+00 0.0000e+00
1.0000e+00 0.0000e+00
1.0000e+00 0.0000e+00
1.0000e+00 0.0000e+00
1.0000e+00 0.0000e+00
1.0000e+00 0.0000e+00
1.0000e+00 0.0000e+00
1.0000e+00 0.0000e+00
1.0000e+00 0.0000e+00
1.0000e+00 0.0000e+00
1.0000e+00 0.0000e+00
1.0000e+00 0.0000e+00
1.0000e+00 0.0000e+00
1.0000e+00 0.0000e+00
1.0000e+00 0.0000e+00
1.0000e+00 0.0000e+00
1.0000e+00 0.0000e+00
1.0000e+00 0.0000e+00
1.0000e+00 0.0000e+00
1.0000e+00 0.0000e+00
1.0000e+00 0.0000e+00
1.0000e+00 0.0000e+00
1.0000e+00 0.0000e+00
1.0000e+00 0.0000e+00
1.0000e+00 0.0000e+00
1.0000e+00 0.0000e+00
1.0000e+00 0.0000e+00
1.0000e+00 0.0000e+00
1.0000e+00 0.0000e+00
1.0000e+00 0.0000e+00
1.0000e+00 0.0000e+00
1.0000e+00 0.0000e+00
1.0000e+00 0.0000e+00
1.0000e+00 0.0000e+00
1.0000e+00 0.0000e+00
1.0000e+00 0.0000e+00
1.0000e+00 0.0000e+00
1.0000e+00 0.0000e+00
1.0000e+00 0.0000e+00
1.0000e+00 0.0000e+00
1.0000e+00 0.0000e+00
1.0000e+00 0.0000e+00
1.0000e+00 0.0000e+00
1.0000e+00 0.0000e+00
1.0000e+00 0.0000e+00
1.0000e+00 0.0000e+00
1.0000e+00 0.0000e+00
1.0000e+00 0.0000e+00
1.0000e+00 0.0000e+00
1.0000e+00 0.0000e+00
1.0000e+00 0.0000e+00
1.0000e+00 0.0000e+00
1.0000e+00 0.0000e+00
1.0000e+00 0.0000e+00
1.0000e+00 0.0000e+00
1.0000e+00 0.0000e+00
1.0000e+00 0.0000e+00
1.0000e+00 0.0000e+00
1.0000e+00 0.0000e+00
1.0000e+00 0.0000e+00
1.0000e+00 0.0000e+00
1.0000e+00 0.0000e+00
1.0000e+00 0.0000e+00
1.0000e+00 0.0000e+00
1.0000e+00 0.0000e+00
1.0000e+00 0.0000e+00
1.0000e+00 0.0000e+00
1.0000e+00 0.0000e+00
1.0000e+00 0.0000e+00
1.0000e+00 0.0000e+00
1.0000e+00 0.0000e+00
1.0000e+00 0.0000e+00
1.0000e+00 0.0000e+00
1.0000e+00 0.0000e+00
1.0000e+00 0.0000e+00
1.0000e+00 0.0000e+00
