0
0.0157868977567326
0.0315737955134653
0.0473606932701979
0.0631475910269305
0.0789344887836631
0.0947213865403958
0.110508284297128
0.126295182053861
0.142082079810594
0.157868977567326
0.173655875324059
0.189442773080792
0.205229670837524
0.221016568594257
0.236803466350989
0.252590364107722
0.268377261864455
0.284164159621187
0.29995105737792
0.315737955134653
0.331524852891385
0.347311750648118
0.36309864840485
0.378885546161583
0.394672443918316
0.410459341675048
0.426246239431781
0.442033137188514
0.457820034945246
0.473606932701979
0.489393830458711
0.505180728215444
0.520967625972177
0.536754523728909
0.552541421485642
0.568328319242375
0.584115216999107
0.59990211475584
0.615689012512572
0.631475910269305
0.647262808026038
0.66304970578277
0.678836603539503
0.694623501296236
0.710410399052968
0.726197296809701
0.741984194566434
0.757771092323166
0.773557990079899
0.789344887836631
0.805131785593364
0.820918683350097
0.836705581106829
0.852492478863562
0.868279376620295
0.884066274377027
0.89985317213376
0.915640069890493
0.931426967647225
0.947213865403958
0.96300076316069
0.978787660917423
0.994574558674156
1.01036145643089
1.02614835418762
1.04193525194435
1.05772214970109
1.07350904745782
1.08929594521455
1.10508284297128
1.12086974072802
1.13665663848475
1.15244353624148
1.16823043399821
1.18401733175495
1.19980422951168
1.21559112726841
1.23137802502514
1.24716492278188
1.26295182053861
1.27873871829534
1.29452561605208
1.31031251380881
1.32609941156554
1.34188630932227
1.35767320707901
1.37346010483574
1.38924700259247
1.4050339003492
1.42082079810594
1.43660769586267
1.4523945936194
1.46818149137613
1.48396838913287
1.4997552868896
1.51554218464633
1.53132908240306
1.5471159801598
1.56290287791653
1.57868977567326
1.59447667343
1.61026357118673
1.62605046894346
1.64183736670019
1.65762426445693
1.67341116221366
1.68919805997039
1.70498495772712
1.72077185548386
1.73655875324059
1.75234565099732
1.76813254875405
1.78391944651079
1.79970634426752
1.81549324202425
1.83128013978099
1.84706703753772
1.86285393529445
1.87864083305118
1.89442773080792
1.91021462856465
1.92600152632138
1.94178842407811
1.95757532183485
1.97336221959158
1.98914911734831
2.00493601510504
2.02072291286178
2.03650981061851
2.05229670837524
2.06808360613197
2.08387050388871
2.09965740164544
2.11544429940217
2.1312311971589
2.14701809491564
2.16280499267237
2.1785918904291
2.19437878818584
2.21016568594257
2.2259525836993
2.24173948145603
2.25752637921277
2.2733132769695
2.28910017472623
2.30488707248296
2.3206739702397
2.33646086799643
2.35224776575316
2.36803466350989
2.38382156126663
2.39960845902336
2.41539535678009
2.43118225453682
2.44696915229356
2.46275605005029
2.47854294780702
2.49432984556376
2.51011674332049
2.52590364107722
2.54169053883395
2.55747743659069
2.57326433434742
2.58905123210415
2.60483812986088
2.62062502761762
2.63641192537435
2.65219882313108
2.66798572088781
2.68377261864455
2.69955951640128
2.71534641415801
2.73113331191474
2.74692020967148
2.76270710742821
2.77849400518494
2.79428090294168
2.81006780069841
2.82585469845514
2.84164159621187
2.85742849396861
2.87321539172534
2.88900228948207
2.9047891872388
2.92057608499554
2.93636298275227
2.952149880509
2.96793677826573
2.98372367602247
2.9995105737792
3.01529747153593
3.03108436929266
3.0468712670494
3.06265816480613
3.07844506256286
3.0942319603196
3.11001885807633
3.12580575583306
3.14159265358979
