0.000755588878735917
0.00156015617692942
0.000912914643580008
0.000733024983944608
0.00133019412217507
0.000681183838743285
0.000149906868338251
0.00137987763441429
0.00146701833414636
0.000472094599981714
0.000644635438985442
0.00140285584902224
0.00145388832508438
0.000408050461609013
0.000472100796803211
0.00152737510811134
0.00130631930024479
0.00120760569718322
0.000207257494107805
0.000893419185940757
0.00162256232571986
0.00141753638575144
0.000899904408977886
0.000610778648815128
0.000955644283172421
0.00123536196407439
0.00153191045225592
0.00162994591317878
0.000586784768303167
9.58113106117543e-05
0.000811450473723191
0.0014608740312435
0.00121061925982507
0.00122165628234916
0.00113356365501835
0.000144112319887382
0.000332422095197366
0.000412597021356332
0.000882815125124503
0.00127441400731088
0.00134508218817784
0.000827819798638005
0.000907060504547654
0.000622794710530047
0.00024142673217451
0.000468669667044986
0.000796945243389139
0.000470826314751657
0.000751889422003669
0.000931078704935341
0.000856855423927484
0.000691533138826283
0.000978350072634252
0.000971871796391402
0.000690415893395667
0.000384829116281474
0.000272319838050224
0.000440472472399393
0.000475874471524222
0.000434486667313888
0.000921279303362662
0.00102318835553077
0.00103379631427829
0.00101952729875233
0.0009951820284173
0.000969754812731969
0.00099339553322594
0.00107377010498284
0.000782383162581492
0.000319578542233365
0.000149517396206102
0.000329644425628951
0.000492799724008778
0.000646027924937003
0.000878151056297194
0.00116308971313503
0.00141283524855781
0.00151347819441591
0.00142446848554734
0.00126668753113282
0.00111286909307827
0.000969575474947759
0.000833006259598514
0.000704793008966716
0.000594589125030877
0.000517681386270939
0.000497101275438227
0.000567985392870198
0.000672807444822371
0.000773323110425807
0.00087159151551127
0.000963409468540497
0.00104422255341874
0.00111177277945078
0.00116600240051872
0.00120849589062395
0.00124246473087477
0.00127281020136459
0.00130571699945808
0.00134208761714078
0.000744897408099757
0.0015825762286054
0.000935797333820173
0.000743710452765632
0.00136146116828638
0.000690348714844431
0.000214532406953013
0.0013835174650753
0.00146368434633807
0.000469620798866308
0.000670862926137471
0.00139474317930656
0.00144159684073331
0.000422875612508725
0.000477017388290082
0.00151631150936761
0.00130036673519483
0.00120088032817974
0.000231382426740293
0.000882656529186055
0.00161106282232693
0.00141046066328358
0.000916827024084154
0.000605842816993595
0.000942853914638594
0.00123269338048099
0.00153650849098093
0.00162495106562653
0.000619086244709154
0.000154366933764562
0.000807452529682926
0.00145214196414848
0.0012225049703417
0.001247110602119
0.00114202745012255
0.000207948789379078
0.000335610643974397
0.000424415165767518
0.000902609217528061
0.00128101573910488
0.00135054545608257
0.000857383698083179
0.000927168240161607
0.000629933311028353
0.000240537585956368
0.000466486027888901
0.000796721004345364
0.00051116760607765
0.000788866563938846
0.00094829838734308
0.000865847605330499
0.000699626095874743
0.000971742882711603
0.000960267040362941
0.000680168666316438
0.000392477146309422
0.000298220824132736
0.000454745697151242
0.000492796288225165
0.000460370871504153
0.000924856616952525
0.00102221036942513
0.00102660296354645
0.00100609692553836
0.00098273750398529
0.000959719771124969
0.000982916926718158
0.00106107659008852
0.000775493548671665
0.00033107205567093
0.000190169386659594
0.000346773327543595
0.000495901021894353
0.000641368264012304
0.000868574198260487
0.00114914673643632
0.00139515884668053
0.00149436874902453
0.00140708252844004
0.00125268158738317
0.00110358291373556
0.000966315769438327
0.000835053067010191
0.000709403810174806
0.000598891526597953
0.000519523776141448
0.000495226759834595
0.000562029968049709
0.000664062741747809
0.000762802645922047
0.00085957857650946
0.000950048224551406
0.00103001061208934
0.00109785103361776
0.00115374214454304
0.00119853065794969
0.00123441182708502
0.00126578004075565
0.00129874723029322
0.00133442384376937
0.000713217978026089
0.00164542688849541
0.000998761600028094
0.000773654196037425
0.00144772438387048
0.000716083100814702
0.000337401360444499
0.00139394485850751
0.00145404181600663
0.00046242386514884
0.000741216728474331
0.00137111561061299
0.00140560473669067
0.000462918774151256
0.000490899203509502
0.00148399454442195
0.0012830727791093
0.00118130157179693
0.0002898412298643
0.000850906725275898
0.00157748319713422
0.00138988576219616
0.0009638958298574
0.000591400624269861
0.000905016495085281
0.00122497703188699
0.00154967182064135
0.00161048245669839
0.000703863555822973
0.000256924604250297
0.000795828743997837
0.00142670051735077
0.0012561005236767
0.00131765992325626
0.00116605490891903
0.000328565026907584
0.000344626976894299
0.000456739436420188
0.000957320914950798
0.00129983741548491
0.00136615429256532
0.000937315952868796
0.000982771066674933
0.000650050402953055
0.000237958836486707
0.000460140616455531
0.000796074980973409
0.000612665396516339
0.000886767703080114
0.000996219500520798
0.000891232979625018
0.000722422658479433
0.000952462284614129
0.000926040611127437
0.000649760985311261
0.000413709870847536
0.00036260993460534
0.000493543743047191
0.000538559292564211
0.000527859455363694
0.000935080648085684
0.00101938913035623
0.00100560318873973
0.000966383809239848
0.000945991036894408
0.000930220593194003
0.000952101094485745
0.0010236483327925
0.000755304783147562
0.00036213464557592
0.000275546120927269
0.000391935125709282
0.000504724434165319
0.000627758160704002
0.000840389421070832
0.00110802003573901
0.00134296286348866
0.00143792761536106
0.00135577702423404
0.00121144903417574
0.00107639707945364
0.000956867802696096
0.000840918789689211
0.000722515763749653
0.000611110647152766
0.000524792602572128
0.000489789240549194
0.000544518341416112
0.000638214522930746
0.000731665793164636
0.000824011143562944
0.000910481609757179
0.000987947776381855
0.0010567411027784
0.00111768927430679
0.00116936270451964
0.00121092534898827
0.0012453158616474
0.00127846638043576
0.00131210690659668
0.000661747103688848
0.00173731490982561
0.00108818451789609
0.000817405748917541
0.00157072468621194
0.000753808271553896
0.00046662521285557
0.00140977095855985
0.00143914329064258
0.000451174896999114
0.000837620363815578
0.00133410464899782
0.00134859969861771
0.000518302031847903
0.000511437041374754
0.00143306917694372
0.0012561151454036
0.0011506591737574
0.00036151190457123
0.000799822251075216
0.00152460231012634
0.00135775855560394
0.00103185311722815
0.000568562770888709
0.000843761383849932
0.00121305969548569
0.00156962510077242
0.00158805958884871
0.000816858041921731
0.000361435263771455
0.000777683147599749
0.00138681694462231
0.00130589653330308
0.00141896023766038
0.00120193579113125
0.000455082342751724
0.000358000608392798
0.000502243875051737
0.00103555231597524
0.00132815662862955
0.00138972840807334
0.00104802007220355
0.00106232941298607
0.000679717680964498
0.000233952835146968
0.000450245453999658
0.000795084197585196
0.000741700078903377
0.00101867108730116
0.00106546639524268
0.000928780783546023
0.000756016854651453
0.000922141080186987
0.000870997784948632
0.00060019292407207
0.000444276333538967
0.000443482596790595
0.000547680289302157
0.000601961406976603
0.000617103838295699
0.000950531486723827
0.00101505153160904
0.000972550535796414
0.000902155198045313
0.000886743387721348
0.000883115967372756
0.00090285063756071
0.000963488795250814
0.000723281561930876
0.0004051316553559
0.00036992359116903
0.000452466325934001
0.000517951215265514
0.000606313966720315
0.000795272672200537
0.00104186604733925
0.00125880288786115
0.00134687484622665
0.001273168445
0.001145401614807
0.00103335960643305
0.000942208930934633
0.000849827070070093
0.000742155240235437
0.000629371437314878
0.000532763851717895
0.000481339345409721
0.000516538703032772
0.00059644387343486
0.000681206337120211
0.000766323302883225
0.000846281419921329
0.00091978013252794
0.00099045281580735
0.00106007738852423
0.00112320655240207
0.00117403097207094
0.00121329359705249
0.00124675456202212
0.00127715918938907
0.000592533686152735
0.00184378869975808
0.00118872615004822
0.000868068610276322
0.00170956318929252
0.00079765201634213
0.000587529220527219
0.00142894518189104
0.00142065417758876
0.000436980694883614
0.000942505026860173
0.0012872514961633
0.00127519716428944
0.000579049916163351
0.00053555587286767
0.00136801337584904
0.00122223495791211
0.00111191803093313
0.000433538849820672
0.000732307120146544
0.00145711567402212
0.00131727902754768
0.00110954512618681
0.000539228626418099
0.000761924666725973
0.00119827906139293
0.00159376029295044
0.00156011379646779
0.000937038755956149
0.000458159350580788
0.000754828777097116
0.00133626773457019
0.00136450078638908
0.00153411519139913
0.00124453821887269
0.000573340421323031
0.000373752823386571
0.000552972728236569
0.00112410618646953
0.00136209141229752
0.0014181112372834
0.00116959485921518
0.00115244556511422
0.000714429457770399
0.000228943035565055
0.000437801905192433
0.000793867133071712
0.000874353491925647
0.00116017126397791
0.00114470356958335
0.000972862848473372
0.000795290552869685
0.000883526629707121
0.000798311386302251
0.000533131374958262
0.000479115774616339
0.000525970748615606
0.000607535696412244
0.000671610473720751
0.000711450184564968
0.000969148390701333
0.00100970523075877
0.000930403214471609
0.000816495833814143
0.000808154911823808
0.000821653767670205
0.000838494515641914
0.000884119165948844
0.000681948642606635
0.00045232739935454
0.000459967613754455
0.000517131223956799
0.000533728792440047
0.00057892496442412
0.000736162161115437
0.000954474652706535
0.00114716386631058
0.00122598107198556
0.00116385360538732
0.00105877042546577
0.000977983184374201
0.000923909579923534
0.000860628772112747
0.000765558849960757
0.000651072516834993
0.000542382064568404
0.000470766923577982
0.000479994289335848
0.000540816307267034
0.000613668117214189
0.000688993471413598
0.000760158895627698
0.000828535633196705
0.000902513147421152
0.000984813770973822
0.0010638562893487
0.00112712519150313
0.00117281900261903
0.00120671665085967
0.00123293733761331
0.000508637041904695
0.00195072320471938
0.00128712315930491
0.000918920163634239
0.00184587785511025
0.000841805237300588
0.000693413032590791
0.00144907132938021
0.00140071045054371
0.000421350685728309
0.00104259583322863
0.00123544136941551
0.00119213013425624
0.000637368669627645
0.000560083004128129
0.0012951984501876
0.00118511708844407
0.00106914984420131
0.000498894935386248
0.000652834689204055
0.0013816822091185
0.00127278840935467
0.00118664954577818
0.000506148071730974
0.000663846293820961
0.00118234691428161
0.00161904931643658
0.00152981391457727
0.00104993041856087
0.000542468611611077
0.000729721924363707
0.00128028419610219
0.00142422001186506
0.00164784558116269
0.00128832840758733
0.000676863202226156
0.000389817483827935
0.000602282490090214
0.00121125331278403
0.00139729917382619
0.00144770457124668
0.00128641397467141
0.0012411796116636
0.000749605596432415
0.000223488408519435
0.000424158995640972
0.00079256990739317
0.000996306760999465
0.00129386644164328
0.00122340229923702
0.00101767893688002
0.000835058507168787
0.000840487746742987
0.00071286598936934
0.000450942246582537
0.000513602004677873
0.000601453105275352
0.000665344404697363
0.000738550261152821
0.000799718635328897
0.000988575093862729
0.00100398454792793
0.00088334500529614
0.000714141955777828
0.000715098903505965
0.000750740660784215
0.000764077660547001
0.000790956040490273
0.000635015034453301
0.000497660192468142
0.000539530114056723
0.000578054934179481
0.000550022077497998
0.000548277512697904
0.000667533676892713
0.000851681993547532
0.00101496158875423
0.0010826011854698
0.00103491806920487
0.000958013580234667
0.000915380772822519
0.000904029071997733
0.000871976751781205
0.000789703031972057
0.000673398653876768
0.000552433658859455
0.00045924874451438
0.000437766600028229
0.000474509412772696
0.000532468281316664
0.000595776866531699
0.000656210188939143
0.000718824868211328
0.000798360641464528
0.000897816751409119
0.000996823453646309
0.00107496347904048
0.00112815308371463
0.00116259576417695
0.00118406484514906
0.000414606536830874
0.00204612186706559
0.00137317527724542
0.000964264082560849
0.0019653740901654
0.000881281956276396
0.000779918668494982
0.001467732228604
0.00138170714971042
0.000406115427412547
0.00112858935102361
0.00118469260872224
0.00110841369429708
0.000687677708097252
0.000582190018109289
0.00122282965124498
0.00114914557265531
0.00102733955570583
0.000553318383673825
0.000568111975169202
0.00130683572434828
0.00122951456928675
0.00125479347942467
0.000472958515754989
0.000556136518050071
0.00116717741148137
0.00164245840235526
0.00150078393295929
0.00114592253373915
0.000611184698115349
0.000705315171799507
0.00122534804988246
0.00147814048133454
0.00174798636258378
0.0013281625721385
0.000761421758663651
0.000404332051756984
0.000645193092039907
0.00128778131181806
0.00142959363682748
0.00147497218913166
0.00138725159116538
0.00131913374123536
0.000781218199044873
0.000218238523645485
0.000410926262151769
0.000791348976006647
0.00109863651123112
0.00140797618817491
0.00129299683240372
0.00105806370159108
0.000870774534171343
0.000797931567277719
0.000621966113959711
0.000356856310891802
0.00054401974610532
0.000664615868435895
0.000715422322818531
0.000796341372258025
0.000874582250889446
0.00100648855540002
0.000998578997214242
0.000836716197526281
0.000602312359393243
0.000614952817403807
0.00067737186378871
0.000686839464769446
0.000692074778482853
0.000587504746624271
0.000536781226574608
0.000604830130180126
0.0006299574855624
0.000564904636393654
0.000517827885617888
0.000595883641405954
0.000742225855245029
0.000872666747577567
0.000927891730887324
0.000897024378373381
0.000852549103895216
0.000852373739602771
0.000884940566003586
0.000882507388077469
0.000811736922192257
0.000693723837786465
0.000561715167775483
0.000448155486671455
0.000393982083557774
0.000402363227516844
0.00044279674226536
0.000492352184724559
0.000540611798766321
0.000597649558221661
0.000686230948563924
0.000807569819241759
0.000929437594875094
0.00102352770124209
0.00108450562034064
0.00111955216422511
0.00113622552381024
0.000318006172021291
0.00212071878036713
0.00143952462755491
0.000999708239554925
0.00205766019121642
0.000912200520417296
0.00084390315837123
0.00148277098094133
0.00136601993245576
0.000393259071103788
0.00119411873720843
0.00114165396419905
0.00103517022223723
0.000726115579622079
0.000599609069703001
0.00116049981214811
0.00111896606256497
0.000991952465262649
0.000594006862189802
0.000488287409759456
0.00124248886402858
0.00119307666956007
0.00130772029147063
0.000444070584117957
0.000449629006191615
0.00115466367658882
0.00166129762798358
0.00147669628828336
0.00121859411157588
0.000661945566371311
0.000684775276903378
0.0011786707407217
0.0015206829099691
0.00182556205221392
0.0013597725594444
0.000823958771022001
0.000415789719070033
0.000678168211626914
0.00134695433181205
0.00145539021912879
0.00149683347631704
0.00146432641628523
0.0013794269242941
0.000806072251075186
0.000213863448055398
0.000399814925760997
0.000790352268133991
0.00117548385899902
0.00149456708492623
0.00134707318092811
0.00108987903757187
0.000898841074046931
0.000761481814762705
0.000536589018562785
0.000255712015136233
0.000567611740064263
0.000711972683154253
0.000753788679257049
0.000840518295489643
0.000931168972954513
0.00102085919743105
0.000994150605497402
0.000796687370727796
0.000492713418608777
0.000519212636032495
0.000611077819658952
0.000616758648084332
0.000599518346972985
0.000545722209269307
0.000566678252492418
0.000653251318344749
0.000669297442812766
0.000576752941189733
0.000491611673003264
0.000530359838408213
0.000639277468078804
0.000736602138271008
0.000779370957009184
0.000766471972937641
0.000755761914460944
0.000797334556830176
0.000869069320051768
0.00089099995969854
0.000829266062607407
0.00070986262484898
0.000569169549160726
0.000438904779554137
0.000354307620235206
0.000332150092181444
0.000353236741869123
0.000388159392040032
0.00042364678325636
0.000476591730706614
0.000578971447315343
0.000725743597085129
0.000870653816051282
0.000979600672605592
0.00104757920842686
0.0010831979045584
0.00109568220833421
0.000234383576706122
0.00216802450895729
0.00148122896172159
0.00102218009260961
0.00211572560636262
0.000931828014515024
0.000883169329804277
0.00149250510026362
0.0013556829248934
0.000384635975094402
0.00123501608550529
0.00111266493402806
0.000984429080026383
0.000750142548304632
0.000610710631760365
0.00111794410791864
0.00109882080416384
0.000968157804420775
0.000619123786858072
0.000428233932717839
0.00119862771409286
0.0011686809182725
0.00134113971660168
0.000424155470509589
0.000363658624586097
0.00114642224524926
0.00167347967348795
0.0014607599753152
0.00126377519187358
0.000693075057167678
0.000671029792140174
0.00114718036820785
0.00154781996231567
0.00187446515729759
0.00138001404601498
0.000862334235807581
0.000423100861897824
0.000698852490236129
0.00138421310014857
0.00147198392409558
0.00151093182439605
0.00151251652658533
0.00141739784936919
0.000821889301543407
0.000210958887033838
0.000392392848504847
0.000789701034766628
0.00122304082898012
0.00154847579085694
0.00138122757594816
0.00111015335195297
0.000916696841845452
0.000736718893286983
0.000472616334347504
0.000157951125602463
0.000582495179654077
0.000741252592768958
0.000777810484758111
0.000868141080108375
0.000966317712494405
0.00103013084483655
0.000991249507510304
0.000769438038517989
0.000405503583289102
0.000445766532571955
0.00056361725895608
0.000566358578357766
0.000530466424528618
0.000516631204152305
0.000585369146204435
0.000683006994147752
0.000693772634963791
0.000584356814026391
0.000473718371272803
0.000482819634398113
0.000562001653850005
0.000632189651405554
0.000664768348814858
0.000667629674966459
0.000685254459588666
0.000759261365198272
0.000858551867173813
0.000896499701233688
0.000840510241203969
0.000720201436120543
0.000573982837225686
0.000432760166855545
0.00032581655714419
0.000276879280622547
0.000279719774180987
0.000301308395420353
0.000325363995697532
0.000377171878086136
0.000496621388073635
0.000666942386204104
0.000830043049534604
0.00094983425909229
0.00102275836912907
0.00105879630626003
0.00106838992936969
0.000197213731656944
0.00218421393054222
0.00149544065096681
0.00102986977438573
0.00213552217302961
0.000938548546723153
0.000896404010234099
0.00149587090503314
0.00135207443058453
0.000381595619383391
0.0012489063006994
0.0011024188217289
0.000966183627990494
0.000758308939161426
0.000614519244722473
0.00110278053165292
0.00109173746453637
0.00095975599867871
0.000627611680893128
0.000405301132293508
0.0011830145027119
0.00116008834425466
0.00135255298833096
0.000417016575470681
0.000328580437069913
0.00114354613042179
0.00167768975877671
0.0014551845213841
0.00127909309656128
0.00070356405384783
0.000666189686444808
0.00113603967627916
0.00155713392037891
0.00189115319517914
0.00138697473085985
0.000875268343142734
0.000425610613485836
0.000705894279627318
0.00139692045623252
0.00147770326337869
0.00151579745149701
0.00152889745565725
0.00143034920563153
0.000827311760384323
0.000209940742276941
0.000389782124994548
0.000789474738110896
0.00123913024827631
0.00156676419018612
0.00139289335313693
0.00111710846518838
0.000922817258065422
0.000727921763105837
0.000448267999837619
0.000104421582368814
0.000587575949097271
0.000751154426224984
0.000785981424930361
0.00087753097040031
0.000978229317050114
0.0010333313914714
0.00099023997829104
0.000759745826224359
0.000370443338092007
0.000417245172070084
0.000546170355168138
0.000547770972830241
0.000504277621188214
0.000506136969647655
0.000591722315548909
0.000693042204998283
0.000702073188757415
0.000586974566425889
0.000467343840833599
0.000465173795014732
0.000532547087112375
0.000591632084362936
0.000620031185243976
0.000629682585452583
0.000659004956147885
0.000745583965655736
0.000854868921689975
0.000898401864704737
0.000844380273319267
0.000723757515757847
0.000575645058794789
0.000430605652112074
0.000315320007899137
0.000254895278904164
0.000249163391321663
0.000264556815133649
0.000283364702452496
0.000335826957773332
0.000464619179522409
0.00064526853680861
0.00081546605353688
0.000939275822708133
0.00101399604757676
0.00105018907996138
0.00105874683655549
