2.52e-07
2.57e-07
2.62e-07
2.67e-07
2.72e-07
2.77e-07
2.82e-07
2.87e-07
2.92e-07
2.97e-07
3.02e-07
3.07e-07
3.12e-07
3.17e-07
3.22e-07
3.27e-07
3.32e-07
3.37e-07
3.42e-07
3.47e-07
3.52e-07
3.57e-07
3.62e-07
3.67e-07
3.72e-07
3.77e-07
3.82e-07
3.87e-07
3.92e-07
3.97e-07
4.02e-07
4.07e-07
4.12e-07
4.17e-07
4.22e-07
4.27e-07
4.32e-07
4.37e-07
4.42e-07
4.47e-07
4.52e-07
4.57e-07
4.62e-07
4.67e-07
4.72e-07
4.77e-07
4.82e-07
4.87e-07
4.92e-07
4.97e-07
5.02e-07
5.07e-07
5.12e-07
5.17e-07
5.22e-07
5.27e-07
5.32e-07
5.37e-07
5.42e-07
5.47e-07
5.52e-07
5.57e-07
5.62e-07
5.67e-07
5.72e-07
5.77e-07
5.82e-07
5.87e-07
5.92e-07
5.97e-07
6.02e-07
6.07e-07
6.12e-07
6.17e-07
6.22e-07
6.27e-07
6.32e-07
6.37e-07
6.42e-07
6.47e-07
6.52e-07
6.57e-07
6.62e-07
6.67e-07
6.72e-07
6.77e-07
6.82e-07
6.87e-07
6.92e-07
6.97e-07
7.02e-07
7.07e-07
7.12e-07
7.17e-07
7.22e-07
7.27e-07
7.32e-07
7.37e-07
7.42e-07
7.47e-07
