0.000168745903038071
0.00163798168625138
0.00161583157352261
0.000361506304117091
0.00183900670711049
0.00124027157996936
0.00048507467831381
0.00122864371912006
0.00109862147389176
0.000824131913000014
0.000839935526422075
0.00135468422806545
0.0011477124861228
0.000855328373290204
0.00054230603020949
0.00113534076762392
0.00150368332707322
0.00103989348099425
0.000746882857978682
0.00086127435960217
0.00135855309541277
0.00183856725100144
0.00108563067891221
0.000379774402700449
0.000936410036255142
0.00133245153165567
0.00142934324330589
0.00152046359306806
0.000763021561739439
0.000162563896308252
0.000375924182883147
0.00121037929859248
0.00163838757750839
0.00126579709382705
0.00116241124006752
0.000939838360219946
9.26990627848976e-05
0.000475470703040368
0.000832285946919169
0.00120350616867198
0.00148325412306725
0.00100248518583594
0.000833096591116541
0.000705717758569954
0.000277314190175999
0.000309078081241246
0.000806676554329264
0.000931030299603386
0.000651937731900773
0.000884285577401385
0.000967385670699801
0.000733740278203989
0.000683778571602091
0.000881448936833599
0.000807626489054477
0.00049919565727519
0.000271128961329255
0.000391837204951866
0.000590987191183744
0.000498831045237594
0.000643753105422316
0.000995897335876929
0.00104402545309056
0.00101842851708404
0.000971040613185442
0.000910279925498007
0.00085206762420337
0.000847246186861026
0.000881540635170267
0.00054628010148868
0.000133423828330808
0.000258468489460625
0.000452674159398339
0.000585262680783883
0.000718529130512329
0.000926999955401134
0.0011653696577515
0.00137784590803467
0.0014763177759282
0.0013904494414238
0.00121763249731262
0.00104295980589783
0.00088095774601651
0.00072991700177981
0.000592724891202978
0.000480231848131352
0.000408145350360899
0.00042570452902915
0.000594732379064417
0.000752244585548749
0.000861773178208636
0.000951966545530126
0.00102984287428038
0.00109493765251394
0.00114684857916033
0.0011859488904865
0.00121414911218467
0.00123470831903052
0.00125274244620351
0.00127490450032753
0.000200751013355796
0.00162645141207054
0.00161660569374748
0.000362663118368832
0.00183523463214807
0.00125673596276984
0.000478317558716647
0.00125237793296432
0.00111569925788329
0.000814744089367553
0.000841834330356628
0.00136389187501672
0.00114252917334309
0.000842882840076457
0.000552306859865104
0.00113681812505948
0.00148760463333056
0.00103854311787875
0.000738911248317296
0.000855249808465507
0.00134636350301108
0.00182213086193444
0.00109678244551142
0.000396439563643833
0.000923009543517666
0.00131655093488904
0.00143431372033258
0.00152227556403016
0.000779460341030546
0.000222536120422879
0.000378042221914341
0.00120516532497572
0.00162995280627989
0.001284843732448
0.00118164076189774
0.000944838249128242
0.0001280931533492
0.000470412689237734
0.000841588141304817
0.00121690764323712
0.00148648067438258
0.00102314727715414
0.000859701123833796
0.000729241875398544
0.000294258133912652
0.000311450238680412
0.000804031503311239
0.000936543409878755
0.00069268021016286
0.000918306071801388
0.000983843472087703
0.000747632514843478
0.000689736990026949
0.000874388062768711
0.000796866954746507
0.000495658121250214
0.000302579968792393
0.000417129207183061
0.000605089899391173
0.000522693609490805
0.000661718500904116
0.000999324611842031
0.00104314099177434
0.00101094825960346
0.000957735675871393
0.000898616335377577
0.000843064355097541
0.000838327368464071
0.000871855514689404
0.000545915878434201
0.000175456584238996
0.00028876115497887
0.000466574609653148
0.000588301540742449
0.000714210064714175
0.000917584501729543
0.00115189493713191
0.00136090730101644
0.00145768926807609
0.00137322891292767
0.00120377203137188
0.00103384671651563
0.000877853652809955
0.000732235634067113
0.000597892986469543
0.000485391427548344
0.000411129293735147
0.000424592040763633
0.000588447838247131
0.000742935089689463
0.000850782562669516
0.000939579594207467
0.00101612877746106
0.00108030188247053
0.00113236174163913
0.00117302429183546
0.00120356762817969
0.00122620126128143
0.00124544031947325
0.00126779719826037
0.000272675582560542
0.00159278519777462
0.00161883261658947
0.000365973610262507
0.00182432981548093
0.00130298183713976
0.000458305127614446
0.00131833355808805
0.00116347358243568
0.000787087803475164
0.000847277952117098
0.00139006363973759
0.00112747133792275
0.000805974726781805
0.000580141021115898
0.00114106132326569
0.00144030573971587
0.00103464505896134
0.000715462020455077
0.000837660840618291
0.00131063193887648
0.00177395381306718
0.00112827723759866
0.000440920944863105
0.000883289633331494
0.00126965530143724
0.00144853038371103
0.00152748092160158
0.000824966430491907
0.000340620909294381
0.000384075642304418
0.00119002470379911
0.00160541836051787
0.00133817308942842
0.00123533929649876
0.000959089288973245
0.00019725491648078
0.000455535158432624
0.00086781602286674
0.0012546964413339
0.00149573228541762
0.00108043675113371
0.000932074182409428
0.000793089336836944
0.000338339771259098
0.0003181818347452
0.000796366317138587
0.000952239524276673
0.000798465671742966
0.00100988341487473
0.00102976381172924
0.000786263899838854
0.000706613011398349
0.000853730990068662
0.000765041425032882
0.000485328201515277
0.000378826437370192
0.000482607596873319
0.000643974412617468
0.000586000915813713
0.000710916661618422
0.00100912805111093
0.0010405900882624
0.000989093809829057
0.000918349676200589
0.000864153575351603
0.000816586252945408
0.000812099774785839
0.000843347343447896
0.000544865780138827
0.000261090683568838
0.000362097641720005
0.000504464636769499
0.000596965197239201
0.000701625332736587
0.000889917585023571
0.00111218460779643
0.00131091269264846
0.00140266953471801
0.00132239250585478
0.00116294013874893
0.0010071461823664
0.000868853837093533
0.000738871233206807
0.000612530434493683
0.000499950537371314
0.000419602717372776
0.000421372354496304
0.000569965337313623
0.000715453228264531
0.00081831232408401
0.000902964233439831
0.000975564462304382
0.00103700683156445
0.00108957330617475
0.00113498768338457
0.00117256625981558
0.00120136976632606
0.00122417143735229
0.00124710633405732
0.000355698099599804
0.00153977843994887
0.00162223853069438
0.000370988282108647
0.00180749505926513
0.00137081173618153
0.000425823868910726
0.00141342614192444
0.00123308301429348
0.000742721056938528
0.000855550883603947
0.00142923181141996
0.001104003096475
0.000745894174131524
0.000620367774077716
0.00114753184677967
0.00136466345701933
0.00102864423398346
0.000677964342951634
0.000809972444646331
0.00125391455076268
0.0016974921651895
0.00117489358298268
0.00050147474594502
0.000818705847169215
0.00119424039359866
0.00147004491542242
0.00153542176250971
0.00089018494788965
0.000466805036571041
0.000393139816855743
0.00116644678645841
0.00156708452287215
0.0014159878648204
0.00131335843165669
0.000980521468959914
0.000270894857925402
0.000431748194532357
0.000906528763587761
0.00131048031259287
0.00150979661620576
0.00116274698106022
0.00103316883278235
0.000881989293699781
0.000396481471322403
0.000328227557652763
0.000784477306679674
0.000975797758745369
0.000937668125127026
0.00113595705168678
0.00109639359693438
0.000842019721303064
0.000731713991805736
0.000821075073791122
0.000713533774472643
0.000469060790489287
0.000472344038337371
0.000568480897569526
0.000699367903277264
0.000671514734660817
0.000780298780183928
0.00102396575188984
0.00103666970208805
0.000954640894160999
0.000854492707017476
0.000808509202184544
0.000774265060683767
0.000770186290717413
0.000797696519182458
0.000543252998996265
0.000354179238066978
0.000451933518808197
0.000557543058149686
0.000610000061542892
0.000681894043954708
0.000845775734033867
0.00104843147545147
0.00123038240896548
0.00131391306005236
0.00124047210958767
0.00109743919011222
0.000964806368467281
0.000854881560919523
0.000748923529973893
0.000634301452945164
0.000521468532352718
0.000432262692254543
0.000416391221609366
0.000540423807608759
0.000671169416492558
0.000765899542754058
0.000843789906691703
0.000909915378989323
0.000966921987612762
0.00102054373363239
0.00107410268139198
0.00112341121332164
0.00116229714952962
0.00119084902023202
0.00121472266592755
0.000436481491434191
0.00147215175622097
0.00162640676199692
0.000377048613608359
0.00178662754627839
0.00144968950200705
0.000382228450152446
0.00152198181507291
0.00131344293914834
0.000684380338404672
0.000865591157504337
0.00147585971826461
0.00107451524761309
0.000664820151421316
0.000666405119202235
0.00115541963205106
0.00126571563748684
0.00102123497690825
0.00062892068438461
0.000774657182655113
0.00118062504259843
0.00159871151632289
0.00122966584874611
0.000566990557855122
0.000731738213745071
0.0010946574491061
0.00149601389543492
0.00154510691109659
0.000964181202378592
0.000585565184243049
0.00040398101744547
0.00113685655633806
0.00151874026348438
0.00150596055175345
0.00140315094044684
0.00100618865607956
0.000340107756040221
0.000400645023857669
0.000951869135451857
0.00137582384542102
0.00152687215466421
0.00125637228306582
0.0011450543588593
0.000980089633794479
0.000457827481360775
0.000340145513146721
0.000769642497093138
0.00100394151231929
0.00108428716864201
0.00127367868554908
0.00117296942523855
0.000905738970856782
0.000761375573656368
0.000779149668719461
0.000644754922706768
0.000448300408299721
0.000566349746444763
0.000658704295980746
0.00076183712850208
0.000763441682192355
0.000857778052088222
0.00104187833971832
0.00103184029417542
0.000910599609132443
0.000768952012348998
0.000734516598643294
0.000718956139491262
0.000715426080162169
0.000737850173659219
0.00054126806714861
0.000442380622648813
0.000542171700927133
0.000616442962014227
0.000625618894191866
0.000656881094238746
0.000788259016394675
0.000964488477172122
0.00112374329475575
0.00119607569236591
0.00113191349843244
0.00101131300331605
0.000910183004206509
0.000837423704974735
0.000761073191320498
0.000660027544768857
0.000546708817038941
0.000447303363445464
0.000410198357842885
0.000501816254770385
0.000612490065584896
0.000696237831273703
0.000764975761994444
0.000822257453848646
0.000873302230572617
0.00092888669136229
0.000994337627419413
0.00106000511496825
0.00111249490437122
0.00114865356953075
0.00117377866429395
0.000508545081863066
0.00139659291641923
0.0016308308000595
0.000383392682495378
0.00176414971880262
0.00152916723343899
0.00032956091113555
0.00162958105420463
0.00139388099935632
0.000616258879071699
0.000876149432861534
0.00152391392787254
0.00104221899289423
0.00056592701823375
0.000712135701080953
0.00116375492012154
0.00115111347506721
0.00101329070791175
0.000572130550582105
0.000735214695643104
0.00109726855652387
0.0014863986740392
0.00128539242403778
0.000629263217338435
0.000626058089403287
0.000977604915855638
0.00152316329516357
0.00155534739294634
0.00103714404371741
0.000689845738486997
0.000415207198131378
0.00110449694428982
0.00146554287248923
0.00159614685551062
0.00149278569669861
0.00103280274304887
0.00040084483032781
0.000364643387276867
0.000997859183925442
0.00144211273799316
0.00154483627784449
0.00134888760041797
0.00125319671366027
0.00107469514608135
0.000515148430622604
0.00035238590733647
0.0007535349221117
0.00103304969201515
0.00122113135038089
0.00140549433804823
0.00124931514570965
0.000968956226672016
0.000791721181409247
0.000731900570055885
0.000562398246132601
0.000425095561175526
0.00065166072428093
0.000742777209998446
0.000823124732884513
0.000850423500364659
0.000933190997223984
0.00106060829818814
0.00102667599505582
0.000861261870888186
0.000665961112361191
0.000646540641302701
0.000654987888314807
0.000652120396214386
0.000668302540157824
0.000539147720568388
0.000520064687786482
0.000624030086065665
0.000673488925055753
0.000641822785914496
0.000629171641101027
0.000722036188544069
0.000866269781220612
0.000997820526990071
0.00105633550758848
0.00100357199662732
0.00091075755076567
0.000848199210066036
0.000818436540370844
0.000773793094743651
0.000686346399186842
0.00057234773904416
0.000462772716858334
0.000403503671463743
0.000457163874725934
0.000543125794935861
0.000613478034901962
0.000671011998760134
0.000717303266313268
0.000761129955268524
0.000820173296682586
0.000901736891614756
0.000988070867838176
0.00105692217159085
0.00110197697803301
0.00112857666899941
0.000567990364876467
0.00132165991215799
0.00163497712626982
0.000389259939568565
0.00174276327428859
0.00160025849911856
0.000270892995332471
0.00172458389154035
0.00146544971753612
0.000544533640108412
0.000885956300399201
0.00156772829176012
0.00101093056610004
0.000453763269447219
0.000752580138283566
0.00117153348260422
0.0010318875697169
0.00100576835140807
0.000513068166871582
0.000696117115320876
0.00101270532522157
0.00137250860825321
0.00133564098919248
0.000682622566699518
0.000507060430887659
0.000853097992428452
0.00154824156568301
0.00156490922761188
0.00110131009120475
0.000775155975103411
0.000425486503005049
0.00107319999254339
0.00141373052496125
0.00167647855174921
0.00157236488384225
0.00105720138414728
0.000450517302296844
0.000327222755239405
0.00103922249915878
0.00150173957563148
0.00156152869961673
0.00143038055434656
0.00134692748536753
0.00115656397708085
0.000563725421779013
0.000363512679559439
0.000738078456180042
0.00105967398777077
0.00133701867080667
0.00151897113370565
0.00131702949338464
0.00102481317393564
0.000819212931690164
0.000684535151699863
0.000472091357996236
0.000402071470062795
0.000722706610123045
0.000813903435510036
0.00087682077536746
0.000924733092959636
0.000998880592257001
0.00107791213738251
0.00102179935421813
0.000812172655039276
0.000551936240997907
0.000551218926128219
0.000588575127027759
0.000586437179010748
0.000595593340488603
0.000537147618621112
0.000583716508332622
0.000692184799153351
0.00072300414652941
0.000656685171301318
0.000601971958444232
0.000653721609107597
0.000762530522494896
0.000862904354085364
0.000905579503458888
0.000865802440330857
0.000804897838833463
0.000785508543854247
0.000800183947019446
0.000785558210619204
0.000710189697420305
0.00059543516421438
0.00047685202243778
0.000397109879288119
0.000410804661701717
0.000468680407025866
0.000523927769271526
0.000568738615082791
0.000602233592015447
0.000637994878193599
0.000702855041758138
0.000805071530255448
0.000915337167066098
0.00100189556603854
0.00105623713905683
0.00108438484655751
0.000612194592696496
0.00125727398815351
0.00163834947839577
0.000393978327584501
0.00172513273223361
0.00165595604172822
0.000211341884766377
0.00179832135261043
0.00152130398597359
0.000478167589083783
0.000893871328832944
0.0016025600285288
0.000984688696321727
0.000335654529973667
0.000784008568366171
0.00117783661718545
0.000923372992675213
0.000999594187042261
0.00045933505359073
0.000662539595362867
0.000938145882655574
0.00127214283777932
0.00137524625375299
0.000723214497759191
0.000383652145062878
0.000736180492760066
0.00156838889518312
0.00157266109305495
0.00115097504186668
0.000838302525379672
0.000433686039463422
0.00104699452433252
0.00137004371709276
0.00173922245573233
0.00163437404545906
0.00107668233637401
0.000487278525735894
0.000293204628988512
0.00107176170505649
0.00154865013570397
0.00157500559757486
0.00149352787018424
0.00141876326649551
0.00121924347489647
0.0006004249390608
0.000372337370997493
0.00072523454213109
0.00108089320228037
0.00142453255842502
0.00160555511168854
0.00136975621841883
0.00106818927739676
0.000840959716856389
0.000643347532295003
0.000383030436899754
0.000382277424165662
0.000775824893399139
0.000867582411461214
0.000918273974445686
0.000981155573161993
0.0010493932171391
0.00109181546674371
0.00101780659249062
0.000769842252514225
0.000437521739682855
0.000459094797122551
0.000528293437259855
0.000526867576462863
0.000528976769101982
0.000535511593471327
0.000630872054961385
0.000743134576952331
0.000760989282341504
0.000668556686133189
0.000578853710704454
0.000592229032014247
0.000666113169539924
0.000734814744574664
0.000760894173216597
0.000734617574528974
0.000706967849791929
0.000730432453035738
0.000784990345186471
0.000795020412794013
0.000729050208387142
0.000613613824159173
0.000488029144612798
0.000391820423826824
0.000368724661728973
0.000397814514228237
0.000437569831291123
0.0004691488165257
0.000488779373707444
0.000516325891292346
0.000590207363943019
0.000716686610428019
0.000851459482284173
0.000954693706698622
0.00101742939552648
0.00104698015363987
0.00063940067507633
0.00121340775162811
0.00164054688590025
0.00039702779322092
0.0017135273748737
0.00169132102214025
0.000161000917009785
0.0018448611250331
0.00155667972323239
0.000429352445515585
0.000898999911505192
0.00162489215667475
0.000967176578790949
0.000227613140234433
0.000803859547557417
0.00118193256608512
0.000845062578957082
0.000995543634959207
0.000420576700829941
0.000639673482683786
0.000886103320220805
0.00120212256138647
0.00140049278847125
0.000748522652808986
0.000274668759303696
0.000648598441434556
0.00158140069265626
0.00157770022077112
0.00118226677835381
0.000877069782294143
0.000438955303290628
0.00102953041194066
0.001340761629945
0.00177898244819422
0.00167360891721038
0.00108920971381437
0.000509845082141878
0.00026868780551547
0.00109247755234828
0.00157851708592037
0.00158374016389069
0.00153334233668463
0.00146375047926556
0.00125847194424328
0.000623214296119811
0.000377986172536872
0.000716727140448585
0.00109452120479375
0.00147886259179592
0.00165963420270884
0.00140310285733956
0.00109557513447681
0.000854855588880915
0.000614978183679115
0.000311454256739001
0.00036878519364467
0.000808615543601485
0.000900895419985846
0.00094434969683123
0.00101629460427489
0.00108109076839337
0.00110079551104027
0.00101519203246824
0.00074090976157882
0.000342831993309133
0.000387321721998061
0.000484922218005406
0.000484048252366579
0.000480540451425275
0.000534441052672859
0.000659835496032767
0.000774584209093233
0.000784791304243729
0.00067619286187321
0.000563252793508483
0.000548386010653561
0.000594810398584002
0.000637476363978686
0.000649294820706829
0.000634529174307509
0.000634953701807969
0.000692124243075472
0.000774912767036427
0.000801136150864681
0.000741101690904147
0.000625194071532699
0.000495188439132899
0.000388329118895
0.000338448671985025
0.000343769053396102
0.000370501616814253
0.000390685557792671
0.000397635013409098
0.000418238493518729
0.00050326097410107
0.000652572409595566
0.000807043894733752
0.000922583251465243
0.000991280330451928
0.0010218277323722
0.000648582310011023
0.00119779737979449
0.0016413093492401
0.000398081396323049
0.00170947844405221
0.00170343138634139
0.000139325298181035
0.00186075190960565
0.00156877896845562
0.000411045062742063
0.000900774218162415
0.00163257655556785
0.000961020028771319
0.000175135940193398
0.000810639999784828
0.00118335175734331
0.000816109526560271
0.000994133031835902
0.000406251880769156
0.00063153849987198
0.000867298831597784
0.00117683048658409
0.00140915499940545
0.000757114187188636
0.000224779422463236
0.00061527166209458
0.00158589466607444
0.00157944653015513
0.001192942267991
0.000890138588941792
0.000440770562266233
0.00102339546763372
0.00133044129705098
0.00179258463818401
0.0016870215786732
0.0010935268512426
0.000517452169265951
0.000259632135104152
0.00109958078581376
0.00158875841608469
0.00158676239823016
0.0015469300321592
0.00147905427815925
0.00127181279775014
0.000630936405819917
0.000379928332056733
0.000713748827577272
0.00109921463215824
0.00149727006003892
0.00167800796956007
0.00141450011310294
0.00110492735357419
0.000859629023631967
0.00060481437025633
0.000282382987776111
0.000363982400632662
0.000819696786133102
0.000912180321017829
0.000953238834766563
0.00102821735075257
0.00109188395134432
0.00110389715705455
0.0010142824285211
0.000730593603851023
0.000303103163985249
0.000359054162730762
0.000468921985127195
0.00046826209133833
0.000462533536615306
0.000534068755710502
0.00066960135663787
0.000785211908695531
0.000792890511358722
0.00067882478134637
0.000557732565428182
0.000532315336225757
0.0005679567917068
0.000599987875130302
0.000605745483631032
0.000595848362582182
0.000607950991808576
0.000678313971833535
0.000771382059683383
0.000803249230645547
0.000745241533248667
0.000629165985299129
0.000497650740376104
0.000387109234746113
0.000327279329012073
0.000322889753751077
0.000344164795300135
0.000359450573949913
0.000360631322221416
0.000378268597477333
0.000469311259676383
0.000628778154960315
0.000791035281773431
0.000911166700428163
0.000982035970008555
0.00101294627972381
