-9.485914e+01 6.356220e-42 -2.499016e+02 2.945092e-109 -3.447608e+02 1.871965e-150
-9.454536e+01 8.699045e-42 -2.494921e+02 4.435787e-109 -3.440374e+02 3.858711e-150
-9.500036e+01 5.519072e-42 -2.525245e+02 2.137877e-110 -3.475249e+02 1.179910e-151
-9.426977e+01 1.145931e-41 -2.536485e+02 6.947756e-111 -3.479183e+02 7.961649e-152
-9.486187e+01 6.338896e-42 -2.568134e+02 2.933351e-112 -3.516753e+02 1.859421e-153
-9.501493e+01 5.439260e-42 -2.571906e+02 2.011519e-112 -3.522056e+02 1.094118e-153
-9.451124e+01 9.001001e-42 -2.573172e+02 1.772442e-112 -3.518284e+02 1.595375e-153
-9.511474e+01 4.922580e-42 -2.574632e+02 1.531677e-112 -3.525779e+02 7.539802e-154
-9.463540e+01 7.949981e-42 -2.583618e+02 6.235621e-113 -3.529972e+02 4.957307e-154
-9.643492e+01 1.314757e-42 -2.618704e+02 1.866915e-114 -3.583053e+02 2.454539e-156
-9.499291e+01 5.560389e-42 -2.618414e+02 1.921956e-114 -3.568343e+02 1.068683e-155
-9.475946e+01 7.022433e-42 -2.618706e+02 1.866499e-114 -3.566301e+02 1.310737e-155
-9.438033e+01 1.025988e-41 -2.626768e+02 8.334824e-115 -3.570572e+02 8.551429e-156
-9.324143e+01 3.204498e-41 -2.587963e+02 4.038268e-113 -3.520377e+02 1.294062e-153
-9.294929e+01 4.291766e-41 -2.609882e+02 4.511040e-114 -3.539375e+02 1.936033e-154
-9.310257e+01 3.681854e-41 -2.613904e+02 3.017249e-114 -3.544929e+02 1.110907e-154
-9.324635e+01 3.188788e-41 -2.629394e+02 6.410002e-115 -3.561858e+02 2.044014e-155
-9.370406e+01 2.017632e-41 -2.644166e+02 1.463263e-115 -3.581207e+02 2.952326e-156
-9.330531e+01 3.006213e-41 -2.609868e+02 4.517020e-114 -3.542922e+02 1.357912e-154
-9.389785e+01 1.662187e-41 -2.616411e+02 2.348194e-114 -3.555389e+02 3.903138e-155
-9.370326e+01 2.019260e-41 -2.603515e+02 8.526938e-114 -3.540547e+02 1.721810e-154
-9.391796e+01 1.629110e-41 -2.638556e+02 2.564311e-115 -3.577736e+02 4.177544e-156
-9.403723e+01 1.445945e-41 -2.618957e+02 1.820242e-114 -3.559330e+02 2.631970e-155
-9.338745e+01 2.769143e-41 -2.605475e+02 7.008975e-114 -3.539350e+02 1.940885e-154
-9.329218e+01 3.045942e-41 -2.613102e+02 3.268912e-114 -3.546024e+02 9.956915e-155
-9.343204e+01 2.648378e-41 -2.628949e+02 6.702133e-115 -3.563269e+02 1.774978e-155
-9.370239e+01 2.021015e-41 -2.646941e+02 1.108723e-115 -3.583965e+02 2.240746e-156
-9.403539e+01 1.448602e-41 -2.636031e+02 3.300744e-115 -3.576385e+02 4.781466e-156
-9.377958e+01 1.870881e-41 -2.627720e+02 7.578481e-115 -3.565516e+02 1.417844e-155
-9.366927e+01 2.089072e-41 -2.612117e+02 3.607535e-114 -3.548809e+02 7.536399e-155
-9.366453e+01 2.098989e-41 -2.615128e+02 2.669603e-114 -3.551773e+02 5.603467e-155
-9.358775e+01 2.266500e-41 -2.578375e+02 1.053379e-112 -3.514253e+02 2.387483e-153
-9.395728e+01 1.566285e-41 -2.602961e+02 9.012178e-114 -3.542534e+02 1.411564e-154
-9.421910e+01 1.205498e-41 -2.633940e+02 4.068666e-115 -3.576131e+02 4.904770e-156
-9.383957e+01 1.761952e-41 -2.591706e+02 2.777430e-113 -3.530102e+02 4.893699e-154
-9.344988e+01 2.601557e-41 -2.568930e+02 2.708889e-112 -3.503429e+02 7.047330e-153
-9.348322e+01 2.516255e-41 -2.573909e+02 1.646425e-112 -3.508741e+02 4.142826e-153
-9.381379e+01 1.807962e-41 -2.593970e+02 2.214721e-113 -3.532108e+02 4.004131e-154
-9.333281e+01 2.924651e-41 -2.574940e+02 1.485179e-112 -3.508268e+02 4.343632e-153
-9.326053e+01 3.143894e-41 -2.582593e+02 6.908825e-113 -3.515198e+02 2.172061e-153
-9.270534e+01 5.477480e-41 -2.571361e+02 2.124333e-112 -3.498414e+02 1.163599e-152
-9.268938e+01 5.565616e-41 -2.576264e+02 1.300963e-112 -3.503158e+02 7.240660e-153
-9.248111e+01 6.854315e-41 -2.572597e+02 1.877271e-112 -3.497408e+02 1.286741e-152
-9.284064e+01 4.784355e-41 -2.630898e+02 5.515028e-115 -3.559304e+02 2.638585e-155
-9.274736e+01 5.252112e-41 -2.623293e+02 1.179903e-114 -3.550766e+02 6.196982e-155
-9.270387e+01 5.485565e-41 -2.638925e+02 2.471386e-115 -3.565964e+02 1.355695e-155
-9.271195e+01 5.441393e-41 -2.601942e+02 9.979034e-114 -3.529062e+02 5.429985e-154
-9.226051e+01 8.546124e-41 -2.604154e+02 7.999259e-114 -3.526759e+02 6.836267e-154
-9.268421e+01 5.594463e-41 -2.623666e+02 1.136663e-114 -3.550508e+02 6.359021e-155
-9.256119e+01 6.326828e-41 -2.623744e+02 1.127805e-114 -3.549356e+02 7.135431e-155
-9.267705e+01 5.634688e-41 -2.624194e+02 1.078171e-114 -3.550965e+02 6.075158e-155
-9.313269e+01 3.572606e-41 -2.634799e+02 3.733646e-115 -3.566126e+02 1.333885e-155
-9.278468e+01 5.059712e-41 -2.600388e+02 1.165692e-113 -3.528235e+02 5.898067e-154
-9.218568e+01 9.210160e-41 -2.560424e+02 6.341847e-112 -3.482280e+02 5.840942e-152
-9.193335e+01 1.185373e-40 -2.538256e+02 5.820017e-111 -3.457590e+02 6.898888e-151
-9.155855e+01 1.724353e-40 -2.545378e+02 2.855122e-111 -3.460964e+02 4.923238e-151
-9.151433e+01 1.802311e-40 -2.520099e+02 3.576899e-110 -3.435242e+02 6.446683e-150
-9.087064e+01 3.430688e-40 -2.491597e+02 6.184646e-109 -3.400303e+02 2.121759e-148
-9.058592e+01 4.560713e-40 -2.477194e+02 2.611126e-108 -3.383053e+02 1.190859e-147
-9.075194e+01 3.863057e-40 -2.466288e+02 7.771127e-108 -3.373807e+02 3.002031e-147
-9.058310e+01 4.573637e-40 -2.463597e+02 1.017058e-107 -3.369428e+02 4.651653e-147
-9.058990e+01 4.542598e-40 -2.461862e+02 1.209744e-107 -3.367761e+02 5.495383e-147
-9.026606e+01 6.279853e-40 -2.422688e+02 6.081536e-106 -3.325348e+02 3.819115e-145
-9.017902e+01 6.850893e-40 -2.408315e+02 2.559734e-105 -3.310106e+02 1.753647e-144
-9.009712e+01 7.435618e-40 -2.410821e+02 1.992358e-105 -3.311792e+02 1.481441e-144
-9.017213e+01 6.898285e-40 -2.427220e+02 3.865273e-106 -3.328941e+02 2.666375e-145
-8.901152e+01 2.201843e-39 -2.405104e+02 3.529076e-105 -3.295219e+02 7.770472e-144
-8.880973e+01 2.694167e-39 -2.428391e+02 3.437996e-106 -3.316489e+02 9.262537e-145
-8.805743e+01 5.716658e-39 -2.413605e+02 1.508236e-105 -3.294179e+02 8.622069e-144
-8.827902e+01 4.580444e-39 -2.445542e+02 6.186788e-107 -3.328332e+02 2.833823e-145
-8.848522e+01 3.726989e-39 -2.462204e+02 1.169033e-107 -3.347056e+02 4.356973e-146
-8.804603e+01 5.782248e-39 -2.453539e+02 2.780674e-107 -3.333999e+02 1.607855e-145
-8.765567e+01 8.543334e-39 -2.451311e+02 3.474688e-107 -3.327868e+02 2.968542e-145
-8.802665e+01 5.895407e-39 -2.436456e+02 1.534863e-106 -3.316722e+02 9.048640e-145
-8.733366e+01 1.178891e-38 -2.425171e+02 4.744326e-106 -3.298507e+02 5.593042e-144
-8.774781e+01 7.791333e-39 -2.422816e+02 6.004188e-106 -3.300294e+02 4.678063e-144
-8.731197e+01 1.204736e-38 -2.404199e+02 3.863227e-105 -3.277319e+02 4.654169e-143
-8.714391e+01 1.425214e-38 -2.408945e+02 2.403461e-105 -3.280384e+02 3.425446e-143
-8.646631e+01 2.806451e-38 -2.385025e+02 2.628254e-104 -3.249688e+02 7.376064e-142
-8.594224e+01 4.739775e-38 -2.376173e+02 6.369831e-104 -3.235595e+02 3.019156e-141
-8.514729e+01 1.049551e-37 -2.375377e+02 6.897435e-104 -3.226850e+02 7.239209e-141
-8.555260e+01 6.998088e-38 -2.378425e+02 5.085324e-104 -3.233951e+02 3.558755e-141
-8.773285e+01 7.908775e-39 -2.421426e+02 6.899536e-106 -3.298754e+02 5.456688e-144
-8.668208e+01 2.261793e-38 -2.439252e+02 1.160511e-106 -3.306072e+02 2.624836e-144
-8.644674e+01 2.861935e-38 -2.442487e+02 8.397070e-107 -3.306955e+02 2.403187e-144
-8.612524e+01 3.947151e-38 -2.431228e+02 2.588972e-106 -3.292480e+02 1.021906e-143
-8.623771e+01 3.527274e-38 -2.434312e+02 1.901798e-106 -3.296689e+02 6.708163e-144
-8.675757e+01 2.097333e-38 -2.462403e+02 1.146001e-107 -3.329979e+02 2.403545e-145
-8.761084e+01 8.935050e-39 -2.480986e+02 1.787062e-108 -3.357095e+02 1.596749e-146
-8.756086e+01 9.392954e-39 -2.483809e+02 1.347537e-108 -3.359418e+02 1.265735e-146
-8.729969e+01 1.219620e-38 -2.462608e+02 1.122821e-107 -3.335605e+02 1.369415e-145
-8.732223e+01 1.192444e-38 -2.440178e+02 1.057836e-106 -3.313400e+02 1.261411e-144
-8.740539e+01 1.097290e-38 -2.416142e+02 1.170255e-105 -3.290196e+02 1.284110e-143
-8.771485e+01 8.052357e-39 -2.440173e+02 1.058337e-106 -3.317322e+02 8.522105e-145
-8.770916e+01 8.098321e-39 -2.421052e+02 7.162071e-106 -3.298144e+02 5.800075e-144
-8.719388e+01 1.355751e-38 -2.376586e+02 6.111773e-104 -3.248525e+02 8.286044e-142
-8.767650e+01 8.367224e-39 -2.362532e+02 2.492037e-103 -3.239297e+02 2.085143e-141
-8.771304e+01 8.066950e-39 -2.352991e+02 6.469973e-103 -3.230121e+02 5.219295e-141
-8.777398e+01 7.590053e-39 -2.323262e+02 1.264777e-101 -3.201002e+02 9.599722e-140
-8.704931e+01 1.566623e-38 -2.304705e+02 8.089986e-101 -3.175198e+02 1.267396e-138
-8.705288e+01 1.561035e-38 -2.291659e+02 2.981965e-100 -3.162188e+02 4.654953e-138
-8.696854e+01 1.698408e-38 -2.322167e+02 1.411066e-101 -3.191853e+02 2.396567e-139
-8.705443e+01 1.558630e-38 -2.359883e+02 3.247760e-103 -3.230427e+02 5.062058e-141
-8.708689e+01 1.508839e-38 -2.380973e+02 3.941391e-104 -3.251842e+02 5.946924e-142
-8.625281e+01 3.474395e-38 -2.361227e+02 2.839369e-103 -3.223755e+02 9.865088e-141
-8.552921e+01 7.163705e-38 -2.337903e+02 2.925265e-102 -3.193195e+02 2.095574e-139
-8.564373e+01 6.388540e-38 -2.351635e+02 7.409201e-103 -3.208073e+02 4.733398e-140
-8.555218e+01 7.001021e-38 -2.373238e+02 8.542763e-104 -3.228759e+02 5.980807e-141
-8.541155e+01 8.058168e-38 -2.357967e+02 3.933550e-103 -3.212083e+02 3.169721e-140
-8.602513e+01 4.362741e-38 -2.371669e+02 9.993263e-104 -3.231921e+02 4.359802e-141
-8.591656e+01 4.863091e-38 -2.364307e+02 2.086679e-103 -3.223472e+02 1.014771e-140
-8.573802e+01 5.813668e-38 -2.358581e+02 3.699361e-103 -3.215961e+02 2.150686e-140
-8.563511e+01 6.443821e-38 -2.347792e+02 1.088150e-102 -3.204143e+02 7.011842e-140
-8.558139e+01 6.799482e-38 -2.354328e+02 5.660357e-103 -3.210142e+02 3.848750e-140
-8.517131e+01 1.024637e-37 -2.340753e+02 2.199835e-102 -3.192466e+02 2.254034e-139
-8.519075e+01 1.004914e-37 -2.325599e+02 1.001236e-101 -3.177506e+02 1.006156e-138
-8.547267e+01 7.580399e-38 -2.320739e+02 1.627784e-101 -3.175465e+02 1.233925e-138
-8.620921e+01 3.629248e-38 -2.348031e+02 1.062498e-102 -3.210123e+02 3.856070e-140
-8.607992e+01 4.130167e-38 -2.333871e+02 4.378112e-102 -3.194670e+02 1.808234e-139
-8.632585e+01 3.229697e-38 -2.322546e+02 1.358707e-101 -3.185804e+02 4.388211e-139
-8.563560e+01 6.440704e-38 -2.301325e+02 1.134293e-100 -3.157681e+02 7.305644e-138
-8.578558e+01 5.543666e-38 -2.327220e+02 8.513655e-102 -3.185076e+02 4.719686e-139
-8.548322e+01 7.500860e-38 -2.324605e+02 1.105833e-101 -3.179437e+02 8.294696e-139
-8.575363e+01 5.723653e-38 -2.336967e+02 3.212237e-102 -3.194503e+02 1.838573e-139
-8.536342e+01 8.455470e-38 -2.319879e+02 1.773859e-101 -3.173514e+02 1.499881e-138
-8.563176e+01 6.465435e-38 -2.356179e+02 4.703883e-103 -3.212496e+02 3.041265e-140
-8.519804e+01 9.976065e-38 -2.334282e+02 4.201728e-102 -3.186262e+02 4.191671e-139
-8.523581e+01 9.606352e-38 -2.316505e+02 2.485724e-101 -3.168863e+02 2.387874e-138
-8.594293e+01 4.736508e-38 -2.337430e+02 3.066983e-102 -3.196859e+02 1.452679e-139
-8.561418e+01 6.580145e-38 -2.329677e+02 6.659078e-102 -3.185819e+02 4.381770e-139
-8.537029e+01 8.397584e-38 -2.338341e+02 2.799917e-102 -3.192044e+02 2.351254e-139
-8.527643e+01 9.223906e-38 -2.326287e+02 9.346690e-102 -3.179051e+02 8.621298e-139
-8.575980e+01 5.688439e-38 -2.356628e+02 4.497339e-103 -3.214226e+02 2.558284e-140
-8.521044e+01 9.853197e-38 -2.339260e+02 2.554093e-102 -3.191364e+02 2.516598e-139
-8.539121e+01 8.223748e-38 -2.336587e+02 3.336688e-102 -3.190499e+02 2.744008e-139
-8.498197e+01 1.238226e-37 -2.307808e+02 5.931463e-101 -3.157628e+02 7.344492e-138
-8.460962e+01 1.796834e-37 -2.317149e+02 2.330664e-101 -3.163246e+02 4.187817e-138
-8.399229e+01 3.331289e-37 -2.303170e+02 9.432101e-101 -3.143093e+02 3.142106e-137
-8.410184e+01 2.985615e-37 -2.302431e+02 1.015568e-100 -3.143449e+02 3.032095e-137
-8.401681e+01 3.250584e-37 -2.279355e+02 1.020631e-99 -3.119523e+02 3.317646e-136
-8.366132e+01 4.638207e-37 -2.272425e+02 2.041000e-99 -3.109038e+02 9.466582e-136
-8.320667e+01 7.308089e-37 -2.252979e+02 1.426821e-98 -3.085046e+02 1.042733e-134
-8.342113e+01 5.897435e-37 -2.265478e+02 4.088471e-99 -3.099689e+02 2.411149e-135
-8.314223e+01 7.794530e-37 -2.260030e+02 7.049194e-99 -3.091452e+02 5.494516e-135
-8.266968e+01 1.250294e-36 -2.218617e+02 4.432812e-97 -3.045314e+02 5.542317e-133
-8.229479e+01 1.818979e-36 -2.213589e+02 7.329339e-97 -3.036537e+02 1.333192e-132
-8.173695e+01 3.177552e-36 -2.202357e+02 2.253418e-96 -3.019727e+02 7.160353e-132
-8.148105e+01 4.104226e-36 -2.153165e+02 3.084703e-94 -2.967976e+02 1.266032e-129
-8.083127e+01 7.860023e-36 -2.139295e+02 1.234832e-93 -2.947608e+02 9.705804e-129
-8.067305e+01 9.207461e-36 -2.124909e+02 5.204483e-93 -2.931639e+02 4.792008e-128
-8.058894e+01 1.001535e-35 -2.126390e+02 4.487933e-93 -2.932280e+02 4.494819e-128
-8.029196e+01 1.347864e-35 -2.124503e+02 5.419881e-93 -2.927423e+02 7.305262e-128
-8.037903e+01 1.235472e-35 -2.101436e+02 5.442665e-92 -2.905226e+02 6.724259e-127
-8.029330e+01 1.346055e-35 -2.118301e+02 1.007765e-92 -2.921234e+02 1.356507e-127
-7.975521e+01 2.305422e-35 -2.117544e+02 1.086957e-92 -2.915097e+02 2.505894e-127
-8.067723e+01 9.169021e-36 -2.122144e+02 6.862189e-93 -2.928916e+02 6.291955e-128
-7.968435e+01 2.474715e-35 -2.124884e+02 5.217508e-93 -2.921727e+02 1.291184e-127
-7.947060e+01 3.064486e-35 -2.144786e+02 7.130705e-94 -2.939492e+02 2.185194e-128
-7.911956e+01 4.353212e-35 -2.139483e+02 1.211805e-93 -2.930679e+02 5.275245e-128
-7.991610e+01 1.962809e-35 -2.176031e+02 3.134628e-95 -2.975192e+02 6.152677e-130
-8.021864e+01 1.450402e-35 -2.157139e+02 2.073147e-94 -2.959326e+02 3.006897e-129
-8.021544e+01 1.455051e-35 -2.132241e+02 2.500077e-93 -2.934395e+02 3.637740e-128
-7.991971e+01 1.955736e-35 -2.109475e+02 2.436016e-92 -2.908672e+02 4.764205e-127
-8.016702e+01 1.527236e-35 -2.081967e+02 3.813361e-91 -2.883638e+02 5.823901e-126
-8.017205e+01 1.519565e-35 -2.078360e+02 5.469809e-91 -2.880081e+02 8.311728e-126
-8.007134e+01 1.680575e-35 -2.116756e+02 1.176186e-92 -2.917469e+02 1.976670e-127
-8.064287e+01 9.489550e-36 -2.149512e+02 4.444872e-94 -2.955941e+02 4.217983e-129
-8.076746e+01 8.377920e-36 -2.129086e+02 3.427520e-93 -2.936760e+02 2.871549e-128
-8.009996e+01 1.633167e-35 -2.106615e+02 3.242377e-92 -2.907615e+02 5.295342e-127
-7.988039e+01 2.034169e-35 -2.085072e+02 2.795613e-91 -2.883876e+02 5.686750e-126
-7.994890e+01 1.899485e-35 -2.068980e+02 1.397409e-90 -2.868469e+02 2.654358e-125
-8.065491e+01 9.375973e-36 -2.089536e+02 1.789036e-91 -2.896085e+02 1.677396e-126
-8.075907e+01 8.448500e-36 -2.082857e+02 3.488586e-91 -2.890448e+02 2.947331e-126
-8.079130e+01 8.180595e-36 -2.083671e+02 3.216167e-91 -2.891584e+02 2.631016e-126
-8.047604e+01 1.121240e-35 -2.088438e+02 1.996522e-91 -2.893199e+02 2.238580e-126
-8.024146e+01 1.417678e-35 -2.091645e+02 1.448809e-91 -2.894060e+02 2.053944e-126
-8.045121e+01 1.149429e-35 -2.106511e+02 3.276486e-92 -2.911023e+02 3.766086e-127
-7.995936e+01 1.879712e-35 -2.085506e+02 2.676831e-91 -2.885100e+02 5.031669e-126
-7.915340e+01 4.208369e-35 -2.036584e+02 3.566875e-89 -2.828118e+02 1.501073e-123
-7.939124e+01 3.317596e-35 -2.051688e+02 7.876297e-90 -2.845600e+02 2.613037e-124
-7.904568e+01 4.687045e-35 -2.040647e+02 2.376003e-89 -2.831103e+02 1.113643e-123
-7.902604e+01 4.780011e-35 -2.024187e+02 1.232220e-88 -2.814447e+02 5.890023e-123
-7.916493e+01 4.160143e-35 -2.028150e+02 8.290448e-89 -2.819799e+02 3.448945e-123
-7.942301e+01 3.213838e-35 -2.035260e+02 4.071931e-89 -2.829490e+02 1.308653e-123
-7.989782e+01 1.999018e-35 -2.024926e+02 1.144460e-88 -2.823904e+02 2.287796e-123
-7.997145e+01 1.857114e-35 -2.023258e+02 1.352162e-88 -2.822972e+02 2.511119e-123
-7.935670e+01 3.434185e-35 -2.005920e+02 7.656088e-88 -2.799487e+02 2.629243e-122
-7.924717e+01 3.831695e-35 -1.998990e+02 1.531043e-87 -2.791461e+02 5.866490e-122
-7.881117e+01 5.925769e-35 -2.003928e+02 9.343850e-88 -2.792039e+02 5.536949e-122
-7.872276e+01 6.473484e-35 -2.033803e+02 4.710471e-89 -2.821030e+02 3.049316e-123
-7.880873e+01 5.940209e-35 -2.030907e+02 6.292735e-89 -2.818994e+02 3.738016e-123
-7.917848e+01 4.104150e-35 -2.009623e+02 5.286916e-88 -2.801407e+02 2.169829e-122
-7.916977e+01 4.140033e-35 -1.992959e+02 2.798406e-87 -2.784656e+02 1.158549e-121
-7.884432e+01 5.732531e-35 -1.981995e+02 8.376301e-87 -2.770438e+02 4.801740e-121
-7.886284e+01 5.627346e-35 -1.972160e+02 2.239664e-86 -2.760788e+02 1.260336e-120
-7.858961e+01 7.395452e-35 -1.948313e+02 2.431234e-85 -2.734209e+02 1.798007e-119
-7.891300e+01 5.352024e-35 -1.956755e+02 1.045250e-85 -2.745885e+02 5.594203e-120
-7.894311e+01 5.193280e-35 -1.946573e+02 2.893316e-85 -2.736004e+02 1.502580e-119
-7.891410e+01 5.346142e-35 -1.941491e+02 4.809473e-85 -2.730632e+02 2.571213e-119
-7.871313e+01 6.536154e-35 -1.942870e+02 4.189935e-85 -2.730002e+02 2.738606e-119
-7.876845e+01 6.184412e-35 -1.952722e+02 1.564458e-85 -2.740406e+02 9.675251e-120
-7.883027e+01 5.813671e-35 -1.953331e+02 1.472020e-85 -2.741634e+02 8.557841e-120
-7.881881e+01 5.880626e-35 -1.924426e+02 2.649906e-84 -2.712614e+02 1.558311e-118
-7.841994e+01 8.762960e-35 -1.910785e+02 1.036759e-83 -2.694984e+02 9.085081e-118
-7.879632e+01 6.014424e-35 -1.915672e+02 6.359207e-84 -2.703636e+02 3.824696e-118
-7.893903e+01 5.214508e-35 -1.943506e+02 3.931928e-85 -2.732896e+02 2.050307e-119
-7.974219e+01 2.335653e-35 -1.967630e+02 3.522855e-86 -2.765052e+02 8.228166e-121
-7.984206e+01 2.113645e-35 -1.970730e+02 2.583961e-86 -2.769151e+02 5.461577e-121
-7.971836e+01 2.391969e-35 -1.986642e+02 5.263188e-87 -2.783825e+02 1.258938e-121
-7.968912e+01 2.462934e-35 -1.999627e+02 1.436513e-87 -2.796518e+02 3.538036e-122
-7.936023e+01 3.422082e-35 -2.007089e+02 6.811218e-88 -2.800691e+02 2.330855e-122
-7.874802e+01 6.312007e-35 -2.021351e+02 1.636144e-88 -2.808832e+02 1.032735e-122
-7.880877e+01 5.939990e-35 -1.983999e+02 6.855255e-87 -2.772087e+02 4.072015e-121
-7.886882e+01 5.593817e-35 -2.024481e+02 1.196530e-88 -2.813169e+02 6.693170e-123
-7.849748e+01 8.109227e-35 -2.016925e+02 2.547064e-88 -2.801900e+02 2.065472e-122
-7.882699e+01 5.832727e-35 -2.039079e+02 2.779310e-89 -2.827349e+02 1.621096e-123
-7.867315e+01 6.802760e-35 -2.012967e+02 3.784162e-88 -2.799698e+02 2.574275e-122
-7.847316e+01 8.308814e-35 -2.029693e+02 7.104639e-89 -2.814425e+02 5.903112e-123
-7.855270e+01 7.673526e-35 -2.046160e+02 1.369048e-89 -2.831687e+02 1.050543e-123
-7.760579e+01 1.978027e-34 -2.011645e+02 4.318766e-88 -2.787703e+02 8.542635e-122
-7.764858e+01 1.895179e-34 -1.980923e+02 9.323847e-87 -2.757409e+02 1.767036e-120
-7.763359e+01 1.923803e-34 -1.978295e+02 1.212610e-86 -2.754631e+02 2.332822e-120
-7.715743e+01 3.097099e-34 -1.976397e+02 1.466156e-86 -2.747971e+02 4.540831e-120
-7.747039e+01 2.264828e-34 -1.959942e+02 7.599716e-86 -2.734646e+02 1.721205e-119
-7.758337e+01 2.022891e-34 -1.958838e+02 8.487027e-86 -2.734671e+02 1.716833e-119
-7.747020e+01 2.265278e-34 -1.973574e+02 1.944340e-86 -2.748276e+02 4.404472e-120
-7.689314e+01 4.033980e-34 -1.984182e+02 6.731025e-87 -2.753113e+02 2.715282e-120
-7.723916e+01 2.854045e-34 -2.003339e+02 9.910585e-88 -2.775730e+02 2.828525e-121
-7.904240e+01 4.702430e-35 -1.985757e+02 5.750284e-87 -2.776181e+02 2.704031e-121
-7.625889e+01 7.606476e-34 -1.963209e+02 5.481443e-86 -2.725798e+02 4.169446e-119
-7.579977e+01 1.203868e-33 -1.982674e+02 7.826377e-87 -2.740672e+02 9.421926e-120
-7.555818e+01 1.532850e-33 -1.966341e+02 4.007597e-86 -2.721923e+02 6.143044e-119
-7.521426e+01 2.162023e-33 -1.956960e+02 1.023973e-85 -2.709103e+02 2.213854e-118
-7.496838e+01 2.764686e-33 -1.943664e+02 3.870427e-85 -2.693347e+02 1.070052e-117
-7.488563e+01 3.003199e-33 -1.954535e+02 1.305037e-85 -2.703391e+02 3.919286e-118
-7.523970e+01 2.107729e-33 -1.966420e+02 3.975995e-86 -2.718817e+02 8.380322e-119
-7.465119e+01 3.796628e-33 -1.942863e+02 4.193126e-85 -2.689375e+02 1.591974e-117
-7.461464e+01 3.937995e-33 -1.928831e+02 1.705842e-84 -2.674977e+02 6.717596e-117
-7.469727e+01 3.625657e-33 -1.909889e+02 1.133946e-83 -2.656861e+02 4.111301e-116
-7.472596e+01 3.523132e-33 -1.921742e+02 3.465683e-84 -2.669002e+02 1.221006e-116
-7.497127e+01 2.756720e-33 -1.924924e+02 2.521111e-84 -2.674637e+02 6.949997e-117
-7.461335e+01 3.943076e-33 -1.937902e+02 6.886168e-85 -2.684036e+02 2.715268e-117
-7.481885e+01 3.210613e-33 -1.944220e+02 3.660819e-85 -2.692409e+02 1.175347e-117
-7.629342e+01 7.348303e-34 -1.988421e+02 4.405399e-87 -2.751355e+02 3.237221e-120
-7.590311e+01 1.085675e-33 -1.999936e+02 1.392781e-87 -2.758967e+02 1.512108e-120
-7.584250e+01 1.153509e-33 -2.018703e+02 2.132377e-88 -2.777128e+02 2.459716e-121
-7.608072e+01 9.089939e-34 -2.030868e+02 6.317334e-89 -2.791675e+02 5.742418e-122
-7.515683e+01 2.289820e-33 -1.980597e+02 9.632948e-87 -2.732165e+02 2.205771e-119
-7.541913e+01 1.761513e-33 -1.999631e+02 1.435929e-87 -2.753822e+02 2.529409e-120
-7.491791e+01 2.907799e-33 -1.988353e+02 4.435148e-87 -2.737533e+02 1.289652e-119
-7.513253e+01 2.346158e-33 -2.024331e+02 1.214518e-88 -2.775657e+02 2.849451e-121
-7.530124e+01 1.981927e-33 -2.043557e+02 1.775982e-89 -2.796570e+02 3.519866e-122
-7.504641e+01 2.557173e-33 -2.046123e+02 1.374052e-89 -2.796587e+02 3.513689e-122
-7.476697e+01 3.381571e-33 -2.027737e+02 8.639866e-89 -2.775407e+02 2.921632e-121
-7.467318e+01 3.714070e-33 -2.032322e+02 5.462579e-89 -2.779053e+02 2.028840e-121
-7.493991e+01 2.844536e-33 -2.058740e+02 3.891101e-90 -2.808139e+02 1.106838e-122
-7.459579e+01 4.012924e-33 -2.059719e+02 3.528224e-90 -2.805677e+02 1.415850e-122
-7.400465e+01 7.247537e-33 -2.046373e+02 1.340184e-89 -2.786419e+02 9.713034e-122
-7.395649e+01 7.605063e-33 -2.062440e+02 2.687633e-90 -2.802005e+02 2.043962e-122
-7.339473e+01 1.333748e-32 -2.064386e+02 2.212259e-90 -2.798334e+02 2.950595e-122
-7.355890e+01 1.131817e-32 -2.080064e+02 4.612986e-91 -2.815653e+02 5.221055e-123
-7.359818e+01 1.088220e-32 -2.068980e+02 1.397423e-90 -2.804962e+02 1.520703e-122
-7.399498e+01 7.317954e-33 -2.078788e+02 5.240782e-91 -2.818738e+02 3.835180e-123
-7.391961e+01 7.890809e-33 -2.072513e+02 9.815723e-91 -2.811709e+02 7.745399e-123
-7.367300e+01 1.009772e-32 -2.072823e+02 9.515661e-91 -2.809553e+02 9.608650e-123
-7.402602e+01 7.094266e-33 -2.106820e+02 3.176731e-92 -2.847080e+02 2.253657e-124
-7.370578e+01 9.772061e-33 -2.076822e+02 6.379351e-91 -2.813880e+02 6.233941e-123
-7.358979e+01 1.097384e-32 -2.075021e+02 7.638260e-91 -2.810919e+02 8.382101e-123
-7.348951e+01 1.213137e-32 -2.072303e+02 1.002390e-90 -2.807198e+02 1.216036e-122
-7.326614e+01 1.516772e-32 -2.055882e+02 5.178154e-90 -2.788543e+02 7.854076e-122
-7.339426e+01 1.334376e-32 -2.033107e+02 5.049765e-89 -2.767050e+02 6.738284e-121
-7.287191e+01 2.249736e-32 -2.036230e+02 3.695392e-89 -2.764949e+02 8.313655e-121
-7.235559e+01 3.770209e-32 -1.995890e+02 2.087447e-87 -2.719446e+02 7.870113e-119
-7.217773e+01 4.504134e-32 -1.971361e+02 2.425857e-86 -2.693139e+02 1.092638e-117
-7.202027e+01 5.272231e-32 -1.953845e+02 1.398254e-85 -2.674048e+02 7.371916e-117
-7.189607e+01 5.969419e-32 -1.944954e+02 3.401994e-85 -2.663914e+02 2.030793e-116
-7.222684e+01 4.288274e-32 -1.943334e+02 3.999971e-85 -2.665603e+02 1.715297e-116
-7.206964e+01 5.018239e-32 -1.953182e+02 1.494080e-85 -2.673879e+02 7.497652e-117
-7.187917e+01 6.071156e-32 -1.956465e+02 1.075951e-85 -2.675257e+02 6.532267e-117
-7.141016e+01 9.704230e-32 -1.950126e+02 2.028248e-85 -2.664227e+02 1.968259e-116
-7.063091e+01 2.115375e-31 -1.925904e+02 2.285891e-84 -2.632213e+02 4.835517e-115
-7.044695e+01 2.542613e-31 -1.934268e+02 9.903584e-85 -2.638738e+02 2.518099e-115
-7.003929e+01 3.822281e-31 -1.907358e+02 1.460424e-83 -2.607751e+02 5.582150e-114
-6.996483e+01 4.117763e-31 -1.885675e+02 1.277004e-82 -2.585323e+02 5.258401e-113
-7.000728e+01 3.946628e-31 -1.888568e+02 9.561505e-83 -2.588641e+02 3.773571e-113
-6.953524e+01 6.327444e-31 -1.867173e+02 8.123004e-82 -2.562525e+02 5.139786e-112
-6.951969e+01 6.426609e-31 -1.884819e+02 1.391075e-82 -2.580016e+02 8.939897e-113
-6.942174e+01 7.087991e-31 -1.866399e+02 8.776283e-82 -2.560617e+02 6.220621e-112
-6.943569e+01 6.989764e-31 -1.882478e+02 1.757925e-82 -2.576835e+02 1.228748e-112
-6.896199e+01 1.122506e-30 -1.872372e+02 4.829707e-82 -2.561992e+02 5.421375e-112
-6.904903e+01 1.028933e-30 -1.882426e+02 1.767082e-82 -2.572917e+02 1.818209e-112
-6.876325e+01 1.369302e-30 -1.855932e+02 2.499685e-81 -2.543565e+02 3.422824e-111
-6.884666e+01 1.259727e-30 -1.870159e+02 6.025875e-82 -2.558626e+02 7.590957e-112
-6.889784e+01 1.196878e-30 -1.869904e+02 6.181815e-82 -2.558882e+02 7.398878e-112
-6.861016e+01 1.595832e-30 -1.861659e+02 1.409803e-81 -2.547761e+02 2.249809e-111
-6.882231e+01 1.290776e-30 -1.869245e+02 6.602509e-82 -2.557468e+02 8.522362e-112
-6.865506e+01 1.525753e-30 -1.858300e+02 1.972691e-81 -2.544851e+02 3.009839e-111
-6.862556e+01 1.571442e-30 -1.864852e+02 1.024448e-81 -2.551108e+02 1.609860e-111
-6.872507e+01 1.422601e-30 -1.879294e+02 2.417237e-82 -2.566544e+02 3.438764e-112
-6.878211e+01 1.343725e-30 -1.898845e+02 3.421319e-83 -2.586666e+02 4.597313e-113
-6.899206e+01 1.089252e-30 -1.921068e+02 3.707324e-84 -2.610989e+02 4.038212e-114
-7.120438e+01 1.192149e-31 -1.893624e+02 5.767058e-83 -2.605668e+02 6.875193e-114
-7.011085e+01 3.558302e-31 -1.894426e+02 5.322529e-83 -2.595535e+02 1.893916e-113
-6.892559e+01 1.164117e-30 -1.852913e+02 3.380604e-81 -2.542169e+02 3.935417e-111
-6.860218e+01 1.608616e-30 -1.865655e+02 9.454610e-82 -2.551677e+02 1.520884e-111
-6.901051e+01 1.069337e-30 -1.872616e+02 4.713358e-82 -2.562721e+02 5.040171e-112
-6.929436e+01 8.050823e-31 -1.895159e+02 4.946649e-83 -2.588102e+02 3.982460e-113
-6.956066e+01 6.168633e-31 -1.925347e+02 2.416823e-84 -2.620954e+02 1.490849e-114
-6.932545e+01 7.804416e-31 -1.901604e+02 2.596516e-83 -2.594858e+02 2.026429e-113
-6.972082e+01 5.255713e-31 -1.892257e+02 6.611751e-83 -2.589465e+02 3.474947e-113
-6.946259e+01 6.804240e-31 -1.849917e+02 4.561571e-81 -2.544543e+02 3.103803e-111
-6.977935e+01 4.956930e-31 -1.872630e+02 4.706544e-82 -2.570424e+02 2.333001e-112
-6.935021e+01 7.613533e-31 -1.876561e+02 3.176879e-82 -2.570063e+02 2.418728e-112
-6.995030e+01 4.178022e-31 -1.874198e+02 4.023762e-82 -2.573701e+02 1.681136e-112
-7.064231e+01 2.091383e-31 -1.899735e+02 3.130094e-83 -2.606158e+02 6.546225e-114
-7.059465e+01 2.193475e-31 -1.888937e+02 9.215323e-83 -2.594883e+02 2.021358e-113
-7.099938e+01 1.463394e-31 -1.885147e+02 1.346159e-82 -2.595141e+02 1.969962e-113
-7.093051e+01 1.567727e-31 -1.852750e+02 3.436394e-81 -2.562055e+02 5.387329e-112
-7.051737e+01 2.369710e-31 -1.861131e+02 1.486344e-81 -2.566304e+02 3.522205e-112
-7.056100e+01 2.268552e-31 -1.865594e+02 9.512140e-82 -2.571204e+02 2.157878e-112
-7.052292e+01 2.356602e-31 -1.840462e+02 1.174221e-80 -2.545691e+02 2.767171e-111
-7.023540e+01 3.141628e-31 -1.819305e+02 9.740244e-80 -2.521659e+02 3.060022e-110
-7.016791e+01 3.360953e-31 -1.824678e+02 5.691509e-80 -2.526357e+02 1.912889e-110
-7.007568e+01 3.685708e-31 -1.828046e+02 4.064200e-80 -2.528803e+02 1.497945e-110
-6.994682e+01 4.192579e-31 -1.832846e+02 2.514937e-80 -2.532314e+02 1.054407e-110
-6.943405e+01 7.001252e-31 -1.821195e+02 8.063078e-80 -2.515536e+02 5.645164e-110
-6.950317e+01 6.533660e-31 -1.800595e+02 6.326339e-79 -2.495627e+02 4.133415e-109
-6.899457e+01 1.086521e-30 -1.792669e+02 1.397573e-78 -2.482615e+02 1.518492e-108
-6.956201e+01 6.160308e-31 -1.819005e+02 1.003715e-79 -2.514625e+02 6.183192e-110
-6.942214e+01 7.085139e-31 -1.800901e+02 6.135681e-79 -2.495122e+02 4.347215e-109
-6.983855e+01 4.671988e-31 -1.789660e+02 1.888168e-78 -2.488046e+02 8.821500e-109
-6.999084e+01 4.012020e-31 -1.773578e+02 9.429869e-78 -2.473486e+02 3.783282e-108
-7.008732e+01 3.643033e-31 -1.788735e+02 2.071262e-78 -2.489608e+02 7.545675e-109
-6.992327e+01 4.292501e-31 -1.794197e+02 1.199580e-78 -2.493429e+02 5.149198e-109
-7.006899e+01 3.710438e-31 -1.784541e+02 3.150430e-78 -2.485231e+02 1.168948e-108
-6.968942e+01 5.423350e-31 -1.787144e+02 2.428451e-78 -2.484038e+02 1.317034e-108
-6.920188e+01 8.830880e-31 -1.779829e+02 5.046720e-78 -2.471848e+02 4.456698e-108
-6.913506e+01 9.441158e-31 -1.808410e+02 2.895798e-79 -2.499760e+02 2.733969e-109
-6.962451e+01 5.787085e-31 -1.812735e+02 1.878969e-79 -2.508980e+02 1.087375e-109
-6.948202e+01 6.673353e-31 -1.810187e+02 2.424140e-79 -2.505008e+02 1.617714e-109
-6.952449e+01 6.395853e-31 -1.799541e+02 7.029581e-79 -2.494786e+02 4.496016e-109
-6.861575e+01 1.586928e-30 -1.761391e+02 3.189744e-77 -2.447549e+02 5.061893e-107
-6.830385e+01 2.167776e-30 -1.768185e+02 1.616889e-77 -2.451224e+02 3.505053e-107
-6.833086e+01 2.110006e-30 -1.778626e+02 5.691888e-78 -2.461935e+02 1.200992e-107
-6.801976e+01 2.879996e-30 -1.770421e+02 1.293020e-77 -2.450618e+02 3.723894e-107
-6.748018e+01 4.940061e-30 -1.770882e+02 1.234767e-77 -2.445683e+02 6.099826e-107
-6.734389e+01 5.661354e-30 -1.753244e+02 7.204273e-77 -2.426683e+02 4.078594e-106
-6.713078e+01 7.006011e-30 -1.748403e+02 1.169025e-76 -2.419711e+02 8.190204e-106
-6.753817e+01 4.661723e-30 -1.769341e+02 1.440511e-77 -2.444722e+02 6.715263e-107
-6.708757e+01 7.315398e-30 -1.728419e+02 8.623942e-76 -2.399295e+02 6.308757e-105
-6.739119e+01 5.399795e-30 -1.752394e+02 7.843483e-77 -2.426306e+02 4.235320e-106
-6.740092e+01 5.347503e-30 -1.742090e+02 2.197914e-76 -2.416099e+02 1.175335e-105
-6.768146e+01 4.039386e-30 -1.760135e+02 3.616786e-77 -2.436949e+02 1.460960e-106
-6.780335e+01 3.575845e-30 -1.800594e+02 6.326831e-79 -2.478628e+02 2.262377e-108
-6.768122e+01 4.040355e-30 -1.771764e+02 1.130485e-77 -2.448576e+02 4.567560e-107
-6.746437e+01 5.018767e-30 -1.766573e+02 1.899744e-77 -2.441217e+02 9.534373e-107
-6.736396e+01 5.548863e-30 -1.749613e+02 1.035834e-76 -2.423252e+02 5.747703e-106
-6.750155e+01 4.835567e-30 -1.742452e+02 2.119626e-76 -2.417468e+02 1.024959e-105
-6.738541e+01 5.431111e-30 -1.735383e+02 4.298283e-76 -2.409237e+02 2.334445e-105
-6.706382e+01 7.491256e-30 -1.740847e+02 2.488595e-76 -2.411486e+02 1.864271e-105
-6.719990e+01 6.538138e-30 -1.772458e+02 1.054658e-77 -2.444457e+02 6.895502e-107
-6.740299e+01 5.336457e-30 -1.782825e+02 3.740229e-78 -2.456855e+02 1.995957e-107
-6.793343e+01 3.139672e-30 -1.783676e+02 3.435191e-78 -2.463010e+02 1.078537e-107
-6.830180e+01 2.172232e-30 -1.793632e+02 1.269305e-78 -2.476650e+02 2.757224e-108
-6.837462e+01 2.019672e-30 -1.797229e+02 8.857946e-79 -2.480975e+02 1.789014e-108
-6.772799e+01 3.855722e-30 -1.789743e+02 1.872672e-78 -2.467023e+02 7.220501e-108
-6.779988e+01 3.588295e-30 -1.789509e+02 1.917006e-78 -2.467507e+02 6.878784e-108
-6.695080e+01 8.387581e-30 -1.753007e+02 7.376889e-77 -2.422515e+02 6.187425e-106
-6.697619e+01 8.177326e-30 -1.739596e+02 2.820465e-76 -2.409358e+02 2.306386e-105
-6.702673e+01 7.774293e-30 -1.751198e+02 8.839321e-77 -2.421466e+02 6.871947e-106
-6.723393e+01 6.319372e-30 -1.745667e+02 1.536864e-76 -2.418007e+02 9.712017e-106
-6.704350e+01 7.644980e-30 -1.729625e+02 7.644201e-76 -2.400060e+02 5.843977e-105
-6.733942e+01 5.686720e-30 -1.749241e+02 1.075094e-76 -2.422635e+02 6.113757e-106
-6.725467e+01 6.189703e-30 -1.763456e+02 2.594706e-77 -2.436002e+02 1.606046e-106
-6.958102e+01 6.044287e-31 -1.754176e+02 6.562928e-77 -2.449986e+02 3.966822e-107
-6.761017e+01 4.337856e-30 -1.717430e+02 2.587924e-75 -2.393532e+02 1.122604e-104
-6.724699e+01 6.237367e-30 -1.693846e+02 2.736552e-74 -2.366316e+02 1.706888e-103
-6.715544e+01 6.835351e-30 -1.712367e+02 4.293774e-75 -2.383922e+02 2.934945e-104
-6.712139e+01 7.072141e-30 -1.722426e+02 1.570292e-75 -2.393640e+02 1.110532e-104
-6.769734e+01 3.975745e-30 -1.739549e+02 2.833654e-76 -2.416522e+02 1.126589e-105
-6.765789e+01 4.135705e-30 -1.738867e+02 3.033559e-76 -2.415446e+02 1.254591e-105
-6.747481e+01 4.966641e-30 -1.767386e+02 1.751472e-77 -2.442134e+02 8.698931e-107
-6.739651e+01 5.371157e-30 -1.770939e+02 1.227711e-77 -2.444904e+02 6.594227e-107
-6.744306e+01 5.126851e-30 -1.759214e+02 3.965773e-77 -2.433644e+02 2.033193e-106
-6.737349e+01 5.496229e-30 -1.757506e+02 4.704090e-77 -2.431241e+02 2.585475e-106
-6.708463e+01 7.336945e-30 -1.763474e+02 2.590026e-77 -2.434320e+02 1.900288e-106
-6.707888e+01 7.379259e-30 -1.764804e+02 2.267465e-77 -2.435593e+02 1.673221e-106
-6.649747e+01 1.319823e-29 -1.739641e+02 2.807606e-76 -2.404616e+02 3.705544e-105
-6.668842e+01 1.090399e-29 -1.737584e+02 3.448889e-76 -2.404468e+02 3.760665e-105
-6.657318e+01 1.223588e-29 -1.732467e+02 5.753402e-76 -2.398199e+02 7.039791e-105
-6.664325e+01 1.140790e-29 -1.735796e+02 4.123985e-76 -2.402229e+02 4.704598e-105
-6.689138e+01 8.901080e-30 -1.755806e+02 5.576061e-77 -2.424719e+02 4.963296e-106
-6.710586e+01 7.182804e-30 -1.735788e+02 4.127464e-76 -2.406847e+02 2.964676e-105
-6.766608e+01 4.101999e-30 -1.748809e+02 1.122563e-76 -2.425469e+02 4.604751e-106
-6.711862e+01 7.091744e-30 -1.749456e+02 1.052137e-76 -2.420643e+02 7.461485e-106
-6.676415e+01 1.010872e-29 -1.717818e+02 2.489493e-75 -2.385460e+02 2.516559e-104
-6.688711e+01 8.939194e-30 -1.712303e+02 4.321326e-75 -2.381174e+02 3.862917e-104
-6.690691e+01 8.763907e-30 -1.728603e+02 8.467176e-76 -2.397672e+02 7.420554e-105
-6.675395e+01 1.021238e-29 -1.731295e+02 6.468583e-76 -2.398835e+02 6.605965e-105
-6.683314e+01 9.434914e-30 -1.722458e+02 1.565333e-75 -2.390789e+02 1.476878e-104
-6.671641e+01 1.060310e-29 -1.704627e+02 9.311278e-75 -2.371791e+02 9.872842e-104
-6.639673e+01 1.459705e-29 -1.700767e+02 1.369652e-74 -2.364735e+02 1.999289e-103
-6.646081e+01 1.369106e-29 -1.708158e+02 6.541108e-75 -2.372766e+02 8.955470e-104
-6.632926e+01 1.561591e-29 -1.700945e+02 1.345536e-74 -2.364238e+02 2.101177e-103
-6.664628e+01 1.137336e-29 -1.720309e+02 1.940478e-75 -2.386772e+02 2.206975e-104
-6.647940e+01 1.343895e-29 -1.740557e+02 2.561949e-76 -2.405351e+02 3.442990e-105
-6.598794e+01 2.196864e-29 -1.718254e+02 2.383372e-75 -2.378133e+02 5.235944e-104
-6.588136e+01 2.443923e-29 -1.695302e+02 2.365666e-74 -2.354116e+02 5.781507e-103
-6.585503e+01 2.509142e-29 -1.702981e+02 1.097645e-74 -2.361532e+02 2.754149e-103
-6.594142e+01 2.301477e-29 -1.734306e+02 4.786754e-76 -2.393720e+02 1.101660e-104
-6.620770e+01 1.763450e-29 -1.728881e+02 8.234827e-76 -2.390958e+02 1.452171e-104
-6.616097e+01 1.847811e-29 -1.707140e+02 7.242214e-75 -2.368749e+02 1.338224e-103
-6.574106e+01 2.812029e-29 -1.679010e+02 1.206526e-73 -2.336420e+02 3.392788e-102
-6.584725e+01 2.528741e-29 -1.679056e+02 1.200991e-73 -2.337528e+02 3.036997e-102
-6.542063e+01 3.874184e-29 -1.669482e+02 3.128297e-73 -2.323689e+02 1.211960e-101
-6.563975e+01 3.111848e-29 -1.673042e+02 2.191385e-73 -2.329439e+02 6.819259e-102
-6.551958e+01 3.509196e-29 -1.664924e+02 4.934571e-73 -2.320120e+02 1.731638e-101
-6.558564e+01 3.284867e-29 -1.680245e+02 1.066304e-73 -2.336102e+02 3.502668e-102
-6.599749e+01 2.175978e-29 -1.698728e+02 1.679554e-74 -2.358703e+02 3.654672e-103
-6.579647e+01 2.660464e-29 -1.691102e+02 3.600559e-74 -2.349067e+02 9.579159e-103
-6.551554e+01 3.523416e-29 -1.681443e+02 9.459499e-74 -2.336598e+02 3.332975e-102
-6.527294e+01 4.490793e-29 -1.665715e+02 4.559313e-73 -2.318445e+02 2.047493e-101
-6.493591e+01 6.290634e-29 -1.672923e+02 2.217463e-73 -2.322283e+02 1.394925e-101
-6.533120e+01 4.236627e-29 -1.690426e+02 3.852263e-74 -2.343738e+02 1.632060e-102
-6.532567e+01 4.260142e-29 -1.695150e+02 2.401929e-74 -2.348407e+02 1.023256e-102
-6.547238e+01 3.678807e-29 -1.692771e+02 3.047085e-74 -2.347495e+02 1.120964e-102
-6.550779e+01 3.550818e-29 -1.706000e+02 8.116595e-75 -2.361078e+02 2.882055e-103
-6.546413e+01 3.709285e-29 -1.678042e+02 1.329076e-73 -2.332684e+02 4.929921e-102
-6.564623e+01 3.091750e-29 -1.667790e+02 3.705119e-73 -2.324252e+02 1.145530e-101
-6.578156e+01 2.700415e-29 -1.648548e+02 2.537776e-72 -2.306364e+02 6.853049e-101
-6.578861e+01 2.681455e-29 -1.669429e+02 3.145085e-73 -2.327315e+02 8.433404e-102
-6.588591e+01 2.432842e-29 -1.634457e+02 1.038583e-71 -2.293316e+02 2.526709e-100
-6.590504e+01 2.386745e-29 -1.617203e+02 5.831476e-71 -2.276253e+02 1.391825e-99
-6.581945e+01 2.600027e-29 -1.619592e+02 4.592144e-71 -2.277786e+02 1.193970e-99
-6.549121e+01 3.610189e-29 -1.616290e+02 6.388955e-71 -2.271202e+02 2.306534e-99
-6.544129e+01 3.794989e-29 -1.614563e+02 7.593477e-71 -2.268975e+02 2.881717e-99
-6.571417e+01 2.888676e-29 -1.612419e+02 9.408346e-71 -2.269561e+02 2.717767e-99
-6.625795e+01 1.677021e-29 -1.649976e+02 2.200093e-72 -2.312556e+02 3.689602e-101
-6.614187e+01 1.883434e-29 -1.664532e+02 5.132100e-73 -2.325951e+02 9.665971e-102
-6.627508e+01 1.648542e-29 -1.658903e+02 9.010541e-73 -2.321654e+02 1.485425e-101
-6.604279e+01 2.079604e-29 -1.642311e+02 4.735227e-72 -2.302739e+02 9.847398e-101
-6.598793e+01 2.196889e-29 -1.641092e+02 5.348903e-72 -2.300972e+02 1.175094e-100
-6.592970e+01 2.328592e-29 -1.632243e+02 1.295993e-71 -2.291540e+02 3.017839e-100
-6.596705e+01 2.243237e-29 -1.632711e+02 1.236648e-71 -2.292382e+02 2.774095e-100
-6.615831e+01 1.852723e-29 -1.637980e+02 7.302126e-72 -2.299563e+02 1.352882e-100
-6.596866e+01 2.239626e-29 -1.643324e+02 4.278852e-72 -2.303011e+02 9.583028e-101
-6.614160e+01 1.883942e-29 -1.646196e+02 3.210780e-72 -2.307612e+02 6.048922e-101
-6.852314e+01 1.740910e-30 -1.646519e+02 3.108695e-72 -2.331751e+02 5.411957e-102
-6.628013e+01 1.640239e-29 -1.637050e+02 8.013221e-72 -2.299852e+02 1.314360e-100
-6.564843e+01 3.084947e-29 -1.593237e+02 6.405823e-70 -2.249722e+02 1.976162e-98
-6.565877e+01 3.053215e-29 -1.593769e+02 6.074379e-70 -2.250356e+02 1.854639e-98
-6.584242e+01 2.540984e-29 -1.590909e+02 8.085564e-70 -2.249333e+02 2.054529e-98
-6.574301e+01 2.806545e-29 -1.597374e+02 4.235876e-70 -2.254804e+02 1.188818e-98
-6.593407e+01 2.318449e-29 -1.600954e+02 2.961072e-70 -2.260295e+02 6.865096e-99
-6.582288e+01 2.591121e-29 -1.597351e+02 4.245469e-70 -2.255580e+02 1.100052e-98
-6.621864e+01 1.744247e-29 -1.600665e+02 3.047964e-70 -2.262851e+02 5.316401e-99
-6.636683e+01 1.504012e-29 -1.617898e+02 5.439779e-71 -2.281566e+02 8.181490e-100
-6.631628e+01 1.582003e-29 -1.636267e+02 8.666348e-72 -2.299430e+02 1.371019e-100
-6.651148e+01 1.301458e-29 -1.650058e+02 2.182098e-72 -2.315173e+02 2.839910e-101
-6.638311e+01 1.479728e-29 -1.666455e+02 4.234483e-73 -2.330286e+02 6.265884e-102
-6.639284e+01 1.465404e-29 -1.678682e+02 1.246677e-73 -2.342611e+02 1.826886e-102
-6.615536e+01 1.858200e-29 -1.665712e+02 4.560642e-73 -2.327266e+02 8.474584e-102
-6.596669e+01 2.244042e-29 -1.687840e+02 4.989181e-74 -2.347507e+02 1.119593e-102
-6.599512e+01 2.181142e-29 -1.688799e+02 4.533043e-74 -2.348750e+02 9.887212e-103
-6.592445e+01 2.340867e-29 -1.677383e+02 1.419621e-73 -2.336628e+02 3.323143e-102
-6.567570e+01 3.001962e-29 -1.651127e+02 1.960929e-72 -2.307884e+02 5.886636e-101
-6.560218e+01 3.230973e-29 -1.640457e+02 5.699678e-72 -2.296479e+02 1.841550e-100
-6.583197e+01 2.567662e-29 -1.657246e+02 1.063486e-72 -2.315565e+02 2.730672e-101
-6.603866e+01 2.088202e-29 -1.677059e+02 1.466369e-73 -2.337446e+02 3.062076e-102
-6.587572e+01 2.457750e-29 -1.686653e+02 5.618365e-74 -2.345410e+02 1.380854e-102
-6.550019e+01 3.577911e-29 -1.679290e+02 1.173151e-73 -2.334292e+02 4.197430e-102
-6.539575e+01 3.971779e-29 -1.681987e+02 8.958139e-74 -2.335945e+02 3.557974e-102
-6.554853e+01 3.409070e-29 -1.695819e+02 2.246638e-74 -2.351304e+02 7.658944e-103
-6.551732e+01 3.517146e-29 -1.669229e+02 3.208397e-73 -2.324403e+02 1.128440e-101
-6.576894e+01 2.734711e-29 -1.683180e+02 7.951229e-74 -2.340869e+02 2.174431e-102
-6.560001e+01 3.238018e-29 -1.682310e+02 8.673508e-74 -2.338310e+02 2.808498e-102
-6.570481e+01 2.915826e-29 -1.714950e+02 3.316245e-75 -2.371999e+02 9.669592e-104
-6.543450e+01 3.820817e-29 -1.686661e+02 5.613906e-74 -2.341006e+02 2.144971e-102
-6.548155e+01 3.645234e-29 -1.694662e+02 2.522014e-74 -2.349478e+02 9.193329e-103
-6.560094e+01 3.235001e-29 -1.687352e+02 5.238919e-74 -2.343361e+02 1.694791e-102
-6.548103e+01 3.647103e-29 -1.687355e+02 5.237180e-74 -2.342165e+02 1.910053e-102
-6.504866e+01 5.619886e-29 -1.679473e+02 1.151906e-73 -2.329960e+02 6.473578e-102
-6.494700e+01 6.221239e-29 -1.669239e+02 3.205351e-73 -2.318709e+02 1.994125e-101
-6.470100e+01 7.956331e-29 -1.687294e+02 5.269403e-74 -2.334304e+02 4.192511e-102
-6.491395e+01 6.430262e-29 -1.718745e+02 2.269015e-75 -2.367885e+02 1.459036e-103
-6.493714e+01 6.282863e-29 -1.722861e+02 1.503426e-75 -2.372233e+02 9.445821e-104
-6.549351e+01 3.601901e-29 -1.744626e+02 1.705525e-76 -2.399561e+02 6.143131e-105
-6.530634e+01 4.343292e-29 -1.738473e+02 3.155595e-76 -2.391536e+02 1.370567e-104
-6.554134e+01 3.433677e-29 -1.766490e+02 1.915595e-77 -2.421904e+02 6.577536e-106
-6.556507e+01 3.353132e-29 -1.775480e+02 7.796272e-78 -2.431131e+02 2.614193e-106
-6.561295e+01 3.196389e-29 -1.780275e+02 4.826789e-78 -2.436404e+02 1.542829e-106
-6.569905e+01 2.932683e-29 -1.799982e+02 6.726432e-79 -2.456972e+02 1.972649e-107
