-9.479416e+01 6.782982e-42 -2.499016e+02 2.945092e-109 -3.446958e+02 1.997651e-150
-8.243189e+01 1.585926e-36 -2.264615e+02 4.456930e-99 -3.088934e+02 7.068362e-135
-7.796943e+01 1.375019e-34 -3.297620e+02 6.111923e-144 -4.077314e+02 8.404013e-178
-7.706472e+01 3.397969e-34 -2.809408e+02 9.749056e-123 -3.580055e+02 3.312699e-156
-6.451933e+01 9.541372e-29 -1.348919e+02 2.613383e-59 -1.994112e+02 2.493526e-87
-6.023201e+01 6.943374e-27 -9.485741e+01 6.367235e-42 -1.550894e+02 4.421010e-68
-5.929473e+01 1.772664e-26 -1.469774e+02 1.474062e-64 -2.062722e+02 2.613016e-90
-6.020408e+01 7.140025e-27 -1.432884e+02 5.896826e-63 -2.034925e+02 4.210348e-89
-6.000651e+01 8.699696e-27 -1.221796e+02 8.671494e-54 -1.821861e+02 7.543936e-80
-5.648785e+01 2.935198e-25 -1.180727e+02 5.268550e-52 -1.745605e+02 1.546424e-76
-4.982572e+01 2.295961e-22 -1.282604e+02 1.982546e-56 -1.780861e+02 4.551849e-78
-4.552257e+01 1.697461e-20 -9.825006e+01 2.140619e-43 -1.437726e+02 3.633617e-63
-3.808120e+01 2.894314e-17 -8.207515e+01 2.265761e-36 -1.201564e+02 6.557822e-53
-3.583396e+01 2.738484e-16 -1.158082e+02 5.071521e-51 -1.516422e+02 1.388828e-66
-3.561267e+01 3.416758e-16 -1.575403e+02 3.811582e-69 -1.931530e+02 1.302325e-84
-3.285889e+01 5.364964e-15 -9.262674e+01 5.925432e-41 -1.254856e+02 3.178973e-55
-3.030795e+01 6.877429e-14 -1.070804e+02 3.130185e-47 -1.373884e+02 2.152763e-60
-3.063130e+01 4.977339e-14 -1.008414e+02 1.603825e-44 -1.314726e+02 7.982781e-58
-3.164144e+01 1.812587e-14 -8.641613e+01 2.950888e-38 -1.180576e+02 5.348741e-52
-3.095836e+01 3.588844e-14 -9.978023e+01 4.634417e-44 -1.307386e+02 1.663220e-57
-2.979602e+01 1.147499e-13 -9.869259e+01 1.375163e-43 -1.284886e+02 1.577998e-56
-2.706016e+01 1.769784e-12 -6.621818e+01 1.745058e-29 -9.327834e+01 3.088376e-41
-2.765516e+01 9.761530e-13 -6.202030e+01 1.161256e-27 -8.967545e+01 1.133564e-39
-2.751522e+01 1.122777e-12 -1.120367e+02 2.203296e-49 -1.395519e+02 2.473810e-61
-2.725784e+01 1.452348e-12 -1.013120e+02 1.001720e-44 -1.285699e+02 1.454846e-56
-2.834530e+01 4.895435e-13 -8.679058e+01 2.029214e-38 -1.151359e+02 9.933887e-51
-3.037504e+01 6.431141e-14 -8.776071e+01 7.691409e-39 -1.181358e+02 4.946453e-52
-2.870707e+01 3.409393e-13 -9.508593e+01 5.066479e-42 -1.237930e+02 1.727362e-54
-2.247070e+01 1.742199e-10 -8.926751e+01 1.704567e-39 -1.117382e+02 2.969695e-49
-2.155622e+01 4.347628e-10 -1.042213e+02 5.461156e-46 -1.257775e+02 2.374307e-55
