-9.485914e+01 6.356220e-42 -2.499016e+02 2.945092e-109 -3.447608e+02 1.871965e-150
-9.476063e+01 7.014281e-42 -2.497747e+02 3.343537e-109 -3.445354e+02 2.345251e-150
-9.490522e+01 6.069943e-42 -2.507351e+02 1.279816e-109 -3.456403e+02 7.768410e-151
-9.467185e+01 7.665442e-42 -2.510704e+02 9.151760e-110 -3.457423e+02 7.015229e-151
-9.485985e+01 6.351736e-42 -2.520654e+02 3.383614e-110 -3.469253e+02 2.149183e-151
-9.490889e+01 6.047710e-42 -2.521826e+02 3.009607e-110 -3.470914e+02 1.820123e-151
-9.469230e+01 7.510259e-42 -2.522221e+02 2.892820e-110 -3.469144e+02 2.172583e-151
-9.488720e+01 6.180318e-42 -2.522913e+02 2.699577e-110 -3.471785e+02 1.668425e-151
-9.495860e+01 5.754432e-42 -2.525155e+02 2.157272e-110 -3.474741e+02 1.241388e-151
-9.617398e+01 1.706763e-42 -2.527714e+02 1.670186e-110 -3.489454e+02 2.850611e-152
-9.524613e+01 4.316489e-42 -2.515625e+02 5.594747e-110 -3.468087e+02 2.414966e-151
-9.503160e+01 5.349369e-42 -2.526650e+02 1.857698e-110 -3.476966e+02 9.937513e-152
-9.484697e+01 6.434056e-42 -2.525917e+02 1.999083e-110 -3.474386e+02 1.286221e-151
-9.488675e+01 6.183152e-42 -2.526170e+02 1.949118e-110 -3.475037e+02 1.205169e-151
-9.476180e+01 7.006041e-42 -2.528475e+02 1.547857e-110 -3.476093e+02 1.084435e-151
-9.439492e+01 1.011135e-41 -2.515658e+02 5.576770e-110 -3.459607e+02 5.638865e-151
-9.429100e+01 1.121856e-41 -2.521834e+02 3.006907e-110 -3.464745e+02 3.373317e-151
-9.433859e+01 1.069727e-41 -2.522988e+02 2.679353e-110 -3.466374e+02 2.866175e-151
-9.438479e+01 1.021429e-41 -2.528041e+02 1.616567e-110 -3.471888e+02 1.651209e-151
-9.453595e+01 8.781321e-42 -2.533091e+02 9.755212e-111 -3.478451e+02 8.566365e-152
-9.441089e+01 9.951101e-42 -2.522179e+02 2.904971e-110 -3.466288e+02 2.890766e-151
-9.460587e+01 8.188313e-42 -2.524397e+02 2.327149e-110 -3.470456e+02 1.905542e-151
-9.454630e+01 8.690839e-42 -2.520281e+02 3.512218e-110 -3.465744e+02 3.052412e-151
-9.461140e+01 8.143159e-42 -2.530661e+02 1.243905e-110 -3.476775e+02 1.012931e-151
-9.465733e+01 7.777550e-42 -2.525039e+02 2.182501e-110 -3.471612e+02 1.697451e-151
-9.444598e+01 9.608013e-42 -2.520754e+02 3.349880e-110 -3.465214e+02 3.218569e-151
-9.440935e+01 9.966458e-42 -2.522793e+02 2.732165e-110 -3.466886e+02 2.723001e-151
-9.444731e+01 9.595213e-42 -2.527167e+02 1.764219e-110 -3.471640e+02 1.692805e-151
-9.453520e+01 8.787871e-42 -2.532793e+02 1.005071e-110 -3.478145e+02 8.832431e-152
-9.464400e+01 7.881933e-42 -2.529463e+02 1.402239e-110 -3.475903e+02 1.105235e-151
-9.455924e+01 8.579108e-42 -2.526886e+02 1.814440e-110 -3.472478e+02 1.556627e-151
-9.453311e+01 8.806242e-42 -2.522840e+02 2.719254e-110 -3.468171e+02 2.394641e-151
-9.452828e+01 8.848899e-42 -2.523319e+02 2.592195e-110 -3.468601e+02 2.293807e-151
-9.451216e+01 8.992750e-42 -2.512281e+02 7.816320e-110 -3.457403e+02 7.029021e-151
