0.00118055608784231
0.000939492485640879
0.00163621186124187
0.000606895304111158
0.00100435575029595
0.00131061411379893
0.000597805882057257
0.000366240874603507
0.00151278286992959
0.00140299042750658
0.000252296061048226
0.000616196746889637
0.00147298540415986
0.00125231018959525
0.000328691904018158
0.000741010354409206
0.0015511743626845
0.00129515199259073
0.00106314799740495
0.000291179580621586
0.00101124947390305
0.00159314057898817
0.00162937250667618
0.000879886755714762
0.000382088617370111
0.00110453215588235
0.00127644888968463
0.00148676779979368
0.00161360481077024
0.00052691348613082
8.44318266931657e-05
0.000668018087883706
0.00138959645936533
0.00137744808110804
0.00124598515229207
0.00114469769013725
0.000566938812064205
0.000229203846538156
0.000481386735127687
0.000911164734542622
0.00127987809749389
0.00153034661616107
0.000656483498442065
0.000879379453976406
0.000638223919228858
0.000205019387259143
0.000429107962176571
0.000898680071947302
0.00062456344420637
0.000698293001911787
0.000913981841089221
0.000930818558668822
0.000614829858844762
0.000839608587809613
0.000968024827433274
0.000764577502650241
0.000446026492771201
0.000265570642136289
0.000411584810849908
0.000564981981202024
0.000196861072902663
0.00083087124807772
0.00101969017969688
0.00104256423312314
0.00102036881675995
0.000983872567832135
0.00093644243765787
0.000901898394476052
0.000935766261700552
0.000892761880975623
0.00044443700464044
0.000115874127872138
0.000279855843080148
0.000458334450283417
0.00058982956472844
0.000754294663918404
0.000998180780221634
0.00125193081385747
0.00144720233877111
0.00147933125310098
0.00135228281966697
0.00118375116469522
0.00102352735994772
0.000874118791570883
0.000733973790996385
0.000608032432376596
0.000508227672181264
0.000450762631459498
0.000482594507733021
0.000620280053419597
0.000744796300189799
0.000847929696118719
0.000940688299571894
0.00102285043723822
0.00109233144186872
0.00114825429801159
0.00119141381761845
0.00122393268615204
0.00124956635635619
0.00127388811897862
0.00130308681705744
0.00120176197359991
0.000929572885114416
0.00165565377574935
0.000636759388722564
0.00101164699110776
0.00134362178023018
0.000610018487393053
0.000395341330594378
0.00151717515055272
0.00140357421534162
0.000256072589093719
0.000648089145497701
0.00146747574021103
0.00124339685598316
0.000345821403818956
0.000742161185703682
0.00154293389893459
0.00128373137918872
0.0010583393349128
0.000309841143486585
0.000998558002131256
0.00158114649388228
0.00161529029407929
0.000899242425766845
0.000384318572422817
0.0010898399771872
0.00126591301855144
0.00149383165277835
0.00160979883920723
0.000558109644748843
0.000151599957391945
0.000666731352488073
0.00138249913922096
0.00137869125425307
0.00127287978921346
0.00115655091340346
0.000580906473202826
0.000236647643839647
0.000480254355613263
0.000929346178547012
0.00128873427773399
0.00153111565116165
0.000699383434905934
0.000902756067732757
0.00065665382170936
0.000213132904285629
0.000428134902803593
0.000895096129807201
0.000648538922745347
0.000740161352738388
0.000940676212148087
0.000942607189509356
0.000630409013069438
0.000838314591460988
0.000957843506622504
0.000753671211257961
0.000447415504418647
0.000297694867867513
0.000431720790248689
0.000578666049622007
0.000260673756502043
0.000838994377183441
0.00102107870880884
0.00103931858032722
0.00100973061258387
0.000970246616710077
0.000925637803355125
0.00089276308338723
0.000925543789278022
0.000883181755127368
0.000448066058861768
0.000163694284077617
0.000305455029122079
0.000468308131098645
0.0005897612666812
0.000747967618650841
0.000987198606714744
0.00123696438296827
0.00142916436385537
0.00146081656252269
0.00133606875148222
0.00117127802217428
0.00101621232392143
0.000872808825154818
0.0007372366124677
0.000612977475596883
0.000512176901619543
0.000451902185874118
0.000479590856763062
0.000613123693680869
0.000735246908170757
0.000836790591906114
0.000928111953781715
0.00100897820481808
0.00107776485802676
0.00113423917980912
0.00117926128597982
0.00121409048396243
0.00124152587002299
0.00126671464236464
0.00129580974199247
0.00126083146308261
0.000900400381444827
0.00171040070478471
0.000715824448080293
0.00103235371031552
0.00143442769505428
0.000643890869629124
0.00046915756922691
0.00152975178463228
0.00140525381089041
0.000266648104831371
0.000732201849572574
0.00145149449321339
0.00121736749450084
0.000390974523493965
0.000745464949739023
0.00151895676582306
0.0012502645166716
0.00104436969105395
0.000358185257695068
0.000961078773958637
0.00154609131457985
0.00157403868229939
0.000952781262458596
0.000390668387228067
0.00104638400510781
0.00123507431550957
0.00151398714342576
0.00159878937909725
0.00063949151794214
0.000261976686627995
0.000663012398448567
0.00136185665514781
0.00138226458406892
0.00134732472359805
0.00119002168940055
0.000619367976760775
0.000256879277574961
0.00047697878425429
0.000979815088990834
0.00131390127681195
0.00153332784497493
0.000810321697757241
0.00096691496669513
0.000707042605287137
0.000234935063646849
0.000425320656644923
0.000884695494621869
0.000713085476440545
0.000849265478599525
0.00101362074723221
0.000975756063475721
0.000673256957388866
0.000834577472024271
0.000927903838362441
0.00072134742048461
0.000451391132543199
0.000375130883280697
0.000485053667318534
0.0006163733275564
0.000389895949447799
0.000861956544226834
0.00102506631422453
0.00102991597099424
0.000978453342510376
0.000929897777532216
0.000893797916069415
0.000865920899450628
0.000895457812448615
0.000854997563136093
0.000458355053344091
0.000255519734471203
0.000369385965481265
0.000495907140059093
0.000589564566102523
0.000729443173342059
0.000954871511855552
0.00119282192128675
0.00137590597182247
0.00140614473805155
0.00128824293217844
0.00113459744985452
0.000994849156634087
0.000869025898661792
0.000746551891560362
0.000626998373522948
0.000523381848293735
0.000455167468067223
0.000470835181199977
0.000592034837646694
0.000707030542340046
0.000803855185863023
0.000890908824745315
0.000967924928801753
0.00103467732164633
0.00109288090157146
0.00114354840016449
0.00118529463247857
0.00121807781830835
0.00124582876840415
0.00127462421983142
0.00134631347245288
0.000853774227836223
0.00179103480321064
0.000822343891599327
0.00106329636212327
0.00156335301435415
0.000692580468608464
0.00056380637847706
0.00154882222967492
0.00140782321375151
0.000282082721685055
0.000844982295953501
0.00142666260197614
0.00117637156890097
0.000451477112906598
0.000750498400554258
0.00148146913543293
0.00119717698303523
0.00102259685370758
0.000421634570453851
0.000900637057354742
0.00149078561752346
0.00150865123841069
0.00102942056736543
0.000400201492318013
0.000976059980748756
0.00118627266264614
0.00154435699388533
0.00158177327972676
0.000747175628891718
0.000372250551914562
0.000657273815772744
0.00132960904867087
0.00138772139560478
0.00145400640613978
0.00123955005660381
0.000674050883521525
0.000285104629954782
0.00047191621947871
0.00105245399514452
0.00135155066277873
0.00153671094540809
0.000955626353870608
0.00105768986988866
0.000777937490953122
0.000264879650945553
0.000420972490485115
0.000868519243839115
0.00080196220206889
0.000993446536837362
0.00111616951407913
0.00102446466556053
0.000734068462199772
0.000828819188619905
0.000880060147464592
0.000668801069413952
0.000457415128569882
0.000469623741680428
0.000556944656491096
0.000670040730862705
0.000529923171222551
0.000895995912496593
0.00103114576916659
0.00101534145647226
0.000928492351813556
0.000864434344035667
0.000842686088105224
0.000823100120412203
0.000847293771087302
0.000809916696534297
0.000473685405944749
0.000352515751347065
0.000450050257509615
0.000535438978931724
0.000589263075971484
0.000700111994228115
0.000903101759939412
0.00112182764409028
0.00129005157559739
0.00131799102443758
0.00121131234462261
0.00107597677507549
0.000961198344175621
0.000863197962416936
0.000760602466695075
0.000647891353816084
0.000540098111030708
0.000460125226068971
0.000457095507766224
0.000558181488842068
0.00066147000063588
0.000750597244752537
0.000830684703843851
0.000901408265844333
0.000964938618706484
0.00102628854834588
0.00108655864029692
0.00113976653900148
0.00118125083709635
0.00121313247625878
0.00124146505845292
0.00144427944614852
0.000792842755841696
0.00188524293712571
0.000936608200159347
0.00110006512792265
0.00170826596748333
0.00074799107036336
0.000661671239744473
0.00157189964742851
0.00141096866287946
0.000299933293252998
0.000965500762333802
0.00139559848923873
0.00112404245919583
0.000516097049503374
0.000756627112521613
0.00143414610659898
0.0011286503735756
0.000995238203783679
0.000488334648780486
0.000820435490186673
0.00142000439876353
0.00142434803105686
0.00111626946225126
0.000411594137121791
0.000882171513023601
0.00112351728870231
0.00158081450366675
0.00156064658253313
0.00086107026019627
0.000473669691016121
0.000650165231272708
0.00128895013305818
0.00139438600167602
0.00157503311248606
0.00129772658056223
0.000735598538946076
0.000316306877672724
0.000465630897937777
0.00113522877046135
0.00139634878059489
0.00154085078801779
0.00110814656425204
0.00115937546233475
0.000856929813029359
0.000297524218470948
0.000415576546880148
0.000848254941343435
0.000899065675499317
0.00114579487760056
0.00123034575602117
0.0010812219619983
0.000802395072362909
0.000821700499921741
0.000817556303697098
0.000598071213969395
0.000464698016448217
0.000564326329616964
0.000634096542191649
0.000730508618025376
0.00066243098410763
0.000936062391269244
0.00103855472315851
0.000997172287209966
0.000863266204049726
0.000776631741008723
0.000775400461281498
0.000767315985393747
0.000784182111823878
0.00075092976645496
0.000491838708007108
0.000443411073746476
0.000532567328123166
0.00058026541004412
0.000588893032776652
0.000662360464039927
0.000835225833265326
0.00102806639485712
0.00117620791600619
0.00120105026105684
0.00110968293871869
0.00099938283610362
0.000918236843066346
0.000855994752079386
0.000777491347081166
0.000672634669836538
0.000559922487257394
0.000466134807776523
0.000439655284946237
0.00051361582828724
0.000600882203829505
0.000679590327303015
0.000750235257897312
0.000812409414340126
0.00087180561257401
0.000938167515971814
0.00101227798054067
0.00108130321561022
0.0011344443202845
0.00117177921778394
0.00119953812594339
0.00154171054117932
0.000722377900981176
0.0019805815367039
0.00104456649539053
0.00113788944227527
0.00185005385427577
0.000802767983544499
0.000751955413358092
0.00159609168654185
0.00141430829656339
0.000317830241246139
0.00107906984856319
0.00136176267190978
0.00106553610941701
0.000576969179311097
0.000763095091618118
0.00138200735706819
0.00105082913988977
0.00096527244330661
0.000550509780535944
0.000725412328145088
0.00134058223481959
0.00132877288956099
0.00120181858029432
0.00042338136597355
0.000769781266939165
0.00105263321560722
0.00161871017240171
0.00153784528076612
0.000967661120905065
0.000561837566115011
0.000642514059119567
0.00124422337381938
0.00140144351770122
0.00169435864311217
0.00135689995570675
0.000795885626554197
0.000346438670890477
0.000458847645957345
0.00121714869237541
0.00144249470372416
0.00154524413502253
0.00125018276165263
0.00125859585755119
0.000933680198307214
0.000328722312993524
0.000409756266892124
0.000826144369181693
0.000992015833366751
0.00128828255892972
0.00134121633064741
0.00113851837688152
0.000869227626102025
0.000814056580760333
0.000745305984044076
0.000512184331759965
0.000472324981744314
0.000650127754192515
0.000707012633346798
0.00078978870901334
0.000779070533931101
0.000976897046125613
0.00104638155132116
0.000977466194898834
0.000787945814138414
0.000670685932449858
0.000696695499408298
0.00070310737695829
0.000710892650485893
0.000682581244179571
0.000510448467857878
0.000523070179278126
0.000608205879897163
0.000624444327310872
0.000588498985475178
0.000619665194676509
0.000756332745992966
0.000917827333747498
0.00104147875179506
0.00106256186624779
0.000990139642537401
0.000910826212333667
0.000870191711231586
0.00084826207633078
0.000795070187370308
0.000698003258365363
0.000580275755893407
0.000472446119466096
0.000420301707718251
0.000461487149914404
0.000528836237915597
0.000594787645497468
0.000653839745430998
0.000705473143715948
0.000760266510888836
0.000834229335397166
0.000926713675146574
0.00101539744393901
0.001082413085131
0.00112610532599537
0.00115324747746023
0.00162796024068206
0.000649229570490806
0.00206616516503438
0.00113670779351926
0.0011723209947828
0.00197403121350505
0.000851034294990259
0.000827869639963085
0.00161849525000896
0.00141743935467433
0.00033377444596438
0.00117583518388901
0.00132918265783674
0.00100746641751855
0.000628822721362257
0.000769123434189907
0.00133115310570232
0.00097203951478427
0.000936240165163484
0.000603121908625039
0.000623049219807325
0.00126140059592771
0.0012322240650345
0.00127699597015045
0.000434166189739697
0.000646603967898064
0.000981368918639097
0.00165352913269796
0.00151610657761575
0.00105808251922819
0.000633603940553316
0.000635240328711592
0.00120067648730266
0.00140804317517535
0.00179929038451871
0.00141024374661559
0.000848642767882486
0.000372538781241977
0.000452380787730702
0.00128939361280368
0.0014845510073027
0.00154936117739525
0.0013703007031983
0.0013451792201948
0.00100045023731284
0.000355552795172976
0.000404210621865747
0.000804813821530005
0.00107204063773904
0.00140910674954885
0.00143762913882456
0.00118984754259617
0.00092765188025205
0.000806807647972044
0.00067035323256594
0.000415604494958856
0.00047938140871969
0.000721514964723809
0.000769258043921161
0.000841697371315456
0.000874612564594688
0.00101377115951636
0.00105368338065559
0.000958579396460415
0.000709921895490245
0.000552928337110603
0.000613604637503121
0.000636898733513692
0.000634352591620854
0.000611430792264173
0.000527337737344381
0.000588173815995847
0.000671563189164847
0.000663282567119731
0.000588128461524093
0.000576671078999607
0.000673831304117965
0.000800518746665884
0.000896610274542256
0.000913487333623592
0.000862841317956217
0.000818928825766096
0.000822490278006212
0.000840930938548247
0.000811241816777544
0.000721028946301844
0.000598771387989822
0.000478300921130687
0.000401265488015167
0.000406454221428927
0.000450760055540196
0.000502214229557632
0.000548016676477465
0.00058750706487703
0.000637921355516063
0.000723068936958458
0.000838388493949688
0.00094930545654154
0.00103112970209752
0.00108142930213295
0.00110798735033413
0.00169502759064603
0.0005828452799923
0.00213339484966715
0.00120662730096262
0.00119965890373507
0.00206961084918009
0.000888443371721434
0.000884950251947073
0.00163653189729054
0.00141998670850624
0.000346229448259409
0.0012491852991555
0.00130202014344759
0.000957525474271686
0.000668123132635141
0.000774003045837231
0.00128821183569476
0.000902735944430005
0.000911889204062946
0.000642833624536927
0.000525038122072425
0.00119296892993994
0.00114752208354851
0.00133515290442837
0.000442763736079732
0.000525233558691224
0.000919194875845676
0.00168138039919139
0.00149815165601906
0.00112643714266971
0.000686580397731237
0.000629248522942498
0.00116397194996196
0.00141340046505083
0.00188050434886466
0.00145228101497291
0.000889338209242196
0.000392533858799265
0.000447039746204346
0.00134542100920871
0.00151797375541602
0.00155270934420492
0.00146093274709844
0.00141183938268127
0.00105175005180834
0.000376011350235252
0.00039963283599499
0.000786997360885028
0.0011331035282801
0.00150042194066779
0.00151168280592717
0.00123010777178083
0.000972686787953213
0.000800849718387208
0.000602390061604162
0.000315721183387301
0.000485057914410336
0.000774859421753012
0.000816497537260408
0.00088175561635379
0.00094538185626203
0.0010428669881352
0.0010595986576917
0.000942902871583726
0.000639309159642463
0.000433896997533952
0.000536428727307729
0.000577334219381377
0.000564327255361795
0.000546618547147096
0.000540715820100063
0.000636337534698945
0.000719094124458816
0.000693335973711751
0.000587826234830304
0.000539090896492854
0.000598215522250772
0.000690292250359754
0.000758304562045797
0.000770919207724348
0.000743103548571689
0.000735567175012741
0.000781452282487651
0.00083490691288541
0.00082419031226941
0.000739269225217923
0.000613436700475862
0.000483021294388613
0.000385051330651472
0.000355339780514364
0.00037527989769004
0.000411621423593712
0.000443442015249439
0.00046991780687369
0.000517197287082435
0.000617825385559235
0.000758816184640565
0.000891810096076798
0.000987354258224286
0.00104359495029542
0.00106967497777564
0.00173740688100403
0.000535092252398219
0.00217615595267473
0.00125015661609735
0.00121717132479199
0.00212968363638206
0.000912033180200446
0.0009202994107941
0.00164819802693113
0.0014216469137533
0.000354122678978298
0.00129482196445457
0.00128398117963803
0.000923473285524534
0.000692572851789913
0.000777171461576765
0.00125939444717649
0.00085447486393729
0.000895638221747053
0.000667480496695126
0.000449688064954532
0.00114610164719595
0.00108868818835395
0.00137178295367612
0.000448286459373398
0.000427830108156754
0.000876237418782328
0.00169931283476601
0.00148631543100164
0.00116889848248007
0.00071905624244848
0.000625306682941069
0.00113937718931087
0.00141688626234605
0.00193167221834585
0.00147907462705586
0.000914924483466486
0.000405052695604574
0.000443518938975123
0.00138076463637139
0.00153939756032521
0.00155489081627105
0.0015171712350217
0.00145370095875326
0.00108392489389512
0.000388784496536697
0.000396616401042035
0.000775147652160251
0.00117124368437811
0.00155713808799698
0.00155812072345357
0.00125568973551972
0.00100098900811755
0.000796936932256748
0.000553547772453339
0.000228038751093321
0.000488727430452299
0.000807779715464297
0.000845909243239805
0.000906947985779363
0.000988845234713921
0.00106142784688002
0.0010634418340262
0.000932528616792029
0.000588669036968008
0.000334062844223803
0.000479400825250873
0.000534890532646494
0.000513496484067063
0.000499802617504038
0.000549272027258462
0.000665897870646348
0.000748491534026855
0.000712268319070355
0.000587628886526789
0.000513079700696114
0.000543212965709979
0.000607656681092574
0.000652404991705244
0.000661494081491286
0.000653217442755637
0.000675631731747506
0.000753462027557501
0.000830951454935894
0.000832533227485999
0.000750935790973892
0.000622822579922098
0.000486077575312523
0.000374089434762992
0.000317570377791199
0.000316447742031969
0.000339701135555356
0.00035912053150023
0.000373716998830649
0.000420087020148416
0.000538143433527393
0.000702031170946506
0.000852193000439942
0.000957703250883132
0.00101814230600855
0.00104391023197298
0.00175188522306959
0.000517477861111848
0.00219081147081304
0.00126492378179317
0.00122319466781075
0.00215015406985017
0.000920084346201612
0.000932262513969803
0.00165223035981207
0.00142222304357681
0.000356823121772776
0.00131029959523294
0.00127765672889982
0.000911349460735316
0.000700864630732392
0.00077826882303802
0.00124923075795136
0.000837063237217592
0.000889924888792165
0.000675830007838014
0.000420371194200649
0.00112936987581696
0.00106749704453528
0.00138427768508099
0.000450188630734731
0.000388327817626645
0.000860817063396958
0.0017054965924153
0.00148218263982764
0.00118328872894116
0.000729997050354944
0.000623931869984278
0.00113071036503086
0.00141809486242213
0.00194912839935796
0.00148826710166183
0.000923644695989904
0.000409310872422647
0.00044228961841576
0.00139282953987923
0.0015467685485866
0.00155564771788502
0.00153622106536406
0.0014679600714029
0.00109487791378504
0.000393123479945882
0.000395563422690938
0.000770989683801973
0.00118420226594623
0.0015763580610568
0.00157392792691245
0.00126445317684845
0.0010106328526247
0.000795573533702608
0.000535543885260189
0.000188263669146354
0.000489995410812224
0.000818903252591961
0.000855887394467911
0.000915535038549303
0.00100349958820178
0.00106779848669837
0.00106477330985052
0.0009288985694691
0.000570030370117751
0.000291498287123038
0.000457936737120272
0.000519339090590689
0.000494622531312856
0.0004824820130644
0.000552212551413579
0.000675861656894994
0.00075843461051011
0.000718726787929669
0.000587560332672711
0.000503731970199262
0.000522758591714322
0.000576191603655229
0.000611349689434654
0.000618981819431779
0.000618953885068201
0.00065353165359838
0.000743494625198514
0.000829573326446133
0.000835411199207547
0.000754945368177656
0.000626049341380756
0.000487134524437776
0.000370206477790456
0.000303355013034352
0.000293267217116558
0.000310854606914892
0.000324753564947365
0.000333883806217693
0.00038060769146143
0.00050755190784797
0.000681203391637934
0.000837996057875975
0.000947188430963588
0.00100915251611971
0.00103481216028382
