0.000900982933517051
0.000755588878735917
0.00119136128070935
0.00164193525685508
0.000766358136701335
0.000525042011307207
0.000733024983944608
0.00128178355319033
0.00141949750282368
0.00122181951710316
0.000687389495711489
0.000149906868338251
0.00104959616907824
0.00115012644460508
0.00151091850904488
0.00121111250183263
0.000472094599981714
0.000406883449321448
0.000939930208677671
0.00137056717721814
0.00123670618255882
0.00145388832508438
0.000934131418896464
0.000187431159357688
0.000451848468848885
0.000995753393870907
0.00152737510811134
0.0014681473231724
0.00127918331979402
0.00119925445913645
0.000912682489804355
0.000207257494107805
0.000703219054221515
0.00090970774587742
0.00150940909841244
0.00180367570889076
0.00141753638575144
0.00110157277457868
0.000795473528153847
0.000609747320359214
0.000663402980388425
0.000955644283172421
0.00111637518905714
0.00130705472698701
0.00148621214764972
0.00162231275159304
0.00162994591317878
0.000721778160241666
0.000507230590811722
0.00020618863694831
0.000201693491127467
0.000811450473723191
0.00123200477981053
0.00150583395469969
0.00125384243275958
0.00120671687239384
0.00122165628234916
0.00118697770456822
0.00108903185120096
0.000441360458250962
0.000239345098163055
0.000332422095197366
0.000299389159483791
0.000501641106957259
0.000790830896726127
0.00105361771538581
0.00127441400731088
0.00143594317241722
0.00105879045301788
0.000726231167798774
0.000924100593240387
0.000907060504547654
0.000771005240052945
0.000536334539801316
0.000292344660827516
0.000247196308117819
0.000468669667044986
0.000738277961824829
0.000738446672361824
0.000472342700229093
0.000570563902556386
0.000751889422003669
0.000881032221265604
0.000943265419315557
0.000905297532683843
0.000712128562900789
0.000691533138826283
0.000881576066566525
0.00100913310376529
0.00100476943246638
0.000874517466487716
0.000690415893395667
0.000499553594480063
0.000336351796447574
0.000264022218033616
0.000326500113451242
0.000440472472399393
0.000515007312222495
0.000396125199148682
0.000219723617011477
0.00072632777031111
0.000921279303362662
0.000999706342662733
0.00102954118959749
0.00103491368431512
0.00102939576096208
0.00101952729875233
0.00100616989844389
0.000989330206030503
0.000973247652559611
0.000969133329498589
0.00099339553322594
0.00104952009210653
0.00106251025586304
0.000879843325973628
0.000579889293203752
0.000319578542233365
0.000154361688512013
0.000177727815375285
0.000291787883805402
0.000400157458530031
0.000492799724008778
0.000579783258915169
0.000684446315504747
0.000824465852555207
0.000991085395717316
0.00116308971313503
0.00132322028632541
0.00144910823205833
0.0015105052506889
0.00149513996838271
0.00142446848554734
0.00133109098559937
0.00123493387151967
0.00114264213767474
0.00105456733197943
0.000969575474947759
0.000886883692157603
0.000806503339519567
0.000729472922110291
0.00065776587734347
0.000594589125030877
0.000543347102322374
0.000507957841806133
0.000494654788664434
0.000514795445157582
0.000567985392870198
0.000631435744900442
0.000693135646884765
0.000753347103827836
0.000813128429338664
0.00087159151551127
0.000927786684761897
0.000980554720575914
0.00102907654861981
0.00107289454482292
0.00111177277945078
0.00114584223400193
0.00117535619226094
0.001200814047734
0.00122286808857174
0.00124246473087477
0.00126072266879492
0.00127902206672248
0.00129869854986307
0.00132040828280057
0.00134208761714078
0.000924259047050081
0.000744897408099757
0.00119513264268364
0.00165700989271937
0.000796703543412515
0.000539012469217295
0.000743710452765632
0.00128854966511807
0.0014429840589005
0.00122261722610251
0.000682167804913502
0.000214532406953013
0.00106597392143449
0.00116166739285658
0.00151236993597044
0.00119729695895231
0.000469620798866308
0.000413554031950254
0.000957197428544936
0.00136599984727852
0.00123067404657591
0.00144159684073331
0.000921184539366808
0.000221596269935175
0.00045434301234281
0.00099312303561772
0.00151631150936761
0.0014506971322695
0.00127746101071008
0.00119634988264036
0.000905104407414219
0.000231382426740293
0.00069400588771204
0.000902191649320474
0.00149864971056492
0.00178915381518261
0.00141046066328358
0.00111964069096729
0.000809970763843306
0.000609845123938561
0.00065340624573508
0.000942853914638594
0.00110344237297702
0.00131039773287389
0.00149243822321227
0.00162218489978929
0.00162495106562653
0.000746654267876742
0.000543832598970622
0.000253305182061233
0.000215141890417689
0.000807452529682926
0.00122510520083787
0.00149758246041406
0.00125942554360083
0.00123234560915747
0.001247110602119
0.00120135791819185
0.00109538513885942
0.000466506991409997
0.000263626652505723
0.000335610643974397
0.000303441233408614
0.000518883474325144
0.000813257461805524
0.00106737743941694
0.00128101573910488
0.00143803150098838
0.00107561412275632
0.000762892173515772
0.000947461282238953
0.000927168240161607
0.000784658094686306
0.000540711089802282
0.000292085429507175
0.000245927841559976
0.000466486027888901
0.000735075220818684
0.000742955453183624
0.000505997157674262
0.000613116882539734
0.000788866563938846
0.000906255086925778
0.000957271143097924
0.000914181722704754
0.000723902910951988
0.000699626095874743
0.000879549072306142
0.00100081835444943
0.000993534855136546
0.000862760524319301
0.000680168666316438
0.000496744696786149
0.000350179178200065
0.00029027691445828
0.000347579509207958
0.000454745697151242
0.000527554373695884
0.000420179162817683
0.000273174135400599
0.000736409652777065
0.000924856616952525
0.00100044498931124
0.00102758837604947
0.00102922545276186
0.00101912948670403
0.00100609692553836
0.000992673851970677
0.000977491738441013
0.000962911390779102
0.000959317126361043
0.000982916926718158
0.00103752962739742
0.00104994133845034
0.000870793421729861
0.00057850302297411
0.00033107205567093
0.000190153821312652
0.000213610537123231
0.000312778724494209
0.00041076183000668
0.000495901021894353
0.000577660493299062
0.000678697218797145
0.000815803946013509
0.000979722158951029
0.00114914673643632
0.00130688997805914
0.00143088862790451
0.00149140608064928
0.00147641388105098
0.00140708252844004
0.0013155968411673
0.00122174747791687
0.00113228228112301
0.00104760427359044
0.000966315769438327
0.000887065641153851
0.000809310746438872
0.000733817215740924
0.000662563472913682
0.000598891526597953
0.000546372626183409
0.000509131579965033
0.000493591045850284
0.000511236732053213
0.000562029968049709
0.000623627590095996
0.000683986347127406
0.00074314494501124
0.000801995741535706
0.00085957857650946
0.000914935325868554
0.000966964562465144
0.00101496425328023
0.00105862900632999
0.00109785103361776
0.00113278110909037
0.00116354034213836
0.00119039303060513
0.0012137555043259
0.00123441182708502
0.00125340065964771
0.00127207891371177
0.00129178905827922
0.00131322435739804
0.00133442384376937
0.000988222718961813
0.000713217978026089
0.00120592597533551
0.00169966901347303
0.000878243015986076
0.00057735383343905
0.000773654196037425
0.00130783641766921
0.00150857004651433
0.00122491123616334
0.000666904239570697
0.000337401360444499
0.00111178512132084
0.00119427550157576
0.00151654139491946
0.00115659536080513
0.00046242386514884
0.000432186563193913
0.00100526124194894
0.00135276262128346
0.00121313769552143
0.00140560473669067
0.000882845701165295
0.000298902629460754
0.000461450453771754
0.00098551001124711
0.00148399454442195
0.00139923637395111
0.0012724887997211
0.00118794682416644
0.00088292099355914
0.0002898412298643
0.000666766999547587
0.000880191525189768
0.00146722868767622
0.00174666549357576
0.00138988576219616
0.00117010802004949
0.000850334582637888
0.00061012665055831
0.000623727578627537
0.000905016495085281
0.00106532730254901
0.00131997624863224
0.00151022214253415
0.00162181670890095
0.00161048245669839
0.000814047494150856
0.00063759453640088
0.000355670519291761
0.000249854358635378
0.000795828743997837
0.00120501803513025
0.00147356518747653
0.00127536497219049
0.00130332894230099
0.00131765992325626
0.00124183440525183
0.00111347625553797
0.000532319761780669
0.000323519333716354
0.000344626976894299
0.000314817557966888
0.000565602749750596
0.000874626352567795
0.0011060413481968
0.00129983741548491
0.00144402773589542
0.00112264874154892
0.000859766278660225
0.00101171755508047
0.000982771066674933
0.00082270547294292
0.000553119487714143
0.000291337714390255
0.000242238342740688
0.000460140616455531
0.000725774364000225
0.000755787756997833
0.000592316059242734
0.000721764839607252
0.000886767703080114
0.000975244805701857
0.00099650019624028
0.000939293527711988
0.000756783346126256
0.000722422658479433
0.000873686310053207
0.000976481640462211
0.000960452502784484
0.000827975879740667
0.000649760985311261
0.000488566611900997
0.000387245719793198
0.000355196075737135
0.000402150780773888
0.000493543743047191
0.00056212018458651
0.000482792172271787
0.00038792184308124
0.000764697256102518
0.000935080648085684
0.0010025687981456
0.00102194463235276
0.00101266840709672
0.000988973892513494
0.000966383809239848
0.000952746385216054
0.00094257415531168
0.000932509639027847
0.00093047429274989
0.000952101094485745
0.00100220356583259
0.00101287985243435
0.000844193585381627
0.000574492734352734
0.00036213464557592
0.000267701356852256
0.000293364296340918
0.000366566460151726
0.00043987037624696
0.000504724434165319
0.000571504198047146
0.000661864504135397
0.000790332945842603
0.000946241189049128
0.00110802003573901
0.00125868596009172
0.00137708169815387
0.00143499316405295
0.00142111677749854
0.00135577702423404
0.00126992785143673
0.00118295810793424
0.00110190840256703
0.00102729138365633
0.000956867802696096
0.000887589334094318
0.000817340497481536
0.000746184862320038
0.000676187512075801
0.000611110647152766
0.00055499216405021
0.00051249621092966
0.000490515236577945
0.000500848620779191
0.000544518341416112
0.000600578201922773
0.000656930686818477
0.000712954094163875
0.000769040886116125
0.000824011143562944
0.0008768800037881
0.000926720833039612
0.000973187227245861
0.0010164354146506
0.0010567411027784
0.00109430276931741
0.00112882739631841
0.00115986409280899
0.00118712625005695
0.00121092534898827
0.00123207477062145
0.00125187184667879
0.00127168431299649
0.0012923160453855
0.00131210690659668
0.00107888998020909
0.000661747103688848
0.00122227746099985
0.00176302555696096
0.000990229619609754
0.000631597546173681
0.000817405748917541
0.00133684582420124
0.00160385979976523
0.00122841755395981
0.000642816480583967
0.00046662521285557
0.00117852287214413
0.0012425753080437
0.0015229102776691
0.00109129634565408
0.000451174896999114
0.00045926933646058
0.00107473799762815
0.00133222691642541
0.00118576750284216
0.00134859969861771
0.000820640291172203
0.000388575324831019
0.000472132194225236
0.000973730734197137
0.00143306917694372
0.00131649788203962
0.00126483301716204
0.00117495602764494
0.00084780889935176
0.00036151190457123
0.000622727802649935
0.000845375569841798
0.00141773877323591
0.00167948595057516
0.00135775855560394
0.00124346175762745
0.000908704449163689
0.000610557722570495
0.000575295022265952
0.000843761383849932
0.00100412922011932
0.00133451803918617
0.00153706962790116
0.0016212524455422
0.00158805958884871
0.000907645054858142
0.000759105208426243
0.000471178182784654
0.000295223481268177
0.000777683147599749
0.00117357600378259
0.00143598963759435
0.00129940639208504
0.00140514340118007
0.00141896023766038
0.00130140838434627
0.00114063702466757
0.000619739496219311
0.000398173090528201
0.000358000608392798
0.000331490665630155
0.000630501320464701
0.000961077766744918
0.00116278686078208
0.00132815662862955
0.00145316650888941
0.0011911127963275
0.000989965958641122
0.00110292627175907
0.00106232941298607
0.000877804463786577
0.000571608019202476
0.0002901884113758
0.000236474072419983
0.000450245453999658
0.000711288761056762
0.000775035979771449
0.000704335355283571
0.000862059547026436
0.00101867108730116
0.00107236837155252
0.00105377368561542
0.000976515255095539
0.000804556842403845
0.000756016854651453
0.000864626930952817
0.000937971624677383
0.000907430965381237
0.000771647172792386
0.00060019292407207
0.000475764462772216
0.000437992059718928
0.000436307504730111
0.000473717985258004
0.000547680289302157
0.000611298595160063
0.000565428283899484
0.000516436314808517
0.000806113236438079
0.000950531486723827
0.0010058139635602
0.00101323694153932
0.000986762816239081
0.000940900034012683
0.000902155198045313
0.000888098865564178
0.000886413322521793
0.000883905511716366
0.000884461945646182
0.00090285063756071
0.000945524292851527
0.000953307680091966
0.000801730257755634
0.000568293726090797
0.0004051316553559
0.000355051631129902
0.000384720402728843
0.000436295966659169
0.000481062875814851
0.000517951215265514
0.000561941399741574
0.000635210663687625
0.000749632271295573
0.000892512473298185
0.00104186604733925
0.00118102297875661
0.00129029971565623
0.00134397836933272
0.00133195115243982
0.001273168445
0.00119658275758354
0.00112092872548247
0.00105367594061045
0.000995366486226039
0.000942208930934633
0.000888391079427798
0.000829492030068847
0.000764745331638649
0.00069654405513184
0.000629371437314878
0.000567944375291225
0.000517608702902283
0.000485765048019475
0.000484501276109787
0.000516538703032772
0.000563438485128815
0.00061316773253383
0.000664041852368869
0.000715613450183701
0.000766323302883225
0.000815136980106548
0.000861424748684079
0.000905449900561566
0.000948155998226847
0.00099045281580735
0.00103257298769859
0.00107346894092328
0.00111146571180708
0.00114512734513928
0.00117403097207094
0.0011986658875773
0.00122026393510077
0.0012402500662439
0.00125960964701593
0.00127715918938907
0.00118063863060795
0.000592533686152735
0.00124204156845769
0.00183776327923372
0.00111230856616934
0.00069235742215467
0.000868068610276322
0.00137159344640951
0.00171352816232557
0.00123270506872624
0.000611974987977703
0.000587529220527219
0.00125555344266009
0.00129937412306909
0.001530686678393
0.00100541987013447
0.000436980694883614
0.000490453073627767
0.00115426664274565
0.00130659542309473
0.00115130469478502
0.00127519716428944
0.000737200034402487
0.000476039128210569
0.000484914044368129
0.000959083753194172
0.00136801337584904
0.00120728477323215
0.00125537804881082
0.00115882158276622
0.000802642535565056
0.000433538849820672
0.000564029019343359
0.000800602383425476
0.00135456323770395
0.00159321407270142
0.00131727902754768
0.00132792100892958
0.000975547617349894
0.000611086095378493
0.000509635988254989
0.000761924666725973
0.000923536803585579
0.00135214261668465
0.00156937582003665
0.00162056000573885
0.00156011379646779
0.00101069018577412
0.000885678082330245
0.00058237960371528
0.000342771608953334
0.000754828777097116
0.00113381646837728
0.00138850835194755
0.00132830342353668
0.00152075629678465
0.00153411519139913
0.00137095574402925
0.001173096117947
0.000712474193562961
0.000473953369699851
0.000373752823386571
0.000350862852567378
0.000701964115484846
0.00105751779314702
0.00122882196078002
0.00136209141229752
0.0014642989812549
0.0012700660250238
0.001129362609592
0.00120542162147903
0.00115244556511422
0.000940997504483756
0.000593501500921271
0.000288772335557863
0.000229205252268422
0.000437801905192433
0.000693106201903454
0.000798013611253137
0.000821135657782801
0.00100782835160588
0.00116017126397791
0.00118064640144064
0.00112003736991932
0.00102032169197302
0.000859540997702963
0.000795290552869685
0.000853382622587956
0.000888455345376405
0.000837820266950417
0.000696354496109142
0.000533131374958262
0.000459573512984067
0.00049316099513944
0.000518765053372543
0.000548909281916618
0.000607535696412244
0.000666688779366168
0.000652660219659389
0.000639746214170678
0.000854179344873482
0.000969148390701333
0.00100978050518329
0.00100245208230594
0.000954024688843101
0.000878342567521069
0.000816495833814143
0.00080170881705392
0.000812235778935183
0.000820360307233719
0.000824520100245904
0.000838494515641914
0.000870973991212955
0.000874708088881036
0.000746349052300974
0.000560595907603688
0.00045232739935454
0.000439078865302132
0.000473285591790143
0.000508947671866645
0.000527215631831811
0.000533728792440047
0.000549983857310107
0.000600902411948471
0.000696464683493192
0.000821821081055995
0.000954474652706535
0.00107814177879281
0.00117512565553737
0.00122311745904832
0.00121365945503179
0.00116385360538732
0.00109995258087949
0.00103979698156195
0.000991310222559041
0.00095474800509661
0.000923909579923534
0.000889373578602773
0.00084415923540374
0.000786915470553408
0.000720730252059588
0.000651072516834993
0.00058344005496135
0.000523811959665285
0.000479873865754866
0.000463661814271239
0.000479994289335848
0.000514229469803817
0.000554789786524516
0.000598608531061725
0.000644050201841358
0.000688993471413598
0.000732322722392242
0.000773838870774111
0.000814702128447451
0.000857001348029059
0.000902513147421152
0.00095139582446186
0.00100139092899445
0.00104905125391306
0.0010914030427993
0.00112712519150313
0.00115636635443666
0.00118033568854605
0.00120056674507837
0.00121829074695918
0.00123293733761331
0.00128006495480538
0.000508637041904695
0.00126273437687375
0.00191409503736934
0.00122897472083769
0.000751641413204491
0.000918920163634239
0.00140762931698867
0.00182300300194027
0.00123725142808344
0.000577347458038614
0.000693413032590791
0.00133264622349713
0.00135720993062131
0.00153891899265765
0.000905126928502174
0.000421350685728309
0.00052159447232235
0.00123327935896862
0.00127875480574092
0.00111345921299029
0.00119213013425624
0.000636502194590554
0.00055415611670932
0.000498156127402197
0.000943246989090869
0.0012951984501876
0.00107898889934267
0.00124523743458769
0.00114140119650922
0.000751602305073382
0.000498894935386248
0.000493960376620478
0.000750025915667166
0.00128392355647278
0.00149595087672825
0.00127278840935467
0.00141226385968942
0.0010419816130889
0.000611647876662785
0.000428860794751034
0.000663846293820961
0.000829213247438259
0.00137064941291322
0.00160304042491344
0.00161982280158388
0.00152981391457727
0.00110989013222471
0.00100298128587192
0.000681059475297118
0.000387007378401998
0.000729721924363707
0.00108991339458787
0.00133612788139269
0.00135837999463003
0.00163483362366609
0.00164784558116269
0.0014412853072921
0.0012066797588279
0.000799431415437707
0.000543105230506717
0.000389817483827935
0.000370367070154988
0.000770770030958318
0.0011513083851295
0.0012954030812009
0.00139729917382619
0.00147605369648427
0.00134902061495629
0.0012608913811125
0.00130568769059126
0.0012411796116636
0.00100388656866798
0.000615945940569238
0.00028725771212455
0.000221207754263382
0.000424158995640972
0.000673217573651386
0.0008217605370006
0.000929448303784542
0.00114270833127996
0.00129386644164328
0.00128589821610187
0.00118649606380017
0.00106496224029752
0.000914429846248905
0.000835058507168787
0.000841251624720385
0.000832532841299435
0.000756741569613015
0.000606041462668216
0.000450942246582537
0.000441692081426792
0.000545779578615294
0.000594074331128388
0.000618974046536519
0.000665344404697363
0.00072097496347709
0.000734194025995191
0.000748995136646798
0.000902523011775286
0.000988575093862729
0.00101398456862153
0.000990846153206754
0.000917903942229409
0.000806458036556984
0.000714141955777828
0.000698130090781131
0.000725009544533388
0.000746821795651392
0.00075552598683691
0.000764077660547001
0.000783890434084781
0.000782439648348373
0.000682495538749408
0.000552286230219239
0.000497660192468142
0.000513615937599558
0.000552146311217513
0.000576288652605916
0.000572256634969124
0.000550022077497998
0.000536966525060801
0.000562097075911549
0.000635014353585087
0.000739204739902899
0.000851681993547532
0.000956581182095703
0.00103862591059075
0.00107974204585665
0.00107355445462449
0.00103491806920487
0.000986782184128752
0.000945845512505979
0.000920311840821165
0.000909532571717634
0.000904029071997733
0.000890417941688681
0.000859492887557135
0.000809842109964628
0.000745607462361097
0.000673398653876768
0.000599490457607278
0.000530333640350587
0.000473524107704958
0.000440403187414367
0.000437766600028229
0.000456067493476984
0.000485008160432455
0.00052001003417086
0.000557901508015422
0.000595776866531699
0.000632392560656907
0.000668138213675492
0.000705422884355159
0.000747892016770466
0.000798360641464528
0.000856600860640971
0.000918495573458786
0.000978267257085337
0.00103116110303742
0.00107496347904048
0.00110958244365446
0.00113630500009867
0.00115684249189375
0.00117272223510947
0.00118406484514906
0.00136691999590636
0.000414606536830874
0.0012818748662214
0.00198314764152448
0.00132930602619565
0.000803372985433211
0.000964264082560849
0.00144067071830971
0.00192019594074733
0.00124150843568677
0.000542798715458202
0.000779918668494982
0.00140122954729463
0.00140939650606878
0.00154661490343975
0.000799497440848357
0.000406115427412547
0.000549251024191511
0.00130316832998182
0.00125202911148615
0.00107668442378967
0.00110841369429708
0.000524545943599408
0.000618636783748347
0.000510286536046154
0.000928119057744648
0.00122282965124498
0.000942648871620563
0.00123563253139091
0.00112478552852466
0.000700257906110172
0.000553318383673825
0.000417535234608139
0.000699173223482648
0.00121380312846364
0.00139840160499662
0.00122951456928675
0.00148716719727794
0.00110076112749421
0.000612175308551385
0.000335687442653476
0.000556136518050071
0.000729547357343984
0.00138781521538734
0.00163404284748161
0.0016191297503774
0.00150078393295929
0.00119563004797536
0.00110188765664665
0.000762232990484745
0.000424393900698307
0.000705315171799507
0.00104698154473254
0.00128496183584722
0.0013860480594114
0.00173520970300408
0.00174798636258378
0.00150438000726412
0.00123740766131046
0.000873288624286236
0.000600877090620626
0.000404332051756984
0.00038780207138047
0.00083024583404168
0.00123295758514263
0.00135499050567614
0.00142959363682748
0.00148701483477827
0.00141921620407947
0.00137305294131004
0.00139334678739875
0.00131913374123536
0.00105958665032765
0.000636315727986301
0.000285827117086112
0.000213419613172379
0.000410926262151769
0.000653977374978969
0.00084346626131477
0.00102080831951352
0.00125632545706032
0.00140797618817491
0.00137749273068999
0.00124571972727957
0.0011052686935474
0.0009631619582289
0.000870774534171343
0.000829690585038071
0.000776320207047264
0.000671691630110513
0.000506711436075092
0.000356856310891802
0.000424202645671645
0.000590970448655002
0.000657021501035187
0.00067824887799615
0.000715422322818531
0.000768500393004982
0.0008033038565197
0.000838786305332595
0.00094570163901289
0.00100648855540002
0.00101791927222061
0.00097981486870948
0.000882615374084646
0.000732507581286233
0.000602312359393243
0.000584297061416403
0.000632168665707954
0.000670406499447923
0.000684382918546972
0.000686839464769446
0.000692144289614948
0.000684492886112847
0.000616494656977966
0.000544362096951693
0.000536781226574608
0.000574917316266838
0.000617134517031222
0.000633073592323792
0.000611565604188872
0.000564904636393654
0.000524439849357407
0.000523014573574523
0.000571277290328151
0.00065210046907679
0.000742225855245029
0.000826209402492547
0.000891510365743976
0.000924976403474858
0.000922710446102428
0.000897024378373381
0.0008670781183671
0.000848127519174634
0.000848196235480837
0.00086489236922834
0.000884940566003586
0.000891398206858687
0.000873656574708224
0.0008308097126328
0.000768250586347774
0.000693723837786465
0.000614190762768815
0.000536389755546942
0.000467478690139868
0.000417367654408005
0.000393982083557774
0.000393657947584949
0.000408717450933209
0.000433348621090249
0.000462549613613434
0.000492352184724559
0.000521314323771107
0.00055062026193102
0.000584398392744395
0.000628326334239755
0.000686230948563924
0.000756777427206678
0.000833116044743314
0.000906730021064238
0.000971152503813334
0.00102352770124209
0.001063746414752
0.00109331483095997
0.00111419245807043
0.00112822574070559
0.00113622552381024
0.00143383741140037
0.000318006172021291
0.00129726940391229
0.00203770923520055
0.00140580881193161
0.000843199955568168
0.000999708239554925
0.00146705582064807
0.0019959296387714
0.00124496801014336
0.000512915400876708
0.00084390315837123
0.00145474886093382
0.00145055090700545
0.00155286044796982
0.000701720060512195
0.000393259071103788
0.000570806259235828
0.001357482705322
0.00122981248298914
0.00104574894259254
0.00103517022223723
0.000411317884823485
0.000666602933818267
0.000519965995433962
0.000915601739732802
0.00116049981214811
0.000814795151184793
0.00122774694807995
0.00111105647697577
0.000655432364185922
0.000594006862189802
0.000342851799832822
0.000654802206398062
0.00115349089370694
0.00131352950503175
0.00119307666956007
0.00154554541724184
0.00114645101652989
0.000612604938984352
0.000233697089110263
0.000449629006191615
0.000636861504370042
0.00140165337085192
0.00165888762386784
0.00161856455029161
0.00147669628828336
0.0012612206129369
0.00117638018194863
0.000822500147977326
0.000452592406379801
0.000684775276903378
0.00101063471475919
0.00124169190909815
0.00140820111578571
0.00181292977234082
0.00182556205221392
0.00155392094362476
0.00126190378819692
0.000929163998279971
0.000644150858701324
0.000415789719070033
0.00040145536883024
0.00087574744619993
0.00129571741667935
0.00140169365060948
0.00145539021912879
0.00149589101186323
0.00147396883637185
0.00145811828223474
0.0014609206753389
0.0013794269242941
0.00110291443502486
0.000652450967974127
0.000284655565785389
0.000206853821622513
0.000399814925760997
0.000637863371851791
0.000860756045746029
0.00108963278394767
0.00134184791723363
0.00149456708492623
0.00144788042198246
0.00129199225164951
0.00113707018128549
0.00100113517442558
0.000898841074046931
0.000820145370196936
0.000727287727388617
0.000593406768404473
0.000408230059268783
0.000255712015136233
0.000409392689684834
0.000625398967110129
0.000704185514822955
0.00072298341584223
0.000753788679257049
0.00080517061830003
0.0008555220327532
0.000905420110737122
0.000979493872620653
0.00102085919743105
0.00102111565409394
0.000970729336658523
0.000852768111124543
0.000666176305923207
0.000492713418608777
0.000471589839218219
0.00054490344280939
0.000600965557469603
0.000620379321888646
0.000616758648084332
0.000607180301600384
0.000592790391786135
0.000556932903215547
0.000537815907060866
0.000566678252492418
0.000620425309647264
0.000665433835944365
0.000675844193666453
0.000641831777660097
0.000576752941189733
0.000514002182828166
0.000488847838902378
0.000513497925339809
0.000571350285647838
0.000639277468078804
0.000702244193273354
0.000750539862406568
0.000776307814813767
0.000778405771140269
0.000766471972937641
0.000755591166731539
0.000759217762743869
0.000784517503984193
0.000826719822743361
0.000869069320051768
0.000892196529470872
0.000885035225093205
0.000847518939087896
0.000786227087218377
0.00070986262484898
0.000625919167575103
0.000541276614088067
0.000462491957008072
0.000397602696874544
0.000354307620235206
0.000334268349677696
0.000333866284063295
0.000347043323971587
0.000366920796111884
0.000388159392040032
0.000409021245735114
0.000431768187925916
0.000462890510374508
0.000510541699684509
0.000578971447315343
0.000664394836161905
0.000756416962036639
0.000843937584086871
0.000919339484997022
0.000979600672605592
0.00102486492014191
0.001056976002754
0.00107817626968773
0.00109060947349901
0.00109568220833421
0.00147587908669747
0.000234383576706122
0.00130721969489028
0.00207254720043069
0.00145357238373158
0.000868210327101274
0.00102218009260961
0.00148402447311467
0.00204384826098353
0.00124722091114476
0.000492433304269025
0.000883169329804277
0.00148864367905825
0.00147679408715376
0.00155692342462471
0.000629764927607625
0.000384635975094402
0.000584446809937178
0.0013917911275044
0.00121509253560882
0.00102505380849577
0.000984429080026383
0.000316256191833935
0.000696130265413462
0.00052618778475851
0.000907338505848529
0.00111794410791864
0.000719188013670467
0.00122257256637411
0.00110200322612203
0.000624441411638454
0.000619123786858072
0.000283692467565407
0.000624142033848088
0.00111236248985133
0.00125504132707075
0.0011686809182725
0.00158248795839705
0.00117531536085073
0.000612885197893135
0.000129269872103161
0.000363658624586097
0.000568269097192462
0.00141061236725511
0.00167490513710981
0.00161819553565922
0.0014607599753152
0.00130225118985985
0.00122255602310338
0.000859560641523564
0.000470086219570019
0.000671029792140174
0.000986188743874885
0.00121261697708836
0.00142247442680549
0.00186190896417328
0.00187446515729759
0.00158542175508626
0.00127763920567592
0.000963888630209643
0.000670892000356384
0.000423100861897824
0.000410121842669214
0.000904212364505473
0.00133509070152937
0.00143135528639943
0.00147198392409558
0.00150165622682881
0.00150863467626329
0.00151106006184293
0.00150338908787736
0.00141739784936919
0.0011302991730687
0.000662770662193323
0.000283888282301591
0.000202453488385142
0.000392392848504847
0.000627122418932827
0.000871856237289988
0.00113230066427442
0.00139484336218152
0.00154847579085694
0.00149203279616413
0.00132132077029801
0.00115735591165508
0.00102516205838788
0.000916696841845452
0.000813854794195723
0.000693416508288628
0.000536180095231097
0.000328390189257964
0.000157951125602463
0.000399430112593508
0.000646883033256925
0.000733335396962952
0.000750745466079317
0.000777810484758111
0.000828230166854626
0.000887950280852794
0.00094638513566886
0.00100093504449062
0.00103013084483655
0.00102319655854233
0.00096475302852702
0.000832709866321832
0.00061906002938124
0.000405503583289102
0.000380422494878919
0.000479453544701254
0.000550940542756267
0.000574772619011749
0.000566358578357766
0.000544621132799136
0.000524356014431854
0.00051434996350277
0.000533499863281679
0.000585369146204435
0.000648408131929029
0.000695151306419767
0.000702357325956336
0.000660839388750053
0.000584356814026391
0.000507073610848788
0.000465195568154814
0.00047198538778355
0.000511818354519729
0.000562001653850005
0.000607845242119102
0.000642045031898161
0.000661488553810177
0.0006676005479869
0.000667629674966459
0.000672933659886218
0.000695078842000684
0.000740004511851137
0.000800823662366635
0.000858551867173813
0.000892717212493412
0.000892383860329872
0.000858249669239956
0.000797741956100851
0.000720201436120543
0.000633457228117384
0.00054444262641549
0.000459207890904256
0.000384153939583619
0.00032581655714419
0.000288995043369397
0.000274203026718
0.000276546921520592
0.000287849936071559
0.000301308395420353
0.000314817836190814
0.000331986152468888
0.000362227233145914
0.00041605096590366
0.000496621388073635
0.000596427705713177
0.00070184883226534
0.000800299814012611
0.000883884267292622
0.00094983425909229
0.000998670682124024
0.00103256797751766
0.00105400478620789
0.00106534105899598
0.00106838992936969
0.0014902025426485
0.000197213731656944
0.00131065772158211
0.00208451008509868
0.00146979740683685
0.000876729433987567
0.00102986977438573
0.0014898724103258
0.00206022948907219
0.00124800238396641
0.000485117670673858
0.000896404010234099
0.00150023607683295
0.00148579980781344
0.00155833200326435
0.000602768927422221
0.000381595619383391
0.00058911023557276
0.00140351012202565
0.00120993845528952
0.00101776801740289
0.000966183627990494
0.000275676307781867
0.000706096178842301
0.000528331447949979
0.000904451052663803
0.00110278053165292
0.000682859433591007
0.00122077039130864
0.00109884161475525
0.000613312104637254
0.000627611680893128
0.000260016442004037
0.000613135276762362
0.0010977182869181
0.00123408024220259
0.00116008834425466
0.00159511781309369
0.00118517538859809
0.000612982500813569
5.95559183530268e-05
0.000328580437069913
0.000542421675970248
0.00141371051125544
0.00168043224219266
0.0016180673585329
0.0014551845213841
0.00131620174921185
0.00123818990993899
0.000872063218871752
0.000476011368014368
0.000666189686444808
0.000977555734569479
0.00120235488094651
0.00142739810445528
0.00187862052611985
0.00189115319517914
0.00159621643831939
0.00128305891111058
0.000975659269609361
0.000679933093795994
0.000425610613485836
0.000413089141893658
0.0009138907264339
0.00134849596709647
0.0014415138791927
0.00147770326337869
0.00150365329348128
0.00152048910028813
0.00152901774673355
0.00151786024536635
0.00143034920563153
0.00113965585419763
0.000666317262807901
0.000283621321914013
0.000200902721401585
0.000389782124994548
0.000623348826640221
0.000875678374744182
0.00114674770173333
0.00141278347590029
0.00156676419018612
0.00150706415673
0.00133135531251145
0.0011643183867339
0.00103337581757265
0.000922817258065422
0.000811658693963581
0.000681259283573464
0.000514819376553031
0.000295660344878557
0.000104421582368814
0.000395911498789338
0.000654179321430187
0.000743191603754947
0.000760149949665263
0.000785981424930361
0.000836089884432799
0.000898938850385415
0.000960203345856452
0.00100827481872116
0.0010333313914714
0.00102391825967252
0.00096266879847965
0.00082562971125063
0.00060183436090027
0.000370443338092007
0.000343139602001204
0.000454523424789573
0.000532468623424636
0.000558062274437274
0.000547770972830241
0.000521140559046837
0.000498395425588454
0.00049871112883413
0.000531992724893293
0.000591722315548909
0.000657848045091819
0.000705179143217643
0.00071133408092489
0.000667314009366481
0.000586974566425889
0.000504645088175235
0.000456694725857222
0.000456686262748541
0.000489452015174915
0.000532547087112375
0.000571423946798872
0.000599791147177338
0.000616630433777617
0.000624535759405875
0.000629682585452583
0.000641741028105152
0.000671371603038231
0.00072390523338029
0.000791631855456325
0.000854868921689975
0.000892897972773458
0.000894921897051662
0.000861945158798465
0.000801702335512244
0.000723757515757847
0.000636054268827667
0.000545537872309089
0.00045806183825293
0.000379371711047356
0.000315320007899137
0.000271511337301199
0.000250175134527136
0.000247408064243062
0.000254709466920612
0.000264556815133649
0.000274643019362843
0.000289391966804089
0.000319941339857451
0.000377744721951212
0.000464619179522409
0.000570933116951428
0.000681876625533982
0.000784576944848112
0.000871233298377543
0.000939275822708133
0.000989411288254722
0.00102395504966848
0.00104547938144309
0.00105642403965373
0.00105874683655549
