2.5e-07
2.55e-07
2.6e-07
2.65e-07
2.7e-07
2.75e-07
2.8e-07
2.85e-07
2.9e-07
2.95e-07
3e-07
3.05e-07
3.1e-07
3.15e-07
3.2e-07
3.25e-07
3.3e-07
3.35e-07
3.4e-07
3.45e-07
3.5e-07
3.55e-07
3.6e-07
3.65e-07
3.7e-07
3.75e-07
3.8e-07
3.85e-07
3.9e-07
3.95e-07
4e-07
4.05e-07
4.1e-07
4.15e-07
4.2e-07
4.25e-07
4.3e-07
4.35e-07
4.4e-07
4.45e-07
4.5e-07
4.55e-07
4.6e-07
4.65e-07
4.7e-07
4.75e-07
4.8e-07
4.85e-07
4.9e-07
4.95e-07
5e-07
5.05e-07
5.1e-07
5.15e-07
5.2e-07
5.25e-07
5.3e-07
5.35e-07
5.4e-07
5.45e-07
5.5e-07
5.55e-07
5.6e-07
5.65e-07
5.7e-07
5.75e-07
5.8e-07
5.85e-07
5.9e-07
5.95e-07
6e-07
6.05e-07
6.1e-07
6.15e-07
6.2e-07
6.25e-07
6.3e-07
6.35e-07
6.4e-07
6.45e-07
6.5e-07
6.55e-07
6.6e-07
6.65e-07
6.7e-07
6.75e-07
6.8e-07
6.85e-07
6.9e-07
6.95e-07
7e-07
7.05e-07
7.1e-07
7.15e-07
7.2e-07
7.25e-07
7.3e-07
7.35e-07
7.4e-07
7.45e-07
7.5e-07
