0.00086217987120468
0.0013718780247557
0.00163784144878823
0.000311360129285286
0.00134213940560147
0.0013458667233073
0.000290385456988718
0.000678771258482539
0.00157867220305529
0.00121276986373241
0.000275148116200095
0.000975734035020382
0.0014537033425946
0.0010849796104812
0.000123096767958732
0.000817622614925874
0.00158726229950016
0.00118739027726748
0.000921644763114208
0.000533526862594359
0.00112183807994485
0.00163903077510521
0.00143518458658565
0.000654563367860314
0.000477110044406191
0.00127749644964283
0.00136177524121989
0.00149518634444639
0.00151456888286218
0.000347979423239887
0.000171590448774267
0.00093179510151594
0.00154530610409754
0.0013456006788891
0.00121400127995378
0.00105209272955408
0.000262689185565708
0.000364823241788866
0.00066988429246338
0.00106675827887944
0.00138036149889709
0.00152548551134456
0.000729347127290532
0.000802947817881957
0.000470312143987787
0.000151391380896583
0.000603678618565333
0.00102369674482185
0.000630335104732714
0.000800860870553316
0.000958648709798712
0.00088416221548238
0.00059610235344383
0.000820021086249299
0.00088224376850988
0.000629448224127796
0.000330585921646206
0.000311601794328155
0.000521681898253329
0.00061564541818916
0.000279181456065177
0.000921940114200815
0.00103920527310613
0.00103264771502937
0.000991760181253203
0.000935805507818855
0.000872671222900929
0.000838433664377844
0.00088117304421477
0.000734831817656182
0.000264398607747405
0.000166749294167006
0.000383321875834259
0.000537494387661004
0.000658232458052863
0.000835611126185064
0.00107063082504788
0.00129963991968969
0.00145870667710412
0.00144303627691189
0.0012894977010041
0.00111129321592911
0.000944356756815168
0.00078896296957484
0.000645435512395845
0.000521398569385952
0.000430671153357223
0.0004004087541962
0.000517658765900742
0.000697093320654547
0.000821269304915109
0.000917509208062953
0.00100017330884223
0.0010704905654314
0.00112768810604822
0.00117174072546925
0.00120400640970005
0.00122711131103161
0.0012454113195488
0.00126514886700828
0.00129203040307983
0.000887197105842618
0.00135937971401659
0.00165457586576438
0.000344610136337266
0.00134830299375081
0.00137559694835389
0.00030251676844255
0.000715157211304776
0.0015814623749976
0.00121192914838424
0.0002908973600819
0.00100271584004802
0.00144687221028886
0.00107560625520711
0.000185670274267348
0.00082308235004123
0.00157785349923457
0.00117951031609925
0.00091433081493621
0.000541793630857111
0.0011094022388675
0.00162695084797687
0.00142406530165168
0.000673848018496423
0.000470791482547896
0.00126189984832826
0.00135511213277741
0.00150087569427866
0.00150992849616311
0.000386855324738791
0.000189582251398584
0.000928209671965462
0.0015369946218166
0.00135107891472566
0.00123925213449345
0.00106172099026593
0.000288779209118556
0.000362038791716476
0.000669165245950883
0.00108383480445441
0.0013872940254076
0.00152672374595478
0.000764698782689761
0.000826910285335222
0.000490078853331492
0.000161593795403882
0.000602569538469614
0.00102135743753907
0.000662966773179689
0.000839981153361187
0.000981607194015965
0.000896082892394336
0.000609987515428134
0.000816993176297226
0.000871884880582682
0.000620839709874639
0.000346217727407944
0.00034432562992982
0.000538600944605539
0.000630525588155444
0.000331881712464916
0.000928088608354871
0.00104005986048024
0.00102821981714033
0.000979946736478162
0.000922911613371152
0.000862851667102762
0.000829809319967638
0.000871433425164627
0.000728745755284045
0.000281261107129852
0.000209323512888408
0.000402647408176695
0.000544455265652666
0.000656483643379594
0.000828062495051282
0.00105870400150787
0.00128398843760946
0.00144040209708349
0.00142492560976001
0.00127413653698312
0.00110009594615352
0.000938775670825291
0.000789347051810341
0.000649825141189701
0.000526869453391878
0.000434733926804653
0.000401224037632175
0.000513280289963882
0.000688739609810509
0.000810881297028115
0.00090567420288532
0.000986970768540535
0.00105613480305879
0.00111297242140607
0.00115803999906411
0.00119246530148619
0.00121785907705835
0.00123774778430706
0.00125808197688698
0.00128460107075897
0.00095558033360506
0.00132273285341636
0.00170184190655859
0.000426096777174352
0.00136589500758976
0.00145781934386208
0.000335002830309801
0.00081085792432853
0.00158946899977749
0.00120950514122779
0.000332099960604365
0.00107663681307002
0.00142702012375859
0.00104814869279264
0.000300174959382584
0.000838604527682322
0.00155044307812244
0.00115652104501929
0.000892936610957245
0.000564921603881394
0.00107278982913361
0.00159165611677238
0.00139155245081217
0.000726522606464112
0.000452104969768136
0.0012158743498333
0.00133574085269089
0.0015171383682738
0.00149648667211682
0.000481573967837572
0.000233777888830549
0.000917807614151102
0.00151280764527884
0.00136673023207251
0.00130924191672145
0.00108896910709799
0.000353300888751683
0.000353898950439658
0.000667090505304817
0.00113156631311925
0.00140706468653867
0.00153028350456926
0.000858396591031898
0.000892320696267958
0.000542990670994962
0.000187901624881198
0.000599364607534735
0.0010145915468879
0.000749027690017579
0.000943608321341786
0.00104489992928254
0.000929553697674811
0.000648309434589293
0.000808211302686546
0.000841345617476726
0.000595357684216138
0.000387723665508518
0.000424693527404743
0.000584588912093649
0.000671532306361
0.0004504118655018
0.000945569224123919
0.0010425166341855
0.00101536235234301
0.000945106920632055
0.000884736234499882
0.000833931851091675
0.000804460282685991
0.00084276088928053
0.000710930706539149
0.000324963953846636
0.000299863614435311
0.000453718755457085
0.000564018711214987
0.000651421911224449
0.000805932289753172
0.00102358620409988
0.00123781696628441
0.00138634698226555
0.00137144292601243
0.00122883381910504
0.00106719873151048
0.000922517013421345
0.000790451930200448
0.000662302101421873
0.000542314078053486
0.000446225667826648
0.000403562353858614
0.000500459067782493
0.000664099424828795
0.000780198113424687
0.000870698660581998
0.000947929121309505
0.00101366415763356
0.00106946999137858
0.00111765270099989
0.00115859209080309
0.00119081690305392
0.00121541166591388
0.00123750830486523
0.00126296509960441
0.00105176045810554
0.00126452823003587
0.00177181361090832
0.000527045724882609
0.00139241648647225
0.00157548989476815
0.000379416953917674
0.000938742756496917
0.00160165822670385
0.00120578189466096
0.000386804526306994
0.0011809491079247
0.00139605749708547
0.00100462668570069
0.00041873320161747
0.00086184379141852
0.00150748144042111
0.00112038482213749
0.000859126009925589
0.000598624998121454
0.00101413574081956
0.00153600914688611
0.00134021082149398
0.000800529836466204
0.000421873124687126
0.00114176608971329
0.00130550491516085
0.00154172152175798
0.00147565512153319
0.000598278923671755
0.000288649463534389
0.000901637990464653
0.00147498192368231
0.00139036773617566
0.00140974850944656
0.00112944126889051
0.000433927446359083
0.000341051368452522
0.000663899241879533
0.00120102131482961
0.00143682751355688
0.00153572136604603
0.000984807351497989
0.000984138307147944
0.000615292838954964
0.000222247069010655
0.000594420851557378
0.00100413717690617
0.00086441780984512
0.00108331439960456
0.00113504469210516
0.000978615948872701
0.000702981501485124
0.000794568446263229
0.000792276679282109
0.000554048319301991
0.000443848567868323
0.000524456392337218
0.000648753819500723
0.000729903175790609
0.000587311134703552
0.000971741320525714
0.00104626944020322
0.000995341465624526
0.000889085015687419
0.000822819764038895
0.00078756695491487
0.000763993621263422
0.000796833289459132
0.000682735378631275
0.000382351105599697
0.00040068731666851
0.000522367497012285
0.000592740523209487
0.000643589673632941
0.000770795394989148
0.00096731279053953
0.00116352969827283
0.00129917450577508
0.00128519283815874
0.00115598741891048
0.00101473066532963
0.000897035886796652
0.000792141712880637
0.000680974633431781
0.000565158521990862
0.000463279447054508
0.000407118812365083
0.000480152205916892
0.000624465437378306
0.000730693823765918
0.000814203955645049
0.000884778532908229
0.000944899826380618
0.000999153227181985
0.00105277475320688
0.00110468246523592
0.00114815112582732
0.00118037119051943
0.00120530662752481
0.00122907832583833
0.00115889211007838
0.00118924555062584
0.00185404362216372
0.000629131897675902
0.0014242755880553
0.00170880347176319
0.000427644987206884
0.00107503710068281
0.00161648500392452
0.00120119889554319
0.00044481444171939
0.00129750410887384
0.00135711179398032
0.000948515647800166
0.000529046896312495
0.000889522176381689
0.00145304745468356
0.00107439856990522
0.000815739529776635
0.00063753963292304
0.000937185805543997
0.00146486387919392
0.00127440929631479
0.000882881016858001
0.000381530586642482
0.00104369690093267
0.0012674303240306
0.00157135206681149
0.00144969268404806
0.000715911459470756
0.000344213701391816
0.00088139797992034
0.001427213330549
0.00141882571280425
0.00152401248957826
0.00117718893688436
0.000515899566602651
0.000324597741337966
0.000659963503209121
0.00128108810553877
0.00147251567754585
0.00154236570729631
0.00112056384369419
0.00108622079337284
0.000693769022262791
0.000258212515649253
0.000588299701636601
0.000991162409966922
0.000987722844538724
0.00123326141458136
0.00123668200378378
0.00103563024321927
0.000764727149433131
0.000777506135040166
0.000727579138606467
0.000498723557280807
0.000504235187965802
0.000625466932703636
0.000719692861612466
0.000795678886205562
0.000720556087315822
0.00100291381544443
0.0010508546351344
0.000970218144971744
0.00081512243744612
0.00073982458811556
0.000726662934808948
0.000711216323059414
0.0007365941531962
0.000646471422859536
0.000442701198566006
0.000497185549023913
0.00059587261191848
0.000626176387800216
0.000633849851921697
0.000725372847377488
0.000893455735627222
0.00106535170838919
0.00118350490878969
0.00117074542923118
0.00105981171175033
0.00094640477215388
0.000864753838003155
0.00079420962815532
0.000703203059341593
0.000591978634295631
0.000483377999375048
0.000411439472156165
0.000454003371484763
0.000572109492425022
0.000664953410895496
0.000739028159225665
0.000800538028951027
0.000853010557303773
0.000905469727050628
0.000967265275731818
0.00103472369537858
0.0010935427201486
0.00113591240853929
0.00116459002785366
0.00118618867292899
0.00126295726828521
0.00110350485678056
0.00193772209348597
0.000722088346102932
0.0014574146178531
0.00184009506687693
0.000473604515747476
0.00120323989336029
0.00163211540135928
0.00119630248622987
0.000499197462959836
0.00141100405927593
0.00131439982606983
0.000884904325928238
0.000625422840553288
0.000918060836804688
0.00139278535764484
0.00102319351571
0.000766877359511175
0.000676497556342108
0.00084765949171229
0.00138514491993414
0.0012004297291048
0.000962811913756749
0.000333277895820842
0.000928020277666414
0.00122561376157651
0.00160228252049899
0.00142154334115361
0.000822825683994903
0.000394847330936031
0.000859335581686741
0.00137455698286339
0.00144849611328557
0.0016368723700088
0.00122596015563637
0.000590769443664676
0.00030611836683229
0.000655749233569283
0.00136113026908946
0.00150956783847674
0.00154940517323049
0.00124892925591909
0.00118523703196681
0.000768530174333449
0.000291654993233188
0.000581714970662857
0.000977165751820703
0.00110391643423261
0.00137498740681534
0.00133637896430016
0.00109304211003444
0.000825377683899129
0.000758927604830146
0.000651712980576884
0.000432137524618198
0.000561408030607598
0.000717508041412362
0.000788203179567322
0.000860169246304941
0.000839435423363859
0.00103505628180963
0.00105571222524237
0.000942747409025107
0.000728208457938162
0.00063978522823116
0.000655665834485455
0.000650364771504734
0.000666536083446603
0.0006054993706729
0.000498970813819239
0.000582578045060665
0.000665233580871278
0.000659899999428657
0.0006233178158676
0.000673679810907976
0.000807472761370212
0.000949791203781899
0.00104646231515426
0.00103514746388382
0.000946793612444084
0.000867805321685368
0.000829020482363421
0.000796404360213216
0.000726111053158896
0.000619245492626025
0.00050388670284554
0.000415988136133959
0.000424410539737272
0.00051052998266022
0.000586961902772004
0.000649540923778533
0.000699841251958946
0.000742842927777721
0.000793720561597395
0.000867054758868463
0.00095466088273465
0.00103226160000312
0.00108660428861597
0.00111963521785439
0.00113877365241371
0.00135347402009804
0.00101636425756824
0.00201318682507799
0.000799650753850766
0.00148788260533626
0.00195545154676325
0.000513053844639594
0.00131234638946519
0.00164666796170351
0.00119168303156587
0.000545380833012652
0.00150990349768764
0.00127295828249186
0.000820647806641793
0.000704064523922905
0.000944092517470171
0.00133367824635953
0.000972622798380525
0.000717937576701605
0.000711163721591951
0.000753904866143553
0.00130580570318435
0.0011264925845308
0.00103229726926296
0.000280468912810858
0.000804297863454402
0.00118497495135084
0.00163081309251469
0.00139457388160447
0.000911939501026921
0.000437114371960701
0.000838074564182259
0.00132316783321157
0.00147583364635726
0.00173625296665033
0.00127008445249047
0.000653351260567332
0.000287673621089196
0.000651764282180644
0.00143227446563483
0.00154357512802809
0.00155599108344053
0.0013585441084193
0.00127127267976038
0.000832687701027956
0.000319910266530975
0.00057545868424478
0.000963827971900356
0.00120291718809581
0.00149597927699696
0.00142371509145283
0.00114436964290017
0.000878562998724838
0.000741045129261159
0.000571313290107498
0.00035846685571834
0.000610270882817631
0.000794337564221673
0.000847549732475451
0.000916644629184574
0.0009375065525206
0.00106437607719542
0.00106025658460888
0.000916183001841928
0.000635798695438115
0.00052880355081152
0.000581098097452467
0.000587466374245702
0.000593209917203881
0.000564293532857387
0.00054659295302997
0.000652717644166419
0.000724383934677232
0.000690089523199538
0.00061325611807154
0.000621196196383216
0.000717343277056899
0.000826605247132133
0.000898839724150719
0.000889075081641744
0.000826626938980735
0.000786822563187396
0.000793977819789761
0.000798461235837866
0.000746997558770659
0.000643816378031251
0.000522425356889603
0.000420217611804624
0.000394584878971284
0.00044496410196534
0.000502766198026027
0.00055239293116727
0.000589750677358605
0.000621777246549756
0.000671982577988029
0.000760954261124323
0.00087275837309176
0.000971158423683952
0.00103813762695698
0.00107568066250204
0.00109234402464196
0.00142301026360951
0.000939364544312638
0.00207267430860498
0.000857706278823322
0.00151226622897686
0.00204468137393512
0.000543097206864591
0.00139499119544625
0.0016584368393199
0.00118790392648479
0.000580316819290301
0.00158597053584893
0.00123814897751481
0.000764278691293514
0.000762193769157996
0.000964794200076105
0.00128348128912316
0.000929363400415913
0.000675422885148401
0.000738220365983623
0.000667806731405342
0.00123736956473304
0.00106241816893878
0.0010856567475481
0.000228562553139577
0.000687149490426858
0.0011507845555489
0.0016537072790796
0.00137219604617448
0.000978599937433352
0.000468759411283929
0.000820334824559244
0.00127974912323526
0.00149775026832178
0.00181324317938558
0.00130495148573316
0.000700242372608157
0.000271712497083683
0.000648497602637654
0.00148775670813421
0.00157075346489433
0.0015613394126582
0.00144174994593037
0.00133732053334768
0.000881541386620646
0.000341217405304462
0.000570307735589892
0.000952816783251816
0.00127796143563872
0.00158780585132106
0.00149113220490068
0.00118456784445567
0.000919647112310696
0.000726141439120597
0.000496224509612805
0.000284635301069002
0.000647381232982744
0.000851858017029623
0.000893016165135487
0.000960229339145397
0.00101043656722337
0.00108769318749022
0.00106394681923307
0.000893943633290207
0.000549076547317676
0.000417022007581057
0.00051234204889872
0.000530703917247003
0.000525923359966406
0.000528329744533843
0.000582541546120112
0.000704749928331109
0.000769245849972462
0.00071375610069817
0.000604929936385769
0.000574876856092421
0.00063446567649995
0.000710553834221997
0.00075750200721212
0.000749212541767185
0.00071385324398769
0.000714041270910476
0.000764222821215959
0.000800134104049967
0.000763601814192835
0.000663173525063443
0.000537064942960333
0.000423634270568923
0.000368488926609653
0.000383304172244338
0.000421874646993494
0.000458202874556949
0.00048173571044043
0.000501923900357445
0.000553264578703869
0.000661995852298699
0.000799809285973897
0.000918343506010935
0.000996885330553365
0.00103847298926175
0.00105298060589821
0.00146661967793346
0.00088550253627052
0.00211059787001277
0.000893567220853988
0.00152797164767661
0.0021008789103454
0.000561840793490981
0.00144638901127526
0.00166607359013166
0.00118543079279682
0.00060202717587002
0.00163371059614447
0.00121489099561513
0.000725126736458947
0.000797853932268964
0.000978069960381244
0.00124963046256876
0.00090000703987311
0.000646166407226911
0.000755357788632274
0.000605037618994596
0.00119058119087009
0.00101842457044381
0.00111911327360933
0.000187069838154037
0.000598442670241519
0.00112790949390355
0.00166848096893338
0.00135739098473321
0.0010197618750302
0.000488309386483583
0.00080854613093404
0.00125059678655517
0.00151188397693207
0.00186177855053772
0.00132721536879298
0.000729223879730765
0.000260768214103011
0.00064635652430075
0.00152288031710888
0.0015882420365456
0.00156482042721032
0.00149356064016103
0.00137872470562772
0.000912017983720613
0.000354434456003708
0.000566920450634448
0.000945560582007412
0.00132465201809855
0.00164497895050144
0.00153353788064163
0.00121008532960985
0.000945500483966296
0.000716246500362897
0.00044036117789726
0.000223665109958532
0.000670496373474287
0.000887393111293062
0.000921483092522726
0.000987640372262787
0.00105532337882626
0.00110264643597343
0.00106634856089716
0.000879124526842219
0.000484165818606189
0.000323882252290032
0.000461978038345052
0.000490121910034033
0.000476912028119514
0.000503472355362956
0.000604854043444936
0.000736732187227525
0.000797166827861008
0.000728788955451085
0.000599433032401594
0.000542515216032699
0.000573952305571912
0.000623258602375018
0.000648852097850366
0.000641686947584969
0.000629440302215085
0.000662236346298174
0.000744160198066077
0.000801224107362978
0.000774247434651642
0.000675508891638522
0.000546408741208813
0.000425849551224918
0.000350409348468638
0.000337028017227117
0.000359386750031236
0.000384474017353138
0.000395635710960038
0.000404996177746097
0.000459521648779664
0.000588497603292164
0.000748369582193853
0.00088216719506994
0.000969013055822776
0.00101345088359928
0.00102647410499239
0.00148146476637295
0.000866013067922929
0.00212361014621373
0.000905689457895106
0.0015333884488265
0.00212004762289644
0.000568205736321967
0.00146381712911032
0.00166871762936922
0.00118457067448012
0.00060938617373632
0.00164996741202363
0.00120670871210162
0.000711025207013234
0.000809871306876501
0.000982638622236762
0.00123765760636041
0.000889585064541997
0.000635690801879943
0.000761219294405112
0.000581655542729904
0.00117389554562746
0.00100269426620459
0.00113050098127138
0.00017031074514931
0.000564382563450092
0.00111985575465694
0.00167358130628613
0.00135221131781486
0.00103367385816077
0.00049491838202142
0.000804411542538345
0.00124031199086118
0.00151676175013786
0.00187834132051643
0.00133486066117426
0.000739023200025197
0.000256858230244548
0.000645611274379171
0.00153489058829176
0.00159427087157243
0.00156602756059871
0.00151113876993426
0.00139281629645108
0.000922366831759469
0.000358910835871477
0.00056573931410684
0.000943027467311451
0.00134048706339691
0.00166437554404379
0.00154799346442672
0.00121882247751415
0.000954315418704602
0.000712777887917989
0.000419222071118741
0.000198148832729977
0.000678339922179953
0.000899405912349212
0.000931165970367492
0.000996983821987449
0.00107047214795866
0.00110779242349378
0.00106718141244031
0.000873919116795345
0.000459482196740276
0.000284488331886873
0.000443149685836856
0.000475217828620149
0.000458666941482021
0.000494547255800219
0.000612412932976396
0.000747519445660011
0.000806637605285195
0.000733937777415356
0.000597512146758936
0.000530814752181144
0.000551384664583115
0.000589926836563819
0.000606582291481547
0.000599851177849199
0.000597339675589371
0.000643269350529842
0.000737064770815174
0.000801602314780124
0.000777910536967664
0.00067974055009429
0.000549616645717928
0.000426616218884649
0.000343908083135262
0.000319391666792757
0.000334968719094123
0.000355306747629889
0.000360960200049549
0.000365366357979925
0.000422122366127488
0.00056072251674943
0.000729656831807151
0.000869251127102714
0.000959143641511388
0.00100461500005903
0.0010171068954312
