  -1.0117320e-06   1.5039674e-06
  -1.0097066e-06   1.5038996e-06
  -1.0076811e-06   1.5038318e-06
  -1.0056556e-06   1.5037640e-06
  -1.0036301e-06   1.5036961e-06
  -1.0016046e-06   1.5036058e-06
  -9.9957911e-07   1.5034928e-06
  -9.9755362e-07   1.5033967e-06
  -9.9552813e-07   1.5033515e-06
  -9.9350264e-07   1.5033063e-06
  -9.9147715e-07   1.5032611e-06
  -9.8945166e-07   1.5032158e-06
  -9.8742617e-07   1.5031368e-06
  -9.8540069e-07   1.5030464e-06
  -9.8337520e-07   1.5030464e-06
  -9.8134971e-07   1.5031368e-06
  -9.7932422e-07   1.5032272e-06
  -9.7729873e-07   1.5033177e-06
  -9.7527324e-07   1.5034081e-06
  -9.7324775e-07   1.5035211e-06
  -9.7122226e-07   1.5036341e-06
  -9.6919677e-07   1.5037641e-06
  -9.6717128e-07   1.5038998e-06
  -9.6514579e-07   1.5040354e-06
  -9.6312030e-07   1.5041710e-06
  -9.6109481e-07   1.5043291e-06
  -9.5906932e-07   1.5045552e-06
  -9.5704383e-07   1.5047813e-06
  -9.5501834e-07   1.5050300e-06
  -9.5299285e-07   1.5052786e-06
  -9.5096736e-07   1.5055273e-06
  -9.4894187e-07   1.5057760e-06
  -9.4691638e-07   1.5060021e-06
  -9.4489089e-07   1.5062055e-06
  -9.4286540e-07   1.5063807e-06
  -9.4083991e-07   1.5064711e-06
  -9.3881442e-07   1.5065615e-06
  -9.3678894e-07   1.5066519e-06
  -9.3476345e-07   1.5067423e-06
  -9.3273796e-07   1.5068497e-06
  -9.3071247e-07   1.5069627e-06
  -9.2868698e-07   1.5070531e-06
  -9.2666149e-07   1.5071209e-06
  -9.2463600e-07   1.5071887e-06
  -9.2261051e-07   1.5072566e-06
  -9.2058502e-07   1.5073244e-06
  -9.1855953e-07   1.5073019e-06
  -9.1653404e-07   1.5072793e-06
  -9.1450855e-07   1.5072228e-06
  -9.1248306e-07   1.5071549e-06
  -9.1045757e-07   1.5070871e-06
  -9.0843208e-07   1.5070193e-06
  -9.0640659e-07   1.5069683e-06
  -9.0438110e-07   1.5069683e-06
  -9.0235561e-07   1.5069683e-06
  -9.0033012e-07   1.5069231e-06
  -8.9830463e-07   1.5068779e-06
  -8.9627914e-07   1.5068327e-06
  -8.9425365e-07   1.5067875e-06
  -8.9222816e-07   1.5066857e-06
  -8.9020267e-07   1.5065275e-06
  -8.8817719e-07   1.5063806e-06
  -8.8615170e-07   1.5062675e-06
  -8.8412621e-07   1.5061545e-06
  -8.8210072e-07   1.5060414e-06
  -8.8007523e-07   1.5059284e-06
  -8.7804974e-07   1.5057983e-06
  -8.7602425e-07   1.5056627e-06
  -8.7399876e-07   1.5055725e-06
  -8.7197327e-07   1.5055273e-06
  -8.6994778e-07   1.5054822e-06
  -8.6792229e-07   1.5054370e-06
  -8.6589680e-07   1.5053918e-06
  -8.6387131e-07   1.5053240e-06
  -8.6184582e-07   1.5052563e-06
  -8.5982033e-07   1.5051376e-06
  -8.5779484e-07   1.5050020e-06
  -8.5576935e-07   1.5048663e-06
  -8.5374386e-07   1.5047307e-06
  -8.5171837e-07   1.5046455e-06
  -8.4969288e-07   1.5047133e-06
  -8.4766739e-07   1.5047811e-06
  -8.4564190e-07   1.5046907e-06
  -8.4361641e-07   1.5046003e-06
  -8.4159092e-07   1.5045098e-06
  -8.3956543e-07   1.5044194e-06
  -8.3753995e-07   1.5043854e-06
  -8.3551446e-07   1.5044080e-06
  -8.3348897e-07   1.5044022e-06
  -8.3146348e-07   1.5043118e-06
  -8.2943799e-07   1.5042213e-06
  -8.2741250e-07   1.5041309e-06
  -8.2538701e-07   1.5040404e-06
  -8.2336152e-07   1.5040687e-06
  -8.2133603e-07   1.5041366e-06
  -8.1931054e-07   1.5041703e-06
  -8.1728505e-07   1.5041703e-06
  -8.1525956e-07   1.5041703e-06
  -8.1323407e-07   1.5041703e-06
  -8.1120858e-07   1.5041703e-06
  -8.0918309e-07   1.5041250e-06
  -8.0715760e-07   1.5040798e-06
  -8.0513211e-07   1.5040857e-06
  -8.0310662e-07   1.5041083e-06
  -8.0108113e-07   1.5041309e-06
  -7.9905564e-07   1.5041535e-06
  -7.9703015e-07   1.5041873e-06
  -7.9500466e-07   1.5042551e-06
  -7.9297917e-07   1.5043229e-06
  -7.9095368e-07   1.5044811e-06
  -7.8892820e-07   1.5046393e-06
  -7.8690271e-07   1.5047976e-06
  -7.8487722e-07   1.5049559e-06
  -7.8285173e-07   1.5050240e-06
  -7.8082624e-07   1.5050014e-06
  -7.7880075e-07   1.5050637e-06
  -7.7677526e-07   1.5053802e-06
  -7.7474977e-07   1.5056968e-06
  -7.7272428e-07   1.5060133e-06
  -7.7069879e-07   1.5063298e-06
  -7.6867330e-07   1.5064939e-06
  -7.6664781e-07   1.5066069e-06
  -7.6462232e-07   1.5067993e-06
  -7.6259683e-07   1.5070706e-06
  -7.6057134e-07   1.5073419e-06
  -7.5854585e-07   1.5076132e-06
  -7.5652036e-07   1.5078845e-06
  -7.5449487e-07   1.5081106e-06
  -7.5246938e-07   1.5083367e-06
  -7.5044389e-07   1.5084097e-06
  -7.4841840e-07   1.5084323e-06
  -7.4639291e-07   1.5084549e-06
  -7.4436742e-07   1.5084775e-06
  -7.4234193e-07   1.5085172e-06
  -7.4031644e-07   1.5086076e-06
  -7.3829096e-07   1.5086975e-06
  -7.3626547e-07   1.5086071e-06
  -7.3423998e-07   1.5085167e-06
  -7.3221449e-07   1.5084263e-06
  -7.3018900e-07   1.5083360e-06
  -7.2816351e-07   1.5082456e-06
  -7.2613802e-07   1.5081552e-06
  -7.2411253e-07   1.5080310e-06
  -7.2208704e-07   1.5078049e-06
  -7.2006155e-07   1.5075788e-06
  -7.1803606e-07   1.5073527e-06
  -7.1601057e-07   1.5071267e-06
  -7.1398508e-07   1.5069682e-06
  -7.1195959e-07   1.5068326e-06
  -7.0993410e-07   1.5066290e-06
  -7.0790861e-07   1.5063577e-06
  -7.0588312e-07   1.5060864e-06
  -7.0385763e-07   1.5058151e-06
  -7.0183214e-07   1.5055438e-06
  -6.9980665e-07   1.5053403e-06
  -6.9778116e-07   1.5051368e-06
  -6.9575567e-07   1.5048823e-06
  -6.9373018e-07   1.5046110e-06
  -6.9170469e-07   1.5043397e-06
  -6.8967921e-07   1.5040684e-06
  -6.8765372e-07   1.5038367e-06
  -6.8562823e-07   1.5037236e-06
  -6.8360274e-07   1.5036106e-06
  -6.8157725e-07   1.5034975e-06
  -6.7955176e-07   1.5033845e-06
  -6.7752627e-07   1.5032715e-06
  -6.7550078e-07   1.5031584e-06
  -6.7347529e-07   1.5031247e-06
  -6.7144980e-07   1.5031700e-06
  -6.6942431e-07   1.5032553e-06
  -6.6739882e-07   1.5034588e-06
  -6.6537333e-07   1.5036623e-06
  -6.6334784e-07   1.5038658e-06
  -6.6132235e-07   1.5040692e-06
  -6.5929686e-07   1.5043068e-06
  -6.5727137e-07   1.5045555e-06
  -6.5524588e-07   1.5047927e-06
  -6.5322039e-07   1.5050186e-06
  -6.5119490e-07   1.5052445e-06
  -6.4916941e-07   1.5054705e-06
  -6.4714392e-07   1.5056964e-06
  -6.4511843e-07   1.5058771e-06
  -6.4309294e-07   1.5060579e-06
  -6.4106746e-07   1.5062726e-06
  -6.3904197e-07   1.5064987e-06
  -6.3701648e-07   1.5067248e-06
  -6.3499099e-07   1.5069509e-06
  -6.3296550e-07   1.5071488e-06
  -6.3094001e-07   1.5072618e-06
  -6.2891452e-07   1.5073750e-06
  -6.2688903e-07   1.5075559e-06
  -6.2486354e-07   1.5077367e-06
  -6.2283805e-07   1.5079176e-06
  -6.2081256e-07   1.5080985e-06
  -6.1878707e-07   1.5082341e-06
  -6.1676158e-07   1.5083245e-06
  -6.1473609e-07   1.5084378e-06
  -6.1271060e-07   1.5086187e-06
  -6.1068511e-07   1.5087996e-06
  -6.0865962e-07   1.5089804e-06
  -6.0663413e-07   1.5091613e-06
  -6.0460864e-07   1.5092402e-06
  -6.0258315e-07   1.5092855e-06
  -6.0055766e-07   1.5094218e-06
  -5.9853217e-07   1.5096479e-06
  -5.9650668e-07   1.5098740e-06
  -5.9448119e-07   1.5101002e-06
  -5.9245570e-07   1.5103260e-06
  -5.9043022e-07   1.5104391e-06
  -5.8840473e-07   1.5105521e-06
  -5.8637924e-07   1.5107333e-06
  -5.8435375e-07   1.5109366e-06
  -5.8232826e-07   1.5111399e-06
  -5.8030277e-07   1.5113432e-06
  -5.7827728e-07   1.5115295e-06
  -5.7625179e-07   1.5116650e-06
  -5.7422630e-07   1.5118003e-06
  -5.7220081e-07   1.5117551e-06
  -5.7017532e-07   1.5117099e-06
  -5.6814983e-07   1.5116647e-06
  -5.6612434e-07   1.5116195e-06
  -5.6409885e-07   1.5116082e-06
  -5.6207336e-07   1.5116309e-06
  -5.6004787e-07   1.5116080e-06
  -5.5802238e-07   1.5114498e-06
  -5.5599689e-07   1.5112915e-06
  -5.5397140e-07   1.5111333e-06
  -5.5194591e-07   1.5109750e-06
  -5.4992042e-07   1.5108168e-06
  -5.4789493e-07   1.5106585e-06
  -5.4586944e-07   1.5104093e-06
  -5.4384395e-07   1.5100701e-06
  -5.4181847e-07   1.5097310e-06
  -5.3979298e-07   1.5093918e-06
  -5.3776749e-07   1.5090528e-06
  -5.3574200e-07   1.5088267e-06
  -5.3371651e-07   1.5086006e-06
  -5.3169102e-07   1.5083404e-06
  -5.2966553e-07   1.5080691e-06
  -5.2764004e-07   1.5077978e-06
  -5.2561455e-07   1.5075265e-06
  -5.2358906e-07   1.5072495e-06
  -5.2156357e-07   1.5069556e-06
  -5.1953808e-07   1.5066623e-06
  -5.1751259e-07   1.5065042e-06
  -5.1548710e-07   1.5063460e-06
  -5.1346161e-07   1.5061879e-06
  -5.1143612e-07   1.5060297e-06
  -5.0941063e-07   1.5058829e-06
  -5.0738514e-07   1.5057473e-06
  -5.0535965e-07   1.5056231e-06
  -5.0333416e-07   1.5055327e-06
  -5.0130867e-07   1.5054422e-06
  -4.9928318e-07   1.5053518e-06
  -4.9725769e-07   1.5052613e-06
  -4.9523220e-07   1.5051031e-06
  -4.9320672e-07   1.5049222e-06
  -4.9118123e-07   1.5047867e-06
  -4.8915574e-07   1.5046963e-06
  -4.8713025e-07   1.5046058e-06
  -4.8510476e-07   1.5045154e-06
  -4.8307927e-07   1.5044250e-06
  -4.8105378e-07   1.5044250e-06
  -4.7902829e-07   1.5044250e-06
  -4.7700280e-07   1.5044420e-06
  -4.7497731e-07   1.5044646e-06
  -4.7295182e-07   1.5044872e-06
  -4.7092633e-07   1.5045099e-06
  -4.6890084e-07   1.5045382e-06
  -4.6687535e-07   1.5045834e-06
  -4.6484986e-07   1.5046283e-06
  -4.6282437e-07   1.5046057e-06
  -4.6079888e-07   1.5045831e-06
  -4.5877339e-07   1.5045605e-06
  -4.5674790e-07   1.5045379e-06
  -4.5472241e-07   1.5045494e-06
  -4.5269692e-07   1.5045946e-06
  -4.5067143e-07   1.5046225e-06
  -4.4864594e-07   1.5045999e-06
  -4.4662045e-07   1.5045773e-06
  -4.4459496e-07   1.5045548e-06
  -4.4256948e-07   1.5045322e-06
  -4.4054399e-07   1.5044925e-06
  -4.3851850e-07   1.5044473e-06
  -4.3649301e-07   1.5043449e-06
  -4.3446752e-07   1.5041868e-06
  -4.3244203e-07   1.5040286e-06
  -4.3041654e-07   1.5038704e-06
  -4.2839105e-07   1.5037124e-06
  -4.2636556e-07   1.5036446e-06
  -4.2434007e-07   1.5035769e-06
  -4.2231458e-07   1.5035601e-06
  -4.2028909e-07   1.5035601e-06
  -4.1826360e-07   1.5035601e-06
  -4.1623811e-07   1.5035601e-06
  -4.1421262e-07   1.5035204e-06
  -4.1218713e-07   1.5033621e-06
  -4.1016164e-07   1.5032047e-06
  -4.0813615e-07   1.5033404e-06
  -4.0611066e-07   1.5034761e-06
  -4.0408517e-07   1.5036117e-06
  -4.0205968e-07   1.5037474e-06
  -4.0003419e-07   1.5038149e-06
  -3.9800870e-07   1.5038149e-06
  -3.9598321e-07   1.5038379e-06
  -3.9395773e-07   1.5039284e-06
  -3.9193224e-07   1.5040188e-06
  -3.8990675e-07   1.5041092e-06
  -3.8788126e-07   1.5041996e-06
  -3.8585577e-07   1.5041369e-06
  -3.8383028e-07   1.5040238e-06
  -3.8180479e-07   1.5039450e-06
  -3.7977930e-07   1.5038998e-06
  -3.7775381e-07   1.5038546e-06
  -3.7572832e-07   1.5038094e-06
  -3.7370283e-07   1.5037645e-06
  -3.7167734e-07   1.5038097e-06
  -3.6965185e-07   1.5038550e-06
  -3.6762636e-07   1.5038147e-06
  -3.6560087e-07   1.5037470e-06
  -3.6357538e-07   1.5036792e-06
  -3.6154989e-07   1.5036114e-06
  -3.5952440e-07   1.5035721e-06
  -3.5749891e-07   1.5036173e-06
  -3.5547342e-07   1.5036624e-06
  -3.5344793e-07   1.5036850e-06
  -3.5142244e-07   1.5037077e-06
  -3.4939695e-07   1.5037303e-06
  -3.4737146e-07   1.5037529e-06
  -3.4534598e-07   1.5038208e-06
  -3.4332049e-07   1.5039338e-06
  -3.4129500e-07   1.5040469e-06
  -3.3926951e-07   1.5041599e-06
  -3.3724402e-07   1.5042730e-06
  -3.3521853e-07   1.5043860e-06
  -3.3319304e-07   1.5044990e-06
  -3.3116755e-07   1.5046801e-06
  -3.2914206e-07   1.5048836e-06
  -3.2711657e-07   1.5050301e-06
  -3.2509108e-07   1.5051205e-06
  -3.2306559e-07   1.5052109e-06
  -3.2104010e-07   1.5053014e-06
  -3.1901461e-07   1.5053920e-06
  -3.1698912e-07   1.5055276e-06
  -3.1496363e-07   1.5056633e-06
  -3.1293814e-07   1.5057306e-06
  -3.1091265e-07   1.5057758e-06
  -3.0888716e-07   1.5058210e-06
  -3.0686167e-07   1.5058662e-06
  -3.0483618e-07   1.5059114e-06
  -3.0281069e-07   1.5059567e-06
  -3.0078520e-07   1.5060012e-06
  -2.9875971e-07   1.5059334e-06
  -2.9673422e-07   1.5058656e-06
  -2.9470874e-07   1.5057979e-06
  -2.9268325e-07   1.5057301e-06
  -2.9065776e-07   1.5056737e-06
  -2.8863227e-07   1.5056285e-06
  -2.8660678e-07   1.5055662e-06
  -2.8458129e-07   1.5054531e-06
  -2.8255580e-07   1.5053401e-06
  -2.8053031e-07   1.5052270e-06
  -2.7850482e-07   1.5051139e-06
  -2.7647933e-07   1.5050009e-06
  -2.7445384e-07   1.5048879e-06
  -2.7242835e-07   1.5048090e-06
  -2.7040286e-07   1.5047638e-06
  -2.6837737e-07   1.5047186e-06
  -2.6635188e-07   1.5046734e-06
  -2.6432639e-07   1.5046281e-06
  -2.6230090e-07   1.5045603e-06
  -2.6027541e-07   1.5044924e-06
  -2.5824992e-07   1.5045952e-06
  -2.5622443e-07   1.5047534e-06
  -2.5419894e-07   1.5049117e-06
  -2.5217345e-07   1.5050699e-06
  -2.5014796e-07   1.5052053e-06
  -2.4812247e-07   1.5052731e-06
  -2.4609699e-07   1.5053429e-06
  -2.4407150e-07   1.5057725e-06
  -2.4204601e-07   1.5062020e-06
  -2.4002052e-07   1.5066316e-06
  -2.3799503e-07   1.5070612e-06
  -2.3596954e-07   1.5074337e-06
  -2.3394405e-07   1.5077502e-06
  -2.3191856e-07   1.5081016e-06
  -2.2989307e-07   1.5085538e-06
  -2.2786758e-07   1.5090061e-06
  -2.2584209e-07   1.5094584e-06
  -2.2381660e-07   1.5099106e-06
  -2.2179111e-07   1.5103799e-06
  -2.1976562e-07   1.5108546e-06
  -2.1774013e-07   1.5112833e-06
  -2.1571464e-07   1.5116672e-06
  -2.1368915e-07   1.5120512e-06
  -2.1166366e-07   1.5124351e-06
  -2.0963817e-07   1.5128188e-06
  -2.0761268e-07   1.5131351e-06
  -2.0558719e-07   1.5134513e-06
  -2.0356170e-07   1.5136997e-06
  -2.0153621e-07   1.5139258e-06
  -1.9951072e-07   1.5141519e-06
  -1.9748523e-07   1.5143780e-06
  -1.9545975e-07   1.5145870e-06
  -1.9343426e-07   1.5147452e-06
  -1.9140877e-07   1.5149032e-06
  -1.8938328e-07   1.5149937e-06
  -1.8735779e-07   1.5150842e-06
  -1.8533230e-07   1.5151747e-06
  -1.8330681e-07   1.5152653e-06
  -1.8128132e-07   1.5153444e-06
  -1.7925583e-07   1.5154123e-06
  -1.7723034e-07   1.5154223e-06
  -1.7520485e-07   1.5152641e-06
  -1.7317936e-07   1.5151059e-06
  -1.7115387e-07   1.5149476e-06
  -1.6912838e-07   1.5147894e-06
  -1.6710289e-07   1.5147335e-06
  -1.6507740e-07   1.5147110e-06
  -1.6305191e-07   1.5145967e-06
  -1.6102642e-07   1.5143932e-06
  -1.5900093e-07   1.5141896e-06
  -1.5697544e-07   1.5139860e-06
  -1.5494995e-07   1.5137824e-06
  -1.5292446e-07   1.5135788e-06
  -1.5089897e-07   1.5133752e-06
  -1.4887348e-07   1.5131205e-06
  -1.4684800e-07   1.5128494e-06
  -1.4482251e-07   1.5125783e-06
  -1.4279702e-07   1.5123072e-06
  -1.4077153e-07   1.5120590e-06
  -1.3874604e-07   1.5118783e-06
  -1.3672055e-07   1.5116983e-06
  -1.3469506e-07   1.5116758e-06
  -1.3266957e-07   1.5116532e-06
  -1.3064408e-07   1.5116307e-06
  -1.2861859e-07   1.5116082e-06
  -1.2659310e-07   1.5115629e-06
  -1.2456761e-07   1.5114950e-06
  -1.2254212e-07   1.5114329e-06
  -1.2051663e-07   1.5113878e-06
  -1.1849114e-07   1.5113426e-06
  -1.1646565e-07   1.5112974e-06
  -1.1444016e-07   1.5112522e-06
  -1.1241467e-07   1.5113091e-06
  -1.1038918e-07   1.5113995e-06
  -1.0836369e-07   1.5113984e-06
  -1.0633820e-07   1.5113079e-06
  -1.0431271e-07   1.5112174e-06
  -1.0228722e-07   1.5111268e-06
  -1.0026173e-07   1.5110362e-06
  -9.8236245e-08   1.5109231e-06
  -9.6210756e-08   1.5108101e-06
  -9.4185266e-08   1.5107655e-06
  -9.2159776e-08   1.5107430e-06
  -9.0134287e-08   1.5107205e-06
  -8.8108797e-08   1.5106980e-06
  -8.6083308e-08   1.5106697e-06
  -8.4057818e-08   1.5106245e-06
  -8.2032328e-08   1.5105805e-06
  -8.0006839e-08   1.5106935e-06
  -7.7981349e-08   1.5108064e-06
  -7.5955860e-08   1.5109194e-06
  -7.3930370e-08   1.5110324e-06
  -7.1904880e-08   1.5110999e-06
  -6.9879391e-08   1.5111226e-06
  -6.7853901e-08   1.5111279e-06
  -6.5828412e-08   1.5110826e-06
  -6.3802922e-08   1.5110373e-06
  -6.1777432e-08   1.5109919e-06
  -5.9751943e-08   1.5109466e-06
  -5.7726453e-08   1.5109183e-06
  -5.5700964e-08   1.5108956e-06
  -5.3675474e-08   1.5108388e-06
  -5.1649985e-08   1.5107484e-06
  -4.9624495e-08   1.5106580e-06
  -4.7599005e-08   1.5105676e-06
  -4.5573516e-08   1.5104769e-06
  -4.3548026e-08   1.5102961e-06
  -4.1522537e-08   1.5101152e-06
  -3.9497047e-08   1.5099172e-06
  -3.7471557e-08   1.5097138e-06
  -3.5446068e-08   1.5095103e-06
  -3.3420578e-08   1.5093068e-06
  -3.1395089e-08   1.5091148e-06
  -2.9369599e-08   1.5089566e-06
  -2.7344109e-08   1.5087983e-06
  -2.5318620e-08   1.5086403e-06
  -2.3293130e-08   1.5084823e-06
  -2.1267641e-08   1.5083242e-06
  -1.9242151e-08   1.5081662e-06
  -1.7216662e-08   1.5079631e-06
  -1.5191172e-08   1.5077148e-06
  -1.3165682e-08   1.5074777e-06
  -1.1140193e-08   1.5072746e-06
  -9.1147032e-09   1.5070716e-06
  -7.0892136e-09   1.5068686e-06
  -5.0637240e-09   1.5066655e-06
  -3.0382344e-09   1.5065290e-06
  -1.0127448e-09   1.5064162e-06
   1.0127448e-09   1.5063030e-06
   3.0382344e-09   1.5061893e-06
   5.0637240e-09   1.5060757e-06
   7.0892136e-09   1.5059621e-06
   9.1147032e-09   1.5058480e-06
   1.1140193e-08   1.5056662e-06
   1.3165682e-08   1.5054844e-06
   1.5191172e-08   1.5053731e-06
   1.7216662e-08   1.5052829e-06
   1.9242151e-08   1.5051926e-06
   2.1267641e-08   1.5051024e-06
   2.3293130e-08   1.5050122e-06
   2.5318620e-08   1.5049219e-06
   2.7344109e-08   1.5048324e-06
   2.9369599e-08   1.5048549e-06
   3.1395089e-08   1.5048775e-06
   3.3420578e-08   1.5049001e-06
   3.5446068e-08   1.5049226e-06
   3.7471557e-08   1.5049564e-06
   3.9497047e-08   1.5050015e-06
   4.1522537e-08   1.5050687e-06
   4.3548026e-08   1.5052050e-06
   4.5573516e-08   1.5053414e-06
   4.7599005e-08   1.5054777e-06
   4.9624495e-08   1.5056141e-06
   5.1649985e-08   1.5058025e-06
   5.3675474e-08   1.5060070e-06
   5.5700964e-08   1.5062822e-06
   5.7726453e-08   1.5066206e-06
   5.9751943e-08   1.5069590e-06
   6.1777432e-08   1.5072974e-06
   6.3802922e-08   1.5076354e-06
   6.5828412e-08   1.5079512e-06
   6.7853901e-08   1.5082671e-06
   6.9879391e-08   1.5086691e-06
   7.1904880e-08   1.5090977e-06
   7.3930370e-08   1.5095263e-06
   7.5955860e-08   1.5099549e-06
   7.7981349e-08   1.5104064e-06
   8.0006839e-08   1.5109252e-06
   8.2032328e-08   1.5114441e-06
   8.4057818e-08   1.5119630e-06
   8.6083308e-08   1.5124819e-06
   8.8108797e-08   1.5130009e-06
   9.0134287e-08   1.5135198e-06
   9.2159776e-08   1.5140388e-06
   9.4185266e-08   1.5145577e-06
   9.6210756e-08   1.5150936e-06
   9.8236245e-08   1.5156845e-06
   1.0026173e-07   1.5162753e-06
   1.0228722e-07   1.5168661e-06
   1.0431271e-07   1.5174569e-06
   1.0633820e-07   1.5180304e-06
   1.0836369e-07   1.5185985e-06
   1.1038918e-07   1.5191173e-06
   1.1241467e-07   1.5195910e-06
   1.1444016e-07   1.5200647e-06
   1.1646565e-07   1.5205384e-06
   1.1849114e-07   1.5210113e-06
   1.2051663e-07   1.5214175e-06
   1.2254212e-07   1.5218236e-06
   1.2456761e-07   1.5221955e-06
   1.2659310e-07   1.5225566e-06
   1.2861859e-07   1.5229176e-06
   1.3064408e-07   1.5232787e-06
   1.3266957e-07   1.5236062e-06
   1.3469506e-07   1.5238318e-06
   1.3672055e-07   1.5240575e-06
   1.3874604e-07   1.5241039e-06
   1.4077153e-07   1.5241493e-06
   1.4279702e-07   1.5241948e-06
   1.4482251e-07   1.5242402e-06
   1.4684800e-07   1.5242974e-06
   1.4887348e-07   1.5243656e-06
   1.5089897e-07   1.5243768e-06
   1.5292446e-07   1.5242414e-06
   1.5494995e-07   1.5241059e-06
   1.5697544e-07   1.5239705e-06
   1.5900093e-07   1.5238351e-06
   1.6102642e-07   1.5237171e-06
   1.6305191e-07   1.5236042e-06
   1.6507740e-07   1.5233750e-06
   1.6710289e-07   1.5230366e-06
   1.6912838e-07   1.5226982e-06
   1.7115387e-07   1.5223597e-06
   1.7317936e-07   1.5220214e-06
   1.7520485e-07   1.5217055e-06
   1.7723034e-07   1.5213895e-06
   1.7925583e-07   1.5209719e-06
   1.8128132e-07   1.5205209e-06
   1.8330681e-07   1.5200698e-06
   1.8533230e-07   1.5196187e-06
   1.8735779e-07   1.5191622e-06
   1.8938328e-07   1.5186885e-06
   1.9140877e-07   1.5182148e-06
   1.9343426e-07   1.5174230e-06
   1.9545975e-07   1.5166276e-06
   1.9748523e-07   1.5158321e-06
   1.9951072e-07   1.5150367e-06
   2.0153621e-07   1.5142877e-06
   2.0356170e-07   1.5135832e-06
   2.0558719e-07   1.5129173e-06
   2.0761268e-07   1.5123533e-06
   2.0963817e-07   1.5117893e-06
   2.1166366e-07   1.5112253e-06
   2.1368915e-07   1.5106614e-06
   2.1571464e-07   1.5102351e-06
   2.1774013e-07   1.5098516e-06
   2.1976562e-07   1.5097674e-06
   2.2179111e-07   1.5099705e-06
   2.2381660e-07   1.5101736e-06
   2.2584209e-07   1.5103766e-06
   2.2786758e-07   1.5105797e-06
   2.2989307e-07   1.5108053e-06
   2.3191856e-07   1.5110309e-06
   2.3394405e-07   1.5112069e-06
   2.3596954e-07   1.5113659e-06
   2.3799503e-07   1.5115250e-06
   2.4002052e-07   1.5116840e-06
   2.4204601e-07   1.5118492e-06
   2.4407150e-07   1.5120309e-06
   2.4609699e-07   1.5122031e-06
   2.4812247e-07   1.5120903e-06
   2.5014796e-07   1.5119775e-06
   2.5217345e-07   1.5118647e-06
   2.5419894e-07   1.5117519e-06
   2.5622443e-07   1.5116744e-06
   2.5824992e-07   1.5116293e-06
   2.6027541e-07   1.5115358e-06
   2.6230090e-07   1.5113102e-06
   2.6432639e-07   1.5110845e-06
   2.6635188e-07   1.5108589e-06
   2.6837737e-07   1.5106333e-06
   2.7040286e-07   1.5104077e-06
   2.7242835e-07   1.5101821e-06
   2.7445384e-07   1.5098882e-06
   2.7647933e-07   1.5095273e-06
   2.7850482e-07   1.5091663e-06
   2.8053031e-07   1.5088054e-06
   2.8255580e-07   1.5084444e-06
   2.8458129e-07   1.5081059e-06
   2.8660678e-07   1.5077676e-06
   2.8863227e-07   1.5074105e-06
   2.9065776e-07   1.5070469e-06
   2.9268325e-07   1.5066833e-06
   2.9470874e-07   1.5063197e-06
   2.9673422e-07   1.5059263e-06
   2.9875971e-07   1.5054490e-06
   3.0078520e-07   1.5049784e-06
   3.0281069e-07   1.5047528e-06
   3.0483618e-07   1.5045272e-06
   3.0686167e-07   1.5043016e-06
   3.0888716e-07   1.5040760e-06
   3.1091265e-07   1.5038272e-06
   3.1293814e-07   1.5035564e-06
   3.1496363e-07   1.5033686e-06
   3.1698912e-07   1.5034137e-06
   3.1901461e-07   1.5034589e-06
   3.2104010e-07   1.5035040e-06
   3.2306559e-07   1.5035491e-06
   3.2509108e-07   1.5035773e-06
   3.2711657e-07   1.5035998e-06
   3.2914206e-07   1.5036224e-06
   3.3116755e-07   1.5036450e-06
   3.3319304e-07   1.5036675e-06
   3.3521853e-07   1.5036901e-06
   3.3724402e-07   1.5037126e-06
   3.3926951e-07   1.5037798e-06
   3.4129500e-07   1.5038475e-06
   3.4332049e-07   1.5039322e-06
   3.4534598e-07   1.5040231e-06
   3.4737146e-07   1.5041140e-06
   3.4939695e-07   1.5042049e-06
   3.5142244e-07   1.5042900e-06
   3.5344793e-07   1.5043582e-06
   3.5547342e-07   1.5044259e-06
   3.5749891e-07   1.5044710e-06
   3.5952440e-07   1.5045161e-06
   3.6154989e-07   1.5045612e-06
   3.6357538e-07   1.5046063e-06
   3.6560087e-07   1.5046629e-06
   3.6762636e-07   1.5047306e-06
   3.6965185e-07   1.5048272e-06
   3.7167734e-07   1.5050077e-06
   3.7370283e-07   1.5051882e-06
   3.7572832e-07   1.5053686e-06
   3.7775381e-07   1.5055491e-06
   3.7977930e-07   1.5056791e-06
   3.8180479e-07   1.5057919e-06
   3.8383028e-07   1.5058939e-06
   3.8585577e-07   1.5059848e-06
   3.8788126e-07   1.5060757e-06
   3.8990675e-07   1.5061667e-06
   3.9193224e-07   1.5062572e-06
   3.9395773e-07   1.5063254e-06
   3.9598321e-07   1.5063936e-06
   3.9800870e-07   1.5064263e-06
   4.0003419e-07   1.5064488e-06
   4.0205968e-07   1.5064714e-06
   4.0408517e-07   1.5064939e-06
   4.0611066e-07   1.5064924e-06
   4.0813615e-07   1.5064247e-06
   4.1016164e-07   1.5063567e-06
   4.1218713e-07   1.5062664e-06
   4.1421262e-07   1.5061762e-06
   4.1623811e-07   1.5060859e-06
   4.1826360e-07   1.5059957e-06
   4.2028909e-07   1.5059395e-06
   4.2231458e-07   1.5059170e-06
   4.2434007e-07   1.5059171e-06
   4.2636556e-07   1.5059847e-06
   4.2839105e-07   1.5060524e-06
   4.3041654e-07   1.5061201e-06
   4.3244203e-07   1.5061878e-06
   4.3446752e-07   1.5061720e-06
   4.3649301e-07   1.5061269e-06
   4.3851850e-07   1.5061370e-06
   4.4054399e-07   1.5062052e-06
   4.4256948e-07   1.5062733e-06
   4.4459496e-07   1.5063415e-06
   4.4662045e-07   1.5064097e-06
   4.4864594e-07   1.5064779e-06
   4.5067143e-07   1.5065460e-06
   4.5269692e-07   1.5066313e-06
   4.5472241e-07   1.5067215e-06
   4.5674790e-07   1.5068117e-06
   4.5877339e-07   1.5069019e-06
   4.6079888e-07   1.5069922e-06
   4.6282437e-07   1.5070824e-06
   4.6484986e-07   1.5071713e-06
   4.6687535e-07   1.5071036e-06
   4.6890084e-07   1.5070359e-06
   4.7092633e-07   1.5069682e-06
   4.7295182e-07   1.5069005e-06
   4.7497731e-07   1.5069115e-06
   4.7700280e-07   1.5070017e-06
   4.7902829e-07   1.5070587e-06
   4.8105378e-07   1.5070133e-06
   4.8307927e-07   1.5069678e-06
   4.8510476e-07   1.5069224e-06
   4.8713025e-07   1.5068769e-06
   4.8915574e-07   1.5067966e-06
   4.9118123e-07   1.5067057e-06
   4.9320672e-07   1.5066631e-06
   4.9523220e-07   1.5066631e-06
   4.9725769e-07   1.5066631e-06
   4.9928318e-07   1.5066631e-06
   5.0130867e-07   1.5066618e-06
   5.0333416e-07   1.5065941e-06
   5.0535965e-07   1.5065264e-06
   5.0738514e-07   1.5065106e-06
   5.0941063e-07   1.5065106e-06
   5.1143612e-07   1.5065106e-06
   5.1346161e-07   1.5065106e-06
   5.1548710e-07   1.5064933e-06
   5.1751259e-07   1.5064256e-06
   5.1953808e-07   1.5063580e-06
   5.2156357e-07   1.5063129e-06
   5.2358906e-07   1.5062678e-06
   5.2561455e-07   1.5062227e-06
   5.2764004e-07   1.5061775e-06
   5.2966553e-07   1.5061768e-06
   5.3169102e-07   1.5062219e-06
   5.3371651e-07   1.5062725e-06
   5.3574200e-07   1.5063407e-06
   5.3776749e-07   1.5064089e-06
   5.3979298e-07   1.5064771e-06
   5.4181847e-07   1.5065453e-06
   5.4384395e-07   1.5065961e-06
   5.4586944e-07   1.5066416e-06
   5.4789493e-07   1.5066750e-06
   5.4992042e-07   1.5066976e-06
   5.5194591e-07   1.5067201e-06
   5.5397140e-07   1.5067427e-06
   5.5599689e-07   1.5067652e-06
   5.5802238e-07   1.5067878e-06
   5.6004787e-07   1.5068103e-06
   5.6207336e-07   1.5067986e-06
   5.6409885e-07   1.5067760e-06
   5.6612434e-07   1.5067535e-06
   5.6814983e-07   1.5067309e-06
   5.7017532e-07   1.5067027e-06
   5.7220081e-07   1.5066576e-06
   5.7422630e-07   1.5066125e-06
   5.7625179e-07   1.5065217e-06
   5.7827728e-07   1.5064308e-06
   5.8030277e-07   1.5063399e-06
   5.8232826e-07   1.5062490e-06
   5.8435375e-07   1.5061581e-06
   5.8637924e-07   1.5060672e-06
   5.8840473e-07   1.5059892e-06
   5.9043022e-07   1.5059441e-06
   5.9245570e-07   1.5058990e-06
   5.9448119e-07   1.5058539e-06
   5.9650668e-07   1.5058088e-06
   5.9853217e-07   1.5057114e-06
   6.0055766e-07   1.5055986e-06
   6.0258315e-07   1.5056029e-06
   6.0460864e-07   1.5057157e-06
   6.0663413e-07   1.5058285e-06
   6.0865962e-07   1.5059413e-06
   6.1068511e-07   1.5060537e-06
   6.1271060e-07   1.5061214e-06
   6.1473609e-07   1.5061891e-06
   6.1676158e-07   1.5062908e-06
   6.1878707e-07   1.5064036e-06
   6.2081256e-07   1.5065164e-06
   6.2283805e-07   1.5066292e-06
   6.2486354e-07   1.5067530e-06
   6.2688903e-07   1.5069109e-06
   6.2891452e-07   1.5070689e-06
   6.3094001e-07   1.5071829e-06
   6.3296550e-07   1.5072965e-06
   6.3499099e-07   1.5074101e-06
   6.3701648e-07   1.5075237e-06
   6.3904197e-07   1.5076373e-06
   6.4106746e-07   1.5077510e-06
   6.4309294e-07   1.5078331e-06
   6.4511843e-07   1.5078331e-06
   6.4714392e-07   1.5078331e-06
   6.4916941e-07   1.5078331e-06
   6.5119490e-07   1.5078331e-06
   6.5322039e-07   1.5078504e-06
   6.5524588e-07   1.5078730e-06
   6.5727137e-07   1.5078724e-06
   6.5929686e-07   1.5078498e-06
   6.6132235e-07   1.5078273e-06
   6.6334784e-07   1.5078047e-06
   6.6537333e-07   1.5077822e-06
   6.6739882e-07   1.5077596e-06
   6.6942431e-07   1.5077371e-06
   6.7144980e-07   1.5076633e-06
   6.7347529e-07   1.5075724e-06
   6.7550078e-07   1.5074815e-06
   6.7752627e-07   1.5073906e-06
   6.7955176e-07   1.5073367e-06
   6.8157725e-07   1.5073821e-06
   6.8360274e-07   1.5074236e-06
   6.8562823e-07   1.5073559e-06
   6.8765372e-07   1.5072882e-06
   6.8967921e-07   1.5072206e-06
   6.9170469e-07   1.5071529e-06
   6.9373018e-07   1.5070852e-06
   6.9575567e-07   1.5070175e-06
   6.9778116e-07   1.5069499e-06
   6.9980665e-07   1.5068822e-06
   7.0183214e-07   1.5068145e-06
   7.0385763e-07   1.5067469e-06
   7.0588312e-07   1.5066792e-06
   7.0790861e-07   1.5066287e-06
   7.0993410e-07   1.5065835e-06
   7.1195959e-07   1.5066071e-06
   7.1398508e-07   1.5066973e-06
   7.1601057e-07   1.5067875e-06
   7.1803606e-07   1.5068778e-06
   7.2006155e-07   1.5069680e-06
   7.2208704e-07   1.5070357e-06
   7.2411253e-07   1.5071034e-06
   7.2613802e-07   1.5071884e-06
   7.2816351e-07   1.5072793e-06
   7.3018900e-07   1.5073702e-06
   7.3221449e-07   1.5074611e-06
   7.3423998e-07   1.5075641e-06
   7.3626547e-07   1.5077004e-06
   7.3829096e-07   1.5078394e-06
   7.4031644e-07   1.5080650e-06
   7.4234193e-07   1.5082906e-06
   7.4436742e-07   1.5085162e-06
   7.4639291e-07   1.5087418e-06
   7.4841840e-07   1.5089089e-06
   7.5044389e-07   1.5090217e-06
   7.5246938e-07   1.5091465e-06
   7.5449487e-07   1.5093044e-06
   7.5652036e-07   1.5094623e-06
   7.5854585e-07   1.5096202e-06
   7.6057134e-07   1.5097781e-06
   7.6259683e-07   1.5099531e-06
   7.6462232e-07   1.5101336e-06
   7.6664781e-07   1.5102688e-06
   7.6867330e-07   1.5103589e-06
   7.7069879e-07   1.5104491e-06
   7.7272428e-07   1.5105393e-06
   7.7474977e-07   1.5106295e-06
   7.7677526e-07   1.5106750e-06
   7.7880075e-07   1.5107201e-06
   7.8082624e-07   1.5106984e-06
   7.8285173e-07   1.5106529e-06
   7.8487722e-07   1.5106075e-06
   7.8690271e-07   1.5105621e-06
   7.8892820e-07   1.5105462e-06
   7.9095368e-07   1.5106144e-06
   7.9297917e-07   1.5106820e-06
   7.9500466e-07   1.5107271e-06
   7.9703015e-07   1.5107722e-06
   7.9905564e-07   1.5108173e-06
   8.0108113e-07   1.5108624e-06
   8.0310662e-07   1.5108844e-06
   8.0513211e-07   1.5108844e-06
   8.0715760e-07   1.5109020e-06
   8.0918309e-07   1.5109697e-06
   8.1120858e-07   1.5110374e-06
   8.1323407e-07   1.5111051e-06
   8.1525956e-07   1.5111728e-06
   8.1728505e-07   1.5112743e-06
   8.1931054e-07   1.5113871e-06
   8.2133603e-07   1.5115003e-06
   8.2336152e-07   1.5116140e-06
   8.2538701e-07   1.5117276e-06
   8.2741250e-07   1.5118412e-06
   8.2943799e-07   1.5119537e-06
   8.3146348e-07   1.5119991e-06
   8.3348897e-07   1.5120445e-06
   8.3551446e-07   1.5120192e-06
   8.3753995e-07   1.5119741e-06
   8.3956543e-07   1.5119290e-06
   8.4159092e-07   1.5118839e-06
   8.4361641e-07   1.5118389e-06
   8.4564190e-07   1.5117938e-06
   8.4766739e-07   1.5117483e-06
   8.4969288e-07   1.5116806e-06
   8.5171837e-07   1.5116128e-06
   8.5374386e-07   1.5115451e-06
   8.5576935e-07   1.5114774e-06
   8.5779484e-07   1.5113869e-06
   8.5982033e-07   1.5112741e-06
   8.6184582e-07   1.5111842e-06
   8.6387131e-07   1.5111617e-06
   8.6589680e-07   1.5111392e-06
   8.6792229e-07   1.5111168e-06
   8.6994778e-07   1.5110943e-06
   8.7197327e-07   1.5111556e-06
   8.7399876e-07   1.5112459e-06
   8.7602425e-07   1.5113143e-06
   8.7804974e-07   1.5113597e-06
   8.8007523e-07   1.5114051e-06
   8.8210072e-07   1.5114505e-06
   8.8412621e-07   1.5114970e-06
   8.8615170e-07   1.5116333e-06
   8.8817719e-07   1.5117696e-06
   8.9020267e-07   1.5116952e-06
   8.9222816e-07   1.5115597e-06
   8.9425365e-07   1.5114243e-06
   8.9627914e-07   1.5112889e-06
   8.9830463e-07   1.5111893e-06
   9.0033012e-07   1.5111893e-06
   9.0235561e-07   1.5111866e-06
   9.0438110e-07   1.5109611e-06
   9.0640659e-07   1.5107355e-06
   9.0843208e-07   1.5105099e-06
   9.1045757e-07   1.5102844e-06
   9.1248306e-07   1.5100249e-06
   9.1450855e-07   1.5097315e-06
   9.1653404e-07   1.5094321e-06
   9.1855953e-07   1.5091139e-06
   9.2058502e-07   1.5087957e-06
   9.2261051e-07   1.5084776e-06
   9.2463600e-07   1.5081594e-06
   9.2666149e-07   1.5078588e-06
   9.2868698e-07   1.5075634e-06
   9.3071247e-07   1.5073534e-06
   9.3273796e-07   1.5072180e-06
   9.3476345e-07   1.5070827e-06
   9.3678894e-07   1.5069473e-06
   9.3881442e-07   1.5068079e-06
   9.4083991e-07   1.5064921e-06
   9.4286540e-07   1.5061763e-06
   9.4489089e-07   1.5060514e-06
   9.4691638e-07   1.5059838e-06
   9.4894187e-07   1.5059161e-06
   9.5096736e-07   1.5058484e-06
   9.5299285e-07   1.5057982e-06
   9.5501834e-07   1.5057982e-06
   9.5704383e-07   1.5057981e-06
   9.5906932e-07   1.5057756e-06
   9.6109481e-07   1.5057530e-06
   9.6312030e-07   1.5057304e-06
   9.6514579e-07   1.5057079e-06
   9.6717128e-07   1.5057076e-06
   9.6919677e-07   1.5057302e-06
   9.7122226e-07   1.5057418e-06
   9.7324775e-07   1.5057191e-06
   9.7527324e-07   1.5056963e-06
   9.7729873e-07   1.5056736e-06
   9.7932422e-07   1.5056509e-06
   9.8134971e-07   1.5056629e-06
   9.8337520e-07   1.5056856e-06
   9.8540069e-07   1.5056725e-06
   9.8742617e-07   1.5056274e-06
   9.8945166e-07   1.5055823e-06
   9.9147715e-07   1.5055372e-06
   9.9350264e-07   1.5054924e-06
   9.9552813e-07   1.5054699e-06
   9.9755362e-07   1.5054473e-06
   9.9957911e-07   1.5054247e-06
   1.0016046e-06   1.5054022e-06
   1.0036301e-06   1.5053796e-06
   1.0056556e-06   1.5053571e-06
   1.0076811e-06   1.5053288e-06
   1.0097066e-06   1.5052837e-06
   1.0117320e-06   1.5052385e-06
