  -1.0009586e-06   1.5184808e-06
  -9.9895468e-07   1.5183330e-06
  -9.9695076e-07   1.5181739e-06
  -9.9494684e-07   1.5179912e-06
  -9.9294292e-07   1.5178086e-06
  -9.9093899e-07   1.5176301e-06
  -9.8893507e-07   1.5174803e-06
  -9.8693115e-07   1.5173008e-06
  -9.8492723e-07   1.5170853e-06
  -9.8292331e-07   1.5168699e-06
  -9.8091939e-07   1.5166591e-06
  -9.7891547e-07   1.5164621e-06
  -9.7691155e-07   1.5162937e-06
  -9.7490763e-07   1.5161460e-06
  -9.7290370e-07   1.5159982e-06
  -9.7089978e-07   1.5158380e-06
  -9.6889586e-07   1.5156574e-06
  -9.6689194e-07   1.5155232e-06
  -9.6488802e-07   1.5154083e-06
  -9.6288410e-07   1.5152934e-06
  -9.6088018e-07   1.5151285e-06
  -9.5887626e-07   1.5149151e-06
  -9.5687234e-07   1.5147993e-06
  -9.5486841e-07   1.5147028e-06
  -9.5286449e-07   1.5146064e-06
  -9.5086057e-07   1.5144475e-06
  -9.4885665e-07   1.5142526e-06
  -9.4685273e-07   1.5140577e-06
  -9.4484881e-07   1.5138627e-06
  -9.4284489e-07   1.5136678e-06
  -9.4084097e-07   1.5135243e-06
  -9.3883705e-07   1.5133808e-06
  -9.3683312e-07   1.5130668e-06
  -9.3482920e-07   1.5127529e-06
  -9.3282528e-07   1.5124389e-06
  -9.3082136e-07   1.5124253e-06
  -9.2881744e-07   1.5123889e-06
  -9.2681352e-07   1.5121283e-06
  -9.2480960e-07   1.5118677e-06
  -9.2280568e-07   1.5116140e-06
  -9.2080176e-07   1.5118562e-06
  -9.1879783e-07   1.5119780e-06
  -9.1679391e-07   1.5118672e-06
  -9.1478999e-07   1.5117564e-06
  -9.1278607e-07   1.5117075e-06
  -9.1078215e-07   1.5120357e-06
  -9.0877823e-07   1.5122623e-06
  -9.0677431e-07   1.5123731e-06
  -9.0477039e-07   1.5124839e-06
  -9.0276647e-07   1.5126440e-06
  -9.0076254e-07   1.5129397e-06
  -8.9875862e-07   1.5132244e-06
  -8.9675470e-07   1.5135016e-06
  -8.9475078e-07   1.5137787e-06
  -8.9274686e-07   1.5140501e-06
  -8.9074294e-07   1.5143127e-06
  -8.8873902e-07   1.5146108e-06
  -8.8673510e-07   1.5149225e-06
  -8.8473117e-07   1.5152343e-06
  -8.8272725e-07   1.5154766e-06
  -8.8072333e-07   1.5156550e-06
  -8.7871941e-07   1.5158908e-06
  -8.7671549e-07   1.5161370e-06
  -8.7471157e-07   1.5163831e-06
  -8.7270765e-07   1.5165326e-06
  -8.7070373e-07   1.5166291e-06
  -8.6869981e-07   1.5167396e-06
  -8.6669588e-07   1.5168505e-06
  -8.6469196e-07   1.5169614e-06
  -8.6268804e-07   1.5169577e-06
  -8.6068412e-07   1.5169276e-06
  -8.5868020e-07   1.5169584e-06
  -8.5667628e-07   1.5169891e-06
  -8.5467236e-07   1.5170199e-06
  -8.5266844e-07   1.5169436e-06
  -8.5066452e-07   1.5168515e-06
  -8.4866059e-07   1.5167468e-06
  -8.4665667e-07   1.5166421e-06
  -8.4465275e-07   1.5165351e-06
  -8.4264883e-07   1.5163505e-06
  -8.4064491e-07   1.5161651e-06
  -8.3864099e-07   1.5159785e-06
  -8.3663707e-07   1.5157918e-06
  -8.3463315e-07   1.5156001e-06
  -8.3262923e-07   1.5153804e-06
  -8.3062530e-07   1.5151607e-06
  -8.2862138e-07   1.5149410e-06
  -8.2661746e-07   1.5147213e-06
  -8.2461354e-07   1.5145064e-06
  -8.2260962e-07   1.5143033e-06
  -8.2060570e-07   1.5140902e-06
  -8.1860178e-07   1.5138708e-06
  -8.1659786e-07   1.5136513e-06
  -8.1459394e-07   1.5134469e-06
  -8.1259001e-07   1.5132643e-06
  -8.1058609e-07   1.5130803e-06
  -8.0858217e-07   1.5128957e-06
  -8.0657825e-07   1.5127111e-06
  -8.0457433e-07   1.5125264e-06
  -8.0257041e-07   1.5123416e-06
  -8.0056649e-07   1.5122010e-06
  -7.9856257e-07   1.5120675e-06
  -7.9655865e-07   1.5119341e-06
  -7.9455472e-07   1.5117803e-06
  -7.9255080e-07   1.5116162e-06
  -7.9054688e-07   1.5115312e-06
  -7.8854296e-07   1.5114471e-06
  -7.8653904e-07   1.5113630e-06
  -7.8453512e-07   1.5112417e-06
  -7.8253120e-07   1.5111103e-06
  -7.8052728e-07   1.5109789e-06
  -7.7852336e-07   1.5108475e-06
  -7.7651943e-07   1.5107161e-06
  -7.7451551e-07   1.5105378e-06
  -7.7251159e-07   1.5103881e-06
  -7.7050767e-07   1.5103409e-06
  -7.6850375e-07   1.5102937e-06
  -7.6649983e-07   1.5102432e-06
  -7.6449591e-07   1.5101139e-06
  -7.6249199e-07   1.5099966e-06
  -7.6048807e-07   1.5099001e-06
  -7.5848414e-07   1.5098036e-06
  -7.5648022e-07   1.5096932e-06
  -7.5447630e-07   1.5095147e-06
  -7.5247238e-07   1.5094106e-06
  -7.5046846e-07   1.5093819e-06
  -7.4846454e-07   1.5093532e-06
  -7.4646062e-07   1.5092996e-06
  -7.4445670e-07   1.5091867e-06
  -7.4245278e-07   1.5091467e-06
  -7.4044885e-07   1.5091508e-06
  -7.3844493e-07   1.5091549e-06
  -7.3644101e-07   1.5091181e-06
  -7.3443709e-07   1.5090258e-06
  -7.3243317e-07   1.5090212e-06
  -7.3042925e-07   1.5090458e-06
  -7.2842533e-07   1.5090705e-06
  -7.2642141e-07   1.5090669e-06
  -7.2441749e-07   1.5090403e-06
  -7.2241356e-07   1.5090136e-06
  -7.2040964e-07   1.5089869e-06
  -7.1840572e-07   1.5089603e-06
  -7.1640180e-07   1.5089681e-06
  -7.1439788e-07   1.5089927e-06
  -7.1239396e-07   1.5089331e-06
  -7.1039004e-07   1.5088736e-06
  -7.0838612e-07   1.5088140e-06
  -7.0638220e-07   1.5091070e-06
  -7.0437827e-07   1.5094473e-06
  -7.0237435e-07   1.5095231e-06
  -7.0037043e-07   1.5095990e-06
  -6.9836651e-07   1.5096749e-06
  -6.9636259e-07   1.5101718e-06
  -6.9435867e-07   1.5106627e-06
  -6.9235475e-07   1.5110405e-06
  -6.9035083e-07   1.5114183e-06
  -6.8834691e-07   1.5118038e-06
  -6.8634298e-07   1.5123165e-06
  -6.8433906e-07   1.5127979e-06
  -6.8233514e-07   1.5132286e-06
  -6.8033122e-07   1.5136593e-06
  -6.7832730e-07   1.5140965e-06
  -6.7632338e-07   1.5145626e-06
  -6.7431946e-07   1.5150182e-06
  -6.7231554e-07   1.5154637e-06
  -6.7031162e-07   1.5159093e-06
  -6.6830769e-07   1.5163604e-06
  -6.6630377e-07   1.5168240e-06
  -6.6429985e-07   1.5173097e-06
  -6.6229593e-07   1.5178081e-06
  -6.6029201e-07   1.5183066e-06
  -6.5828809e-07   1.5187621e-06
  -6.5628417e-07   1.5191620e-06
  -6.5428025e-07   1.5196761e-06
  -6.5227632e-07   1.5202258e-06
  -6.5027240e-07   1.5207755e-06
  -6.4826848e-07   1.5212415e-06
  -6.4626456e-07   1.5216419e-06
  -6.4426064e-07   1.5220860e-06
  -6.4225672e-07   1.5225357e-06
  -6.4025280e-07   1.5229853e-06
  -6.3824888e-07   1.5233200e-06
  -6.3624496e-07   1.5236041e-06
  -6.3424103e-07   1.5239528e-06
  -6.3223711e-07   1.5243015e-06
  -6.3023319e-07   1.5246502e-06
  -6.2822927e-07   1.5248771e-06
  -6.2622535e-07   1.5250716e-06
  -6.2422143e-07   1.5252379e-06
  -6.2221751e-07   1.5254042e-06
  -6.2021359e-07   1.5255705e-06
  -6.1820967e-07   1.5256592e-06
  -6.1620574e-07   1.5257389e-06
  -6.1420182e-07   1.5258066e-06
  -6.1219790e-07   1.5258742e-06
  -6.1019398e-07   1.5259362e-06
  -6.0819006e-07   1.5259197e-06
  -6.0618614e-07   1.5258626e-06
  -6.0418222e-07   1.5257435e-06
  -6.0217830e-07   1.5256244e-06
  -6.0017438e-07   1.5255058e-06
  -5.9817045e-07   1.5253889e-06
  -5.9616653e-07   1.5252375e-06
  -5.9416261e-07   1.5250550e-06
  -5.9215869e-07   1.5248725e-06
  -5.9015477e-07   1.5246958e-06
  -5.8815085e-07   1.5245315e-06
  -5.8614693e-07   1.5243326e-06
  -5.8414301e-07   1.5241149e-06
  -5.8213909e-07   1.5238973e-06
  -5.8013516e-07   1.5236881e-06
  -5.7813124e-07   1.5234891e-06
  -5.7612732e-07   1.5232774e-06
  -5.7412340e-07   1.5230620e-06
  -5.7211948e-07   1.5228467e-06
  -5.7011556e-07   1.5225840e-06
  -5.6811164e-07   1.5222866e-06
  -5.6610772e-07   1.5220651e-06
  -5.6410380e-07   1.5218518e-06
  -5.6209987e-07   1.5216385e-06
  -5.6009595e-07   1.5213545e-06
  -5.5809203e-07   1.5210427e-06
  -5.5608811e-07   1.5208107e-06
  -5.5408419e-07   1.5205787e-06
  -5.5208027e-07   1.5203467e-06
  -5.5007635e-07   1.5200041e-06
  -5.4807243e-07   1.5196551e-06
  -5.4606851e-07   1.5193926e-06
  -5.4406458e-07   1.5191300e-06
  -5.4206066e-07   1.5188675e-06
  -5.4005674e-07   1.5184458e-06
  -5.3805282e-07   1.5180300e-06
  -5.3604890e-07   1.5176482e-06
  -5.3404498e-07   1.5172663e-06
  -5.3204106e-07   1.5168732e-06
  -5.3003714e-07   1.5163605e-06
  -5.2803322e-07   1.5158409e-06
  -5.2602929e-07   1.5153118e-06
  -5.2402537e-07   1.5147826e-06
  -5.2202145e-07   1.5143023e-06
  -5.2001753e-07   1.5140067e-06
  -5.1801361e-07   1.5137298e-06
  -5.1600969e-07   1.5134690e-06
  -5.1400577e-07   1.5132083e-06
  -5.1200185e-07   1.5131639e-06
  -5.0999793e-07   1.5135413e-06
  -5.0799400e-07   1.5138628e-06
  -5.0599008e-07   1.5141561e-06
  -5.0398616e-07   1.5144494e-06
  -5.0198224e-07   1.5148682e-06
  -4.9997832e-07   1.5154323e-06
  -4.9797440e-07   1.5159007e-06
  -4.9597048e-07   1.5163438e-06
  -4.9396656e-07   1.5167868e-06
  -4.9196264e-07   1.5172905e-06
  -4.8995871e-07   1.5178367e-06
  -4.8795479e-07   1.5183076e-06
  -4.8595087e-07   1.5187716e-06
  -4.8394695e-07   1.5192356e-06
  -4.8194303e-07   1.5197479e-06
  -4.7993911e-07   1.5202806e-06
  -4.7793519e-07   1.5208446e-06
  -4.7593127e-07   1.5214087e-06
  -4.7392735e-07   1.5219727e-06
  -4.7192342e-07   1.5224248e-06
  -4.6991950e-07   1.5228731e-06
  -4.6791558e-07   1.5234049e-06
  -4.6591166e-07   1.5239367e-06
  -4.6390774e-07   1.5244685e-06
  -4.6190382e-07   1.5248203e-06
  -4.5989990e-07   1.5252067e-06
  -4.5789598e-07   1.5256866e-06
  -4.5589206e-07   1.5261666e-06
  -4.5388813e-07   1.5266226e-06
  -4.5188421e-07   1.5268546e-06
  -4.4988029e-07   1.5271433e-06
  -4.4787637e-07   1.5275088e-06
  -4.4587245e-07   1.5278742e-06
  -4.4386853e-07   1.5282095e-06
  -4.4186461e-07   1.5284413e-06
  -4.3986069e-07   1.5286459e-06
  -4.3785676e-07   1.5288284e-06
  -4.3585284e-07   1.5290109e-06
  -4.3384892e-07   1.5291936e-06
  -4.3184500e-07   1.5293763e-06
  -4.2984108e-07   1.5295131e-06
  -4.2783716e-07   1.5296280e-06
  -4.2583324e-07   1.5297430e-06
  -4.2382932e-07   1.5298747e-06
  -4.2182540e-07   1.5300244e-06
  -4.1982147e-07   1.5300650e-06
  -4.1781755e-07   1.5300794e-06
  -4.1581363e-07   1.5300937e-06
  -4.1380971e-07   1.5301502e-06
  -4.1180579e-07   1.5302343e-06
  -4.0980187e-07   1.5302077e-06
  -4.0779795e-07   1.5301728e-06
  -4.0579403e-07   1.5301379e-06
  -4.0379011e-07   1.5301540e-06
  -4.0178618e-07   1.5301850e-06
  -3.9978226e-07   1.5301521e-06
  -3.9777834e-07   1.5301193e-06
  -3.9577442e-07   1.5300864e-06
  -3.9377050e-07   1.5300677e-06
  -3.9176658e-07   1.5300547e-06
  -3.8976266e-07   1.5300568e-06
  -3.8775874e-07   1.5300588e-06
  -3.8575482e-07   1.5300609e-06
  -3.8375089e-07   1.5299801e-06
  -3.8174697e-07   1.5299293e-06
  -3.7974305e-07   1.5299478e-06
  -3.7773913e-07   1.5299663e-06
  -3.7573521e-07   1.5299642e-06
  -3.7373129e-07   1.5298001e-06
  -3.7172737e-07   1.5296864e-06
  -3.6972345e-07   1.5296372e-06
  -3.6771953e-07   1.5295880e-06
  -3.6571560e-07   1.5294958e-06
  -3.6371168e-07   1.5292659e-06
  -3.6170776e-07   1.5290835e-06
  -3.5970384e-07   1.5289377e-06
  -3.5769992e-07   1.5287919e-06
  -3.5569600e-07   1.5285837e-06
  -3.5369208e-07   1.5282679e-06
  -3.5168816e-07   1.5279989e-06
  -3.4968424e-07   1.5277507e-06
  -3.4768031e-07   1.5275026e-06
  -3.4567639e-07   1.5271979e-06
  -3.4367247e-07   1.5268349e-06
  -3.4166855e-07   1.5264567e-06
  -3.3966463e-07   1.5260752e-06
  -3.3766071e-07   1.5256937e-06
  -3.3565679e-07   1.5252829e-06
  -3.3365287e-07   1.5248538e-06
  -3.3164895e-07   1.5244091e-06
  -3.2964502e-07   1.5239636e-06
  -3.2764110e-07   1.5235181e-06
  -3.2563718e-07   1.5230469e-06
  -3.2363326e-07   1.5225609e-06
  -3.2162934e-07   1.5219968e-06
  -3.1962542e-07   1.5214328e-06
  -3.1762150e-07   1.5208687e-06
  -3.1561758e-07   1.5203059e-06
  -3.1361366e-07   1.5197267e-06
  -3.1160973e-07   1.5190799e-06
  -3.0960581e-07   1.5184332e-06
  -3.0760189e-07   1.5177864e-06
  -3.0559797e-07   1.5173433e-06
  -3.0359405e-07   1.5168669e-06
  -3.0159013e-07   1.5163213e-06
  -2.9958621e-07   1.5157757e-06
  -2.9758229e-07   1.5152803e-06
  -2.9557837e-07   1.5151386e-06
  -2.9357444e-07   1.5149440e-06
  -2.9157052e-07   1.5146853e-06
  -2.8956660e-07   1.5144266e-06
  -2.8756268e-07   1.5142742e-06
  -2.8555876e-07   1.5144342e-06
  -2.8355484e-07   1.5145644e-06
  -2.8155092e-07   1.5146731e-06
  -2.7954700e-07   1.5147819e-06
  -2.7754308e-07   1.5149427e-06
  -2.7553915e-07   1.5151890e-06
  -2.7353523e-07   1.5154238e-06
  -2.7153131e-07   1.5156538e-06
  -2.6952739e-07   1.5158837e-06
  -2.6752347e-07   1.5161386e-06
  -2.6551955e-07   1.5164175e-06
  -2.6351563e-07   1.5166965e-06
  -2.6151171e-07   1.5169754e-06
  -2.5950779e-07   1.5172544e-06
  -2.5750386e-07   1.5175567e-06
  -2.5549994e-07   1.5178726e-06
  -2.5349602e-07   1.5181550e-06
  -2.5149210e-07   1.5184360e-06
  -2.4948818e-07   1.5187170e-06
  -2.4748426e-07   1.5189858e-06
  -2.4548034e-07   1.5192492e-06
  -2.4347642e-07   1.5194977e-06
  -2.4147250e-07   1.5197461e-06
  -2.3946857e-07   1.5199946e-06
  -2.3746465e-07   1.5202282e-06
  -2.3546073e-07   1.5204491e-06
  -2.3345681e-07   1.5206296e-06
  -2.3145289e-07   1.5208101e-06
  -2.2944897e-07   1.5209902e-06
  -2.2744505e-07   1.5211401e-06
  -2.2544113e-07   1.5212670e-06
  -2.2343721e-07   1.5213492e-06
  -2.2143328e-07   1.5214313e-06
  -2.1942936e-07   1.5215039e-06
  -2.1742544e-07   1.5215182e-06
  -2.1542152e-07   1.5215173e-06
  -2.1341760e-07   1.5214988e-06
  -2.1141368e-07   1.5214803e-06
  -2.0940976e-07   1.5214450e-06
  -2.0740584e-07   1.5213629e-06
  -2.0540191e-07   1.5212503e-06
  -2.0339799e-07   1.5211168e-06
  -2.0139407e-07   1.5209834e-06
  -1.9939015e-07   1.5208168e-06
  -1.9738623e-07   1.5205993e-06
  -1.9538231e-07   1.5204056e-06
  -1.9337839e-07   1.5202210e-06
  -1.9137447e-07   1.5200364e-06
  -1.8937055e-07   1.5198177e-06
  -1.8736662e-07   1.5195675e-06
  -1.8536270e-07   1.5193311e-06
  -1.8335878e-07   1.5190973e-06
  -1.8135486e-07   1.5188635e-06
  -1.7935094e-07   1.5185647e-06
  -1.7734702e-07   1.5182300e-06
  -1.7534310e-07   1.5179772e-06
  -1.7333918e-07   1.5177267e-06
  -1.7133526e-07   1.5174762e-06
  -1.6933133e-07   1.5172021e-06
  -1.6732741e-07   1.5169278e-06
  -1.6532349e-07   1.5167145e-06
  -1.6331957e-07   1.5165012e-06
  -1.6131565e-07   1.5162879e-06
  -1.5931173e-07   1.5159988e-06
  -1.5730781e-07   1.5157271e-06
  -1.5530389e-07   1.5155443e-06
  -1.5329997e-07   1.5153616e-06
  -1.5129604e-07   1.5151770e-06
  -1.4929212e-07   1.5149289e-06
  -1.4728820e-07   1.5147525e-06
  -1.4528428e-07   1.5147074e-06
  -1.4328036e-07   1.5146623e-06
  -1.4127644e-07   1.5146225e-06
  -1.3927252e-07   1.5146122e-06
  -1.3726860e-07   1.5147301e-06
  -1.3526468e-07   1.5149867e-06
  -1.3326075e-07   1.5152434e-06
  -1.3125683e-07   1.5155190e-06
  -1.2925291e-07   1.5158431e-06
  -1.2724899e-07   1.5162594e-06
  -1.2524507e-07   1.5167353e-06
  -1.2324115e-07   1.5172111e-06
  -1.2123723e-07   1.5176880e-06
  -1.1923331e-07   1.5181664e-06
  -1.1722939e-07   1.5186433e-06
  -1.1522546e-07   1.5191196e-06
  -1.1322154e-07   1.5195960e-06
  -1.1121762e-07   1.5200006e-06
  -1.0921370e-07   1.5203432e-06
  -1.0720978e-07   1.5206715e-06
  -1.0520586e-07   1.5209977e-06
  -1.0320194e-07   1.5213238e-06
  -1.0119802e-07   1.5215727e-06
  -9.9194095e-08   1.5217819e-06
  -9.7190174e-08   1.5220417e-06
  -9.5186253e-08   1.5223022e-06
  -9.3182332e-08   1.5225627e-06
  -9.1178411e-08   1.5228234e-06
  -8.9174490e-08   1.5230802e-06
  -8.7170569e-08   1.5233061e-06
  -8.5166648e-08   1.5235319e-06
  -8.3162727e-08   1.5237578e-06
  -8.1158805e-08   1.5239872e-06
  -7.9154884e-08   1.5242124e-06
  -7.7150963e-08   1.5244237e-06
  -7.5147042e-08   1.5246350e-06
  -7.3143121e-08   1.5248476e-06
  -7.1139200e-08   1.5250940e-06
  -6.9135279e-08   1.5253343e-06
  -6.7131358e-08   1.5255643e-06
  -6.5127436e-08   1.5257943e-06
  -6.3123515e-08   1.5260242e-06
  -6.1119594e-08   1.5262539e-06
  -5.9115673e-08   1.5264755e-06
  -5.7111752e-08   1.5266888e-06
  -5.5107831e-08   1.5269021e-06
  -5.3103910e-08   1.5271005e-06
  -5.1099989e-08   1.5272627e-06
  -4.9096067e-08   1.5274147e-06
  -4.7092146e-08   1.5275604e-06
  -4.5088225e-08   1.5277062e-06
  -4.3084304e-08   1.5278181e-06
  -4.1080383e-08   1.5278838e-06
  -3.9076462e-08   1.5279601e-06
  -3.7072541e-08   1.5280401e-06
  -3.5068620e-08   1.5281201e-06
  -3.3064698e-08   1.5281361e-06
  -3.1060777e-08   1.5280992e-06
  -2.9056856e-08   1.5280784e-06
  -2.7052935e-08   1.5280600e-06
  -2.5049014e-08   1.5280415e-06
  -2.3045093e-08   1.5279554e-06
  -2.1041172e-08   1.5278364e-06
  -1.9037251e-08   1.5276988e-06
  -1.7033330e-08   1.5275612e-06
  -1.5029408e-08   1.5274237e-06
  -1.3025487e-08   1.5272487e-06
  -1.1021566e-08   1.5270665e-06
  -9.0176450e-09   1.5268987e-06
  -7.0137239e-09   1.5267308e-06
  -5.0098028e-09   1.5265630e-06
  -3.0058817e-09   1.5263313e-06
  -1.0019606e-09   1.5260942e-06
   1.0019606e-09   1.5258587e-06
   3.0058817e-09   1.5256232e-06
   5.0098028e-09   1.5253891e-06
   7.0137239e-09   1.5251723e-06
   9.0176450e-09   1.5249750e-06
   1.1021566e-08   1.5248074e-06
   1.3025487e-08   1.5246397e-06
   1.5029408e-08   1.5244573e-06
   1.7033330e-08   1.5242098e-06
   1.9037251e-08   1.5239790e-06
   2.1041172e-08   1.5237643e-06
   2.3045093e-08   1.5235496e-06
   2.5049014e-08   1.5233093e-06
   2.7052935e-08   1.5230076e-06
   2.9056856e-08   1.5227701e-06
   3.1060777e-08   1.5225697e-06
   3.3064698e-08   1.5223693e-06
   3.5068620e-08   1.5221169e-06
   3.7072541e-08   1.5218020e-06
   3.9076462e-08   1.5214728e-06
   4.1080383e-08   1.5211395e-06
   4.3084304e-08   1.5208062e-06
   4.5088225e-08   1.5204464e-06
   4.7092146e-08   1.5200661e-06
   4.9096067e-08   1.5197002e-06
   5.1099989e-08   1.5193362e-06
   5.3103910e-08   1.5189722e-06
   5.5107831e-08   1.5186516e-06
   5.7111752e-08   1.5183513e-06
   5.9115673e-08   1.5179857e-06
   6.1119594e-08   1.5176200e-06
   6.3123515e-08   1.5172543e-06
   6.5127436e-08   1.5172119e-06
   6.7131358e-08   1.5172036e-06
   6.9135279e-08   1.5170257e-06
   7.1139200e-08   1.5168478e-06
   7.3143121e-08   1.5166699e-06
   7.5147042e-08   1.5170913e-06
   7.7150963e-08   1.5175003e-06
   7.9154884e-08   1.5177723e-06
   8.1158805e-08   1.5180442e-06
   8.3162727e-08   1.5183314e-06
   8.5166648e-08   1.5188954e-06
   8.7170569e-08   1.5194400e-06
   8.9174490e-08   1.5199544e-06
   9.1178411e-08   1.5204688e-06
   9.3182332e-08   1.5209787e-06
   9.5186253e-08   1.5214715e-06
   9.7190174e-08   1.5219555e-06
   9.9194095e-08   1.5224320e-06
   1.0119802e-07   1.5229084e-06
   1.0320194e-07   1.5233475e-06
   1.0520586e-07   1.5237073e-06
   1.0720978e-07   1.5240554e-06
   1.0921370e-07   1.5243969e-06
   1.1121762e-07   1.5247384e-06
   1.1322154e-07   1.5250600e-06
   1.1522546e-07   1.5253555e-06
   1.1722939e-07   1.5256906e-06
   1.1923331e-07   1.5260377e-06
   1.2123723e-07   1.5263847e-06
   1.2324115e-07   1.5266814e-06
   1.2524507e-07   1.5269432e-06
   1.2724899e-07   1.5272198e-06
   1.2925291e-07   1.5274979e-06
   1.3125683e-07   1.5277760e-06
   1.3326075e-07   1.5280083e-06
   1.3526468e-07   1.5282206e-06
   1.3726860e-07   1.5284149e-06
   1.3927252e-07   1.5286091e-06
   1.4127644e-07   1.5288034e-06
   1.4328036e-07   1.5289859e-06
   1.4528428e-07   1.5291708e-06
   1.4728820e-07   1.5293856e-06
   1.4929212e-07   1.5296005e-06
   1.5129604e-07   1.5298154e-06
   1.5329997e-07   1.5300618e-06
   1.5530389e-07   1.5302754e-06
   1.5730781e-07   1.5304063e-06
   1.5931173e-07   1.5305371e-06
   1.6131565e-07   1.5306719e-06
   1.6331957e-07   1.5308518e-06
   1.6532349e-07   1.5310113e-06
   1.6732741e-07   1.5311401e-06
   1.6933133e-07   1.5312690e-06
   1.7133526e-07   1.5313953e-06
   1.7333918e-07   1.5315110e-06
   1.7534310e-07   1.5316006e-06
   1.7734702e-07   1.5316667e-06
   1.7935094e-07   1.5317328e-06
   1.8135486e-07   1.5317817e-06
   1.8335878e-07   1.5317980e-06
   1.8536270e-07   1.5318021e-06
   1.8736662e-07   1.5318000e-06
   1.8937055e-07   1.5317980e-06
   1.9137447e-07   1.5317586e-06
   1.9337839e-07   1.5316747e-06
   1.9538231e-07   1.5316036e-06
   1.9738623e-07   1.5315361e-06
   1.9939015e-07   1.5314687e-06
   2.0139407e-07   1.5313434e-06
   2.0339799e-07   1.5311740e-06
   2.0540191e-07   1.5310812e-06
   2.0740584e-07   1.5309965e-06
   2.0940976e-07   1.5309118e-06
   2.1141368e-07   1.5307075e-06
   2.1341760e-07   1.5304643e-06
   2.1542152e-07   1.5303477e-06
   2.1742544e-07   1.5302312e-06
   2.1942936e-07   1.5301146e-06
   2.2143328e-07   1.5298870e-06
   2.2343721e-07   1.5296587e-06
   2.2544113e-07   1.5295442e-06
   2.2744505e-07   1.5294297e-06
   2.2944897e-07   1.5293152e-06
   2.3145289e-07   1.5291351e-06
   2.3345681e-07   1.5289700e-06
   2.3546073e-07   1.5288522e-06
   2.3746465e-07   1.5287345e-06
   2.3946857e-07   1.5286136e-06
   2.4147250e-07   1.5284664e-06
   2.4347642e-07   1.5282983e-06
   2.4548034e-07   1.5281020e-06
   2.4748426e-07   1.5279057e-06
   2.4948818e-07   1.5277125e-06
   2.5149210e-07   1.5275307e-06
   2.5349602e-07   1.5272644e-06
   2.5549994e-07   1.5269297e-06
   2.5750386e-07   1.5265950e-06
   2.5950779e-07   1.5262815e-06
   2.6151171e-07   1.5260034e-06
   2.6351563e-07   1.5256443e-06
   2.6551955e-07   1.5252497e-06
   2.6752347e-07   1.5248550e-06
   2.6952739e-07   1.5244762e-06
   2.7153131e-07   1.5241143e-06
   2.7353523e-07   1.5236438e-06
   2.7553915e-07   1.5231469e-06
   2.7754308e-07   1.5226500e-06
   2.7954700e-07   1.5221403e-06
   2.8155092e-07   1.5216217e-06
   2.8355484e-07   1.5210724e-06
   2.8555876e-07   1.5205208e-06
   2.8756268e-07   1.5199692e-06
   2.8956660e-07   1.5194111e-06
   2.9157052e-07   1.5188496e-06
   2.9357444e-07   1.5182730e-06
   2.9557837e-07   1.5176963e-06
   2.9758229e-07   1.5171197e-06
   2.9958621e-07   1.5165571e-06
   3.0159013e-07   1.5160242e-06
   3.0359405e-07   1.5156132e-06
   3.0559797e-07   1.5152022e-06
   3.0760189e-07   1.5147912e-06
   3.0960581e-07   1.5145105e-06
   3.1160973e-07   1.5142913e-06
   3.1361366e-07   1.5142004e-06
   3.1561758e-07   1.5141095e-06
   3.1762150e-07   1.5140405e-06
   3.1962542e-07   1.5141161e-06
   3.2162934e-07   1.5143129e-06
   3.2363326e-07   1.5146565e-06
   3.2563718e-07   1.5150000e-06
   3.2764110e-07   1.5153598e-06
   3.2964502e-07   1.5157708e-06
   3.3164895e-07   1.5162381e-06
   3.3365287e-07   1.5167493e-06
   3.3565679e-07   1.5172605e-06
   3.3766071e-07   1.5177627e-06
   3.3966463e-07   1.5182482e-06
   3.4166855e-07   1.5187322e-06
   3.4367247e-07   1.5192157e-06
   3.4567639e-07   1.5196991e-06
   3.4768031e-07   1.5201289e-06
   3.4968424e-07   1.5205072e-06
   3.5168816e-07   1.5208872e-06
   3.5369208e-07   1.5212675e-06
   3.5569600e-07   1.5216479e-06
   3.5769992e-07   1.5219978e-06
   3.5970384e-07   1.5223290e-06
   3.6170776e-07   1.5225642e-06
   3.6371168e-07   1.5227932e-06
   3.6571560e-07   1.5230222e-06
   3.6771953e-07   1.5232168e-06
   3.6972345e-07   1.5233953e-06
   3.7172737e-07   1.5235275e-06
   3.7373129e-07   1.5236597e-06
   3.7573521e-07   1.5237919e-06
   3.7773913e-07   1.5238357e-06
   3.7974305e-07   1.5238787e-06
   3.8174697e-07   1.5239605e-06
   3.8375089e-07   1.5240423e-06
   3.8575482e-07   1.5241241e-06
   3.8775874e-07   1.5241222e-06
   3.8976266e-07   1.5241313e-06
   3.9176658e-07   1.5241640e-06
   3.9377050e-07   1.5241967e-06
   3.9577442e-07   1.5242185e-06
   3.9777834e-07   1.5241504e-06
   3.9978226e-07   1.5241043e-06
   4.0178618e-07   1.5240857e-06
   4.0379011e-07   1.5240671e-06
   4.0579403e-07   1.5240355e-06
   4.0779795e-07   1.5239680e-06
   4.0980187e-07   1.5239113e-06
   4.1180579e-07   1.5238623e-06
   4.1380971e-07   1.5238132e-06
   4.1581363e-07   1.5237772e-06
   4.1781755e-07   1.5237629e-06
   4.1982147e-07   1.5236886e-06
   4.2182540e-07   1.5235884e-06
   4.2382932e-07   1.5234882e-06
   4.2583324e-07   1.5234127e-06
   4.2783716e-07   1.5233631e-06
   4.2984108e-07   1.5232590e-06
   4.3184500e-07   1.5231433e-06
   4.3384892e-07   1.5230276e-06
   4.3585284e-07   1.5229127e-06
   4.3785676e-07   1.5227982e-06
   4.3986069e-07   1.5225868e-06
   4.4186461e-07   1.5223721e-06
   4.4386853e-07   1.5221574e-06
   4.4587245e-07   1.5219566e-06
   4.4787637e-07   1.5217550e-06
   4.4988029e-07   1.5214891e-06
   4.5188421e-07   1.5212233e-06
   4.5388813e-07   1.5209575e-06
   4.5589206e-07   1.5206911e-06
   4.5789598e-07   1.5204178e-06
   4.5989990e-07   1.5201183e-06
   4.6190382e-07   1.5198187e-06
   4.6390774e-07   1.5195189e-06
   4.6591166e-07   1.5192060e-06
   4.6791558e-07   1.5188995e-06
   4.6991950e-07   1.5186050e-06
   4.7192342e-07   1.5183106e-06
   4.7392735e-07   1.5180205e-06
   4.7593127e-07   1.5177588e-06
   4.7793519e-07   1.5174896e-06
   4.7993911e-07   1.5172115e-06
   4.8194303e-07   1.5169334e-06
   4.8394695e-07   1.5167040e-06
   4.8595087e-07   1.5166255e-06
   4.8795479e-07   1.5165373e-06
   4.8995871e-07   1.5164423e-06
   4.9196264e-07   1.5163473e-06
   4.9396656e-07   1.5164216e-06
   4.9597048e-07   1.5167468e-06
   4.9797440e-07   1.5170349e-06
   4.9997832e-07   1.5173089e-06
   5.0198224e-07   1.5175829e-06
   5.0398616e-07   1.5179869e-06
   5.0599008e-07   1.5185145e-06
   5.0799400e-07   1.5189704e-06
   5.0999793e-07   1.5194121e-06
   5.1200185e-07   1.5198538e-06
   5.1400577e-07   1.5203407e-06
   5.1600969e-07   1.5208551e-06
   5.1801361e-07   1.5213239e-06
   5.2001753e-07   1.5217908e-06
   5.2202145e-07   1.5222577e-06
   5.2402537e-07   1.5226809e-06
   5.2602929e-07   1.5230850e-06
   5.2803322e-07   1.5234285e-06
   5.3003714e-07   1.5237720e-06
   5.3204106e-07   1.5241155e-06
   5.3404498e-07   1.5244463e-06
   5.3604890e-07   1.5247716e-06
   5.3805282e-07   1.5250824e-06
   5.4005674e-07   1.5253932e-06
   5.4206066e-07   1.5257040e-06
   5.4406458e-07   1.5259850e-06
   5.4606851e-07   1.5262660e-06
   5.4807243e-07   1.5265469e-06
   5.5007635e-07   1.5268279e-06
   5.5208027e-07   1.5271031e-06
   5.5408419e-07   1.5273485e-06
   5.5608811e-07   1.5275781e-06
   5.5809203e-07   1.5277908e-06
   5.6009595e-07   1.5280034e-06
   5.6209987e-07   1.5281988e-06
   5.6410380e-07   1.5283476e-06
   5.6610772e-07   1.5285479e-06
   5.6811164e-07   1.5287813e-06
   5.7011556e-07   1.5290148e-06
   5.7211948e-07   1.5291901e-06
   5.7412340e-07   1.5292882e-06
   5.7612732e-07   1.5294355e-06
   5.7813124e-07   1.5295991e-06
   5.8013516e-07   1.5297627e-06
   5.8213909e-07   1.5298634e-06
   5.8414301e-07   1.5299104e-06
   5.8614693e-07   1.5300014e-06
   5.8815085e-07   1.5300996e-06
   5.9015477e-07   1.5301977e-06
   5.9215869e-07   1.5302202e-06
   5.9416261e-07   1.5302016e-06
   5.9616653e-07   1.5302339e-06
   5.9817045e-07   1.5302670e-06
   6.0017438e-07   1.5303001e-06
   6.0217830e-07   1.5302667e-06
   6.0418222e-07   1.5302195e-06
   6.0618614e-07   1.5301847e-06
   6.0819006e-07   1.5301500e-06
   6.1019398e-07   1.5301152e-06
   6.1219790e-07   1.5300504e-06
   6.1420182e-07   1.5299834e-06
   6.1620574e-07   1.5299180e-06
   6.1820967e-07   1.5298526e-06
   6.2021359e-07   1.5297857e-06
   6.2221751e-07   1.5296679e-06
   6.2422143e-07   1.5295441e-06
   6.2622535e-07   1.5294099e-06
   6.2822927e-07   1.5292756e-06
   6.3023319e-07   1.5291419e-06
   6.3223711e-07   1.5290111e-06
   6.3424103e-07   1.5288885e-06
   6.3624496e-07   1.5287740e-06
   6.3824888e-07   1.5286595e-06
   6.4025280e-07   1.5285353e-06
   6.4225672e-07   1.5283880e-06
   6.4426064e-07   1.5282396e-06
   6.4626456e-07   1.5280903e-06
   6.4826848e-07   1.5279410e-06
   6.5027240e-07   1.5277920e-06
   6.5227632e-07   1.5276432e-06
   6.5428025e-07   1.5274699e-06
   6.5628417e-07   1.5272881e-06
   6.5828809e-07   1.5271063e-06
   6.6029201e-07   1.5269070e-06
   6.6229593e-07   1.5266943e-06
   6.6429985e-07   1.5264527e-06
   6.6630377e-07   1.5262073e-06
   6.6830769e-07   1.5259619e-06
   6.7031162e-07   1.5256931e-06
   6.7231554e-07   1.5254129e-06
   6.7431946e-07   1.5251491e-06
   6.7632338e-07   1.5248853e-06
   6.7832730e-07   1.5246215e-06
   6.8033122e-07   1.5243054e-06
   6.8233514e-07   1.5239748e-06
   6.8433906e-07   1.5236443e-06
   6.8634298e-07   1.5233137e-06
   6.8834691e-07   1.5229832e-06
   6.9035083e-07   1.5226230e-06
   6.9235475e-07   1.5222524e-06
   6.9435867e-07   1.5218577e-06
   6.9636259e-07   1.5214631e-06
   6.9836651e-07   1.5210640e-06
   7.0037043e-07   1.5205876e-06
   7.0237435e-07   1.5201295e-06
   7.0437827e-07   1.5197022e-06
   7.0638220e-07   1.5192748e-06
   7.0838612e-07   1.5188525e-06
   7.1039004e-07   1.5184558e-06
   7.1239396e-07   1.5180592e-06
   7.1439788e-07   1.5176625e-06
   7.1640180e-07   1.5172659e-06
   7.1840572e-07   1.5169781e-06
   7.2040964e-07   1.5169188e-06
   7.2241356e-07   1.5167963e-06
   7.2441749e-07   1.5166389e-06
   7.2642141e-07   1.5164814e-06
   7.2842533e-07   1.5164982e-06
   7.3042925e-07   1.5167436e-06
   7.3243317e-07   1.5169242e-06
   7.3443709e-07   1.5170837e-06
   7.3644101e-07   1.5172432e-06
   7.3844493e-07   1.5175783e-06
   7.4044885e-07   1.5180618e-06
   7.4245278e-07   1.5184870e-06
   7.4445670e-07   1.5189043e-06
   7.4646062e-07   1.5193216e-06
   7.4846454e-07   1.5197115e-06
   7.5046846e-07   1.5200887e-06
   7.5247238e-07   1.5204179e-06
   7.5447630e-07   1.5207472e-06
   7.5648022e-07   1.5210764e-06
   7.5848414e-07   1.5213525e-06
   7.6048807e-07   1.5216160e-06
   7.6249199e-07   1.5218778e-06
   7.6449591e-07   1.5221395e-06
   7.6649983e-07   1.5224012e-06
   7.6850375e-07   1.5225741e-06
   7.7050767e-07   1.5227437e-06
   7.7251159e-07   1.5229255e-06
   7.7451551e-07   1.5231073e-06
   7.7651943e-07   1.5232822e-06
   7.7852336e-07   1.5233783e-06
   7.8052728e-07   1.5235089e-06
   7.8253120e-07   1.5236909e-06
   7.8453512e-07   1.5238729e-06
   7.8653904e-07   1.5240265e-06
   7.8854296e-07   1.5240592e-06
   7.9054688e-07   1.5241421e-06
   7.9255080e-07   1.5242730e-06
   7.9455472e-07   1.5244038e-06
   7.9655865e-07   1.5245153e-06
   7.9856257e-07   1.5245814e-06
   8.0056649e-07   1.5246910e-06
   8.0257041e-07   1.5248253e-06
   8.0457433e-07   1.5249596e-06
   8.0657825e-07   1.5250782e-06
   8.0858217e-07   1.5251784e-06
   8.1058609e-07   1.5252914e-06
   8.1259001e-07   1.5254079e-06
   8.1459394e-07   1.5255245e-06
   8.1659786e-07   1.5256120e-06
   8.1860178e-07   1.5256774e-06
   8.2060570e-07   1.5257301e-06
   8.2260962e-07   1.5257812e-06
   8.2461354e-07   1.5258323e-06
   8.2661746e-07   1.5258964e-06
   8.2862138e-07   1.5259655e-06
   8.3062530e-07   1.5259676e-06
   8.3262923e-07   1.5259697e-06
   8.3463315e-07   1.5259717e-06
   8.3663707e-07   1.5259447e-06
   8.3864099e-07   1.5259120e-06
   8.4064491e-07   1.5258792e-06
   8.4264883e-07   1.5258465e-06
   8.4465275e-07   1.5258138e-06
   8.4665667e-07   1.5257675e-06
   8.4866059e-07   1.5257117e-06
   8.5066452e-07   1.5256320e-06
   8.5266844e-07   1.5255522e-06
   8.5467236e-07   1.5254715e-06
   8.5667628e-07   1.5253744e-06
   8.5868020e-07   1.5252634e-06
   8.6068412e-07   1.5251312e-06
   8.6268804e-07   1.5249990e-06
   8.6469196e-07   1.5248635e-06
   8.6669588e-07   1.5247163e-06
   8.6869981e-07   1.5245965e-06
   8.7070373e-07   1.5245004e-06
   8.7270765e-07   1.5244043e-06
   8.7471157e-07   1.5242864e-06
   8.7671549e-07   1.5241232e-06
   8.7871941e-07   1.5239819e-06
   8.8072333e-07   1.5238518e-06
   8.8272725e-07   1.5237216e-06
   8.8473117e-07   1.5235603e-06
   8.8673510e-07   1.5233661e-06
   8.8873902e-07   1.5231999e-06
   8.9074294e-07   1.5230404e-06
   8.9274686e-07   1.5228809e-06
   8.9475078e-07   1.5226910e-06
   8.9675470e-07   1.5224803e-06
   8.9875862e-07   1.5222547e-06
   9.0076254e-07   1.5220278e-06
   9.0276647e-07   1.5218008e-06
   9.0477039e-07   1.5215605e-06
   9.0677431e-07   1.5213140e-06
   9.0877823e-07   1.5210516e-06
   9.1078215e-07   1.5207892e-06
   9.1278607e-07   1.5205269e-06
   9.1478999e-07   1.5202385e-06
   9.1679391e-07   1.5199336e-06
   9.1879783e-07   1.5195738e-06
   9.2080176e-07   1.5192139e-06
   9.2280568e-07   1.5188540e-06
   9.2480960e-07   1.5185120e-06
   9.2681352e-07   1.5181506e-06
   9.2881744e-07   1.5177417e-06
   9.3082136e-07   1.5173327e-06
   9.3282528e-07   1.5169207e-06
   9.3482920e-07   1.5164744e-06
   9.3683312e-07   1.5160360e-06
   9.3883705e-07   1.5156084e-06
   9.4084097e-07   1.5151807e-06
   9.4284489e-07   1.5147581e-06
   9.4484881e-07   1.5143512e-06
   9.4685273e-07   1.5139627e-06
   9.4885665e-07   1.5135885e-06
   9.5086057e-07   1.5132143e-06
   9.5286449e-07   1.5128646e-06
   9.5486841e-07   1.5125599e-06
   9.5687234e-07   1.5123337e-06
   9.5887626e-07   1.5121456e-06
   9.6088018e-07   1.5119575e-06
   9.6288410e-07   1.5118066e-06
   9.6488802e-07   1.5116992e-06
   9.6689194e-07   1.5116463e-06
   9.6889586e-07   1.5116071e-06
   9.7089978e-07   1.5115678e-06
   9.7290370e-07   1.5116660e-06
   9.7490763e-07   1.5118480e-06
   9.7691155e-07   1.5119973e-06
   9.7891547e-07   1.5121445e-06
   9.8091939e-07   1.5122917e-06
   9.8292331e-07   1.5125480e-06
   9.8492723e-07   1.5128403e-06
   9.8693115e-07   1.5130550e-06
   9.8893507e-07   1.5132697e-06
   9.9093899e-07   1.5134844e-06
   9.9294292e-07   1.5137583e-06
   9.9494684e-07   1.5140345e-06
   9.9695076e-07   1.5142700e-06
   9.9895468e-07   1.5145055e-06
   1.0009586e-06   1.5147410e-06
