0.000898930330386292
0.00115574179485378
0.00166911169767434
0.000532023787390605
0.00130605342567047
0.0014355071755017
0.000686185534941181
0.000792160036443665
0.00105686312450025
0.00121115127755337
0.000338597912511923
0.00114154083881038
0.0012379509046815
0.00122862786830191
0.000154321486876487
0.000998191420365031
0.00153418829415988
0.00124358925375064
0.000910689457477333
0.000551791265272233
0.00117117817155498
0.00179983326029803
0.00119144637114611
0.0006929475022743
0.000662225879780824
0.00106499535240722
0.0013694270587233
0.0016155017405147
0.000858999155418121
0.000415348899517722
0.000196914142971317
0.00109470737811239
0.001452056262445
0.00120367347890592
0.00120280450627044
0.00100072394649162
0.000240291730913085
0.000294699075869939
0.000596432780843464
0.0010512487833695
0.00139115702365785
0.000694253314221216
0.000922055838403865
0.000826761806112913
0.000448159404438242
0.000249559948910282
0.000655246350461548
0.000634849545492505
0.000566579259654341
0.000840340594336902
0.000941131538213913
0.000710425289161046
0.000822252140518599
0.00102714351571027
0.000878204934795147
0.000566375692598094
0.000300054359378631
0.000322069411540029
0.000494789217928023
0.000250512555335377
0.000727592846843401
0.000982289342156718
0.00103587919614592
0.00103310962052091
0.0010152913371368
0.000987432764948178
0.000971774472642886
0.0010296722534947
0.00102700449847805
0.000582072587230834
0.000197812004971185
0.00021740810272031
0.000403282945705507
0.000553868490424899
0.000730940724659303
0.000994442705614407
0.00127485464749084
0.00147977374455982
0.00149663269747645
0.00136436499868702
0.00120429559008219
0.00105444047447028
0.000913251652292939
0.000778624750424838
0.000655340359155835
0.00055601787598348
0.000497960419659932
0.000514171242069239
0.000611733341776422
0.000715070254127926
0.000814695039808808
0.000910655419814705
0.000998059285048527
0.00107327884012471
0.00113495176753071
0.00118371103539157
0.00122181628329185
0.00125317991347893
0.00128339197214727
0.0013179904082208
0.00135008303610125
0.000922240588790021
0.00114665811905277
0.00167679981161329
0.000545766680165093
0.00130871113946202
0.00145015943140015
0.000681025304147092
0.000821586840679117
0.00107358535178644
0.00119734759162843
0.000343018052590225
0.00114924551988877
0.00123190669467125
0.00121375467311253
0.000184071728520029
0.00099552522040277
0.00151671042506239
0.00124363544534327
0.000903079737922183
0.000547900031965252
0.00116191898858057
0.00178535018678625
0.00120516875449009
0.000704117604083837
0.000652248456558142
0.00105140253574237
0.00137591286823015
0.00161546859290455
0.000877685124692751
0.000455633726070297
0.000210673495606394
0.00108884363537166
0.00144673085390679
0.00122934962300698
0.00122071911301065
0.00100657551046617
0.00026446965119013
0.000296953068523482
0.000618202627932531
0.00106505481111273
0.00139438741152412
0.000733047613148434
0.000945433682618777
0.000843269964004749
0.000450376374393347
0.00024820442278433
0.000652118051968017
0.000647129009246739
0.000609311485984918
0.000869980362606149
0.000952672535057537
0.000722188758021048
0.000823068201389622
0.00101744868209473
0.00086639175604139
0.000559898845533572
0.000319331872065512
0.000343347669087992
0.000507353130459935
0.000293647940362516
0.000737526971179042
0.000983776544939514
0.00103274385387013
0.00102278308300507
0.00100146966220097
0.000976125213413716
0.000961919356182734
0.00101819861799301
0.00101501943230733
0.000580536837600313
0.000223707124929409
0.000247047704893573
0.000413618802771304
0.000553140209840145
0.000724117075924029
0.000983047699203178
0.00125926916555027
0.00146111839820171
0.00147789651772893
0.0013481771690577
0.0011919599102563
0.00104743836005063
0.000912313903997149
0.000782042844399116
0.000660134633698377
0.000559558453050983
0.000498434286262271
0.000510586162957656
0.000604437810139761
0.000705522500442414
0.000803549238513859
0.000898070664684783
0.000984262604264698
0.00105901287550141
0.00112154874700398
0.00117235240036862
0.00121270246637345
0.00124565680295046
0.00127650773616967
0.00131082677385892
0.00134212344690085
0.000986287617447595
0.00112009135635381
0.0016987425323459
0.000583532865252264
0.00131633375192264
0.00149154523135243
0.000665943726212107
0.000900965867385182
0.00112034192815127
0.00115668178301007
0.000355438469789106
0.00117114720516884
0.00121433507246353
0.00116987339713005
0.000250738865135458
0.000987808011846285
0.00146522095742103
0.00124376843915227
0.000880801309238489
0.000536538077039346
0.0011348363779415
0.00174297582348832
0.00124383554014997
0.000735333558418046
0.000622627271636826
0.00101124363483087
0.00139441953511294
0.00161537314436618
0.000929393307485274
0.000555546746902432
0.000246031142742697
0.00107178050135178
0.00143128628998956
0.00130045283202189
0.00127089256163307
0.00102323753842293
0.000324167311046862
0.000303349656809802
0.000676987757332073
0.0011038436926022
0.00140364742073655
0.000834741662500661
0.00100972902353856
0.00088909303814945
0.000456699782409838
0.000244259330158518
0.000643025480690065
0.000681251248484598
0.000718293166623272
0.000950174718418755
0.00098514867747544
0.000755037398344344
0.000825413448873703
0.000989002882027575
0.00083144016915647
0.000540816459492047
0.000369260551446421
0.000398317204861226
0.000541905015331301
0.000392193436602443
0.000765411373724427
0.000988046272293578
0.00102366236229741
0.000992449070400394
0.00096056159492045
0.000942809284337951
0.000932961436939365
0.000984414994521707
0.00097969126395285
0.000576091957679887
0.00028543685495566
0.00031728694805114
0.00044203196369624
0.000551037833629033
0.000704099914711528
0.000949473594131451
0.00121327488792243
0.00140602070400328
0.00142257027734103
0.00130044122602706
0.00115570558991037
0.00102700997517867
0.00090960836594399
0.000791802447285204
0.000673748686453514
0.000569630241511611
0.000499796221473585
0.000500119825230159
0.000582921426362229
0.000677279516985754
0.000770556276249943
0.000860807337620986
0.000943410428176336
0.00101681841061876
0.0010820294299092
0.00113901405100849
0.00118606920899814
0.00122373658772689
0.00125647472230362
0.00128997774362469
0.00131893646938243
0.0010770510704529
0.00107811963828846
0.00173182153930549
0.00063706607034566
0.00132792740211318
0.00155281390812528
0.00064215072359135
0.00101055875137218
0.00118841428949856
0.00109144315651196
0.000373667717222681
0.00120392994670086
0.00118690930203817
0.00109925084207706
0.000327538583119198
0.000975866193711785
0.00138262015738341
0.0012439721699092
0.000845530938325726
0.000518647977690807
0.00109204139600872
0.00167597769715677
0.001300849029756
0.000780742007134382
0.000574289074987712
0.000946417057193942
0.00142230638516763
0.0016152268977808
0.00100345973619858
0.000680749054154235
0.000292012836623842
0.0010450980301747
0.00140729510846524
0.00140241407306348
0.00134413486996488
0.00104825165611586
0.000398650762867032
0.000312896254580518
0.0007582628216423
0.00116076019438153
0.00141771726439614
0.000970083496156172
0.00110097606925895
0.000955042938435543
0.000466221477470448
0.000238088334270549
0.000628839889662425
0.000730444200368649
0.000858844991743896
0.00106135061759193
0.00103292632930383
0.000802761414109754
0.000828993707157742
0.000943759791243899
0.00077483911794028
0.000510198027758192
0.000434772759779007
0.00047023216327867
0.000590935835080896
0.000507310888908878
0.000806264333853051
0.000994552319355818
0.00100959026881503
0.000944086036821239
0.000894264317942657
0.000889348773461657
0.00088676296733304
0.000930278761453094
0.000922946083335942
0.000569214685453463
0.000360037096267575
0.000401746959075136
0.000482327697801894
0.000547801156030731
0.000672276751738042
0.000895597054376502
0.00113921130468204
0.00131714309023522
0.00133336002039067
0.00122369881970907
0.00109784092789649
0.000994898585141933
0.000905447560183565
0.000806525983317876
0.000694088862696741
0.000584724706018363
0.000501875658472928
0.000483645330282937
0.000548321144302454
0.000631563653504368
0.000717069628361956
0.000800358447617323
0.000877138410154552
0.000948538968311751
0.00101851234877794
0.00108595332180538
0.00114406269383186
0.00118936950716001
0.00122514714365791
0.00125736478603676
0.00128259914204186
0.00117888367413378
0.00102428756116947
0.00177155560051424
0.000697142532034107
0.00134201233972025
0.0016248188868074
0.000611701670475637
0.00113057768383914
0.00126693206393962
0.00100565273265973
0.00039488157468788
0.00124296365001666
0.00115237553614213
0.00100587028489586
0.000402194416050811
0.000961014745234933
0.00127400209446295
0.00124422203712055
0.000800144933159559
0.000495821728052814
0.00103713675230927
0.00158994128383705
0.00136754408227909
0.000833070273593698
0.000508759370573238
0.000860249379441351
0.00145578529271024
0.00161504748169976
0.00108744774285647
0.000808265887856161
0.000340029134569113
0.00101140622939949
0.00137729494845847
0.00151816453262013
0.00142886166813371
0.00107814370575072
0.000474304223440431
0.000324223221815243
0.000847381270096469
0.00122697811967541
0.0014347880647447
0.00111386779949414
0.00120349565361959
0.00103019257722577
0.000477642405656799
0.000230292763350468
0.000610989049618812
0.000786597867616711
0.00100475509252361
0.00118355050091871
0.00108867445714439
0.00085768456544408
0.000833364537872697
0.000885108131986813
0.00069917760972626
0.000469922232144053
0.000503628411005572
0.000545654556558927
0.000646018657264683
0.000619988352145184
0.000853712166658335
0.00100247550311078
0.00099205571843849
0.000881142144816168
0.000805520793088998
0.000819017766626797
0.00082657322710665
0.000859225082646349
0.000848168721948834
0.000560663263977267
0.000434389815308803
0.000485691791379452
0.000527570979976713
0.000543804474110755
0.000631051953992375
0.000824714826968581
0.0010411884069871
0.0011991556440671
0.00121501455955796
0.00112241705702026
0.00102239647629753
0.000954033177736571
0.000900317315228387
0.000824227951787915
0.000718253544656105
0.000602724759388179
0.000504414758219646
0.0004626358557804
0.000502635205841973
0.00057050353462444
0.000645433265177184
0.000719302190996365
0.000788270818201144
0.000857387584734673
0.000934720920552126
0.00101709122561736
0.00109032608339579
0.00114580512661289
0.00118558819400628
0.00121616526269528
0.00123656736590384
0.00127837312179961
0.000963703594030517
0.00181288345231243
0.000755848120505869
0.00135684063904351
0.00169809481958751
0.00057753796139112
0.00124566247997902
0.00134546568571816
0.000905472474812424
0.000416271186649537
0.00128319899378212
0.0011144507633572
0.00089586926928872
0.000468759536223698
0.000944953833887285
0.00114717270619619
0.00124448788515177
0.000748830942658474
0.000470315332708073
0.000975319629834788
0.00149294747049838
0.00143511918155216
0.000885366457607021
0.000428146514352703
0.00075786660334576
0.00149058715154706
0.00161485652920054
0.00117022394319452
0.000924853467741719
0.000384598251753967
0.000974273330459705
0.00134463449888079
0.00163235342176795
0.00151382666357511
0.00110906963432654
0.000543364513632175
0.000335857821594337
0.000932915261800381
0.00129372856512028
0.00145273412825133
0.0012488279123615
0.00130377049121883
0.00110456377939769
0.000489503721093693
0.000221696022993246
0.000591401089770894
0.000842253419847988
0.00113969380470425
0.00130104731529513
0.00114502313906566
0.000912508934298201
0.000837990839967668
0.000818086893449806
0.000608412269635563
0.000422869194336471
0.000567805069585696
0.000615854562972503
0.000699891276443383
0.000720804213684258
0.000901466327225111
0.00101083897133882
0.00097304885645165
0.000808796219258032
0.000698811802099044
0.000736836434219975
0.00075728441803794
0.000776502835900402
0.000760559813755436
0.00055141739486408
0.000501550747671266
0.000561403058447579
0.000571799462014417
0.000539518777022915
0.000583993894781149
0.000741882200831535
0.000925541756788382
0.00105925858587158
0.00107485651770613
0.0010034697086883
0.000935450971740025
0.000908528506016115
0.0008948255182087
0.000842657656827883
0.000743106499897874
0.000621307520401219
0.000507102848409367
0.000439175539644858
0.000448939635277332
0.00049735839594288
0.000559209524329751
0.000621540303955756
0.000681081204044914
0.000748288908007944
0.000836382322800228
0.00093827516044986
0.00103006638684291
0.00109754731970068
0.00114198634857904
0.00117073030290928
0.00118562008143856
0.00136527123580435
0.000903076780041164
0.001850878119541
0.000807131286258722
0.00137062848884669
0.00176418009227176
0.000543480890833914
0.00134486130260638
0.00141529722765179
0.000799981035683466
0.000435414280850313
0.00131989051680199
0.00107759741507756
0.000778462821132384
0.000523654779097314
0.000929608659978889
0.00101363112370056
0.00124473764883866
0.000697177973746716
0.000445016823757139
0.000913425756553388
0.00139567338383684
0.00149583945796919
0.000931837841738938
0.000335168007494494
0.000647059145018208
0.00152256540796779
0.00161467707196579
0.00124299446037355
0.00102236412668589
0.000422213371241369
0.000938041145493014
0.00131320363551111
0.00173281159083629
0.00158953398370632
0.00113736439608655
0.00060107159333443
0.000346434853555736
0.00100668932443175
0.00135345656653997
0.00146939817488441
0.00136352874554533
0.00139142767579688
0.00117014993683416
0.000500393539717919
0.000213302200051805
0.000572383840535087
0.000891391215310323
0.00125332359931099
0.00140251587206958
0.00119555562851137
0.00096118129454936
0.000842314985232056
0.00074966661055079
0.000508565788364797
0.000373287064139175
0.000622106759948336
0.000675201784984189
0.000746982424955789
0.000804101942078971
0.000944141846640353
0.00101863548160202
0.00095484350269675
0.00073434621176696
0.000580941488022886
0.000650212882052201
0.000685823905488308
0.000689786795175877
0.000667841252429926
0.000542585551591924
0.000557333789972336
0.000624234964673988
0.000610447176753803
0.000535460278895296
0.000536021834305038
0.000654560663288337
0.000801809482163936
0.000908370568813495
0.000923974009167462
0.000877116129590345
0.00084564080572695
0.000863585638919901
0.000889634021323003
0.000859615891751924
0.000765725848644173
0.000638276733602601
0.000509615904978542
0.000415925815706909
0.000391832705354746
0.000417093525011036
0.000463800107782723
0.000512966223781756
0.000562023752845227
0.00062874763291719
0.000732032229206733
0.000857636415274494
0.000970035196278497
0.0010501807856708
0.00109943924911518
0.00112636636276637
0.0011356642412097
0.00143221551844187
0.00085046162672698
0.00188128399402602
0.000846642478507931
0.00138176665659216
0.00181627510418043
0.000514050565634486
0.00142061304338293
0.00146977165917362
0.000702356799783953
0.000450418308971657
0.00134906357030774
0.00104659457863819
0.000667647371282244
0.000564469549766729
0.000916909166967911
0.000890064099080144
0.00124494122098763
0.000652049651780591
0.000423276021145204
0.000859678671732915
0.00131104565689001
0.0015435728137328
0.000968072519424703
0.000233411258323642
0.000540163951321086
0.00154814567626053
0.00161453076232906
0.00129930548781693
0.00109545218712288
0.000450559989800255
0.000907434647914197
0.00128701315716588
0.00181058655505608
0.00164868096695461
0.00115991992999394
0.000644301983154592
0.000354824124889215
0.00106304914234152
0.00140026354971945
0.00148284427920683
0.00145033754220491
0.00145899505862022
0.00122101247268114
0.000509098683354149
0.000206206845407889
0.000556400124838003
0.000929528786548799
0.00133883893400799
0.00148009591223081
0.00123522149669716
0.000999106548910868
0.000845823704605056
0.000688880156402155
0.000409538844188019
0.000327357323004243
0.000663091862840074
0.000719971625926413
0.000783279553374368
0.00086609963603881
0.00097755379984656
0.00102494737626925
0.00093974145037027
0.000667538498004935
0.000463166390420849
0.000569937440611367
0.000621519063872773
0.000610042224252466
0.000581417611125486
0.000535277960716682
0.000598977016225772
0.000671117652013382
0.00064022926108101
0.000532128859142708
0.000493476187756249
0.000573623255961488
0.000684591037584803
0.0007636156037923
0.000779660643882319
0.000758698967835228
0.00076466179761044
0.000825138692190399
0.000885379351884068
0.000873196729032024
0.000783682417885992
0.000651783367724269
0.000511655435010146
0.00039596369794182
0.000338218209093803
0.000337834446001915
0.000368160857547807
0.000403384083616622
0.000441836229092654
0.000511008884591844
0.000634390181210668
0.000785800120609786
0.000918197996568964
0.00100992488384674
0.001063495866621
0.00108886399944607
0.00109325222051537
0.00147427163442378
0.000814287899412127
0.00190086770953575
0.000871465904132737
0.00138898840641999
0.00184948643000076
0.00049389631059707
0.00146794958239232
0.00150426369314465
0.000630536728646422
0.000459947577947884
0.00136776936210809
0.00102585368150592
0.000584085927918552
0.0005895875251927
0.000908524421399479
0.000799172097263306
0.00124507407531822
0.000620827416999258
0.000408462058411984
0.00082270607589086
0.00125272907935419
0.00157394795194611
0.000991008700577336
0.000129296116784585
0.000457103370286447
0.00156461645583393
0.00161443525834446
0.00133477919243689
0.00114063385445698
0.00046813705883749
0.000886888167146017
0.00126962716849615
0.00185959693107829
0.00168616775000082
0.00117440838117103
0.000671018103069891
0.000360194459958001
0.00109827656509085
0.00142998851593154
0.00149155522348409
0.00150429844987653
0.00150145743656768
0.00125309762458315
0.000514701157988345
0.0002014409292396
0.000545715048384975
0.000953599011102791
0.00139182408280655
0.00152861050419954
0.00126043845687978
0.00102310252016241
0.000848106029170208
0.000646127502778987
0.000329211398419246
0.000293527754313408
0.000688528379154735
0.000747748698400521
0.000806089762612258
0.000904276041030224
0.000998759214928489
0.00102904629144755
0.000929751987264229
0.000620062552309283
0.000366415336118173
0.000510781362798564
0.000575685801260929
0.000551811535878775
0.000517278419452008
0.000530453974555205
0.000624662137790804
0.000700026672173657
0.000658942523796793
0.000529943133818343
0.000463605325826127
0.000513965919905426
0.000595770099198085
0.000652024567694649
0.000668878760671793
0.00067021625388877
0.000706820095651366
0.000799047077687221
0.000882591251209419
0.000881948202925318
0.000795184060449808
0.000660450231361769
0.00051298227011551
0.000382372671450366
0.000298066905154157
0.000274003026266808
0.000289150502649131
0.000311732373433062
0.000341276449783387
0.000416583112748418
0.000561575460026839
0.000735135829146545
0.000882723318763293
0.000982760721853231
0.00103936528016226
0.00106367314400212
0.00106465885672731
0.00148859961601193
0.000801342953261398
0.00190762202704933
0.000879923167608859
0.00139148772506808
0.00186088193615778
0.000486701594560797
0.00148403618213462
0.00151605906948107
0.000603597882891596
0.000463211196437925
0.00137420624588665
0.00101855163729619
0.000552114425571751
0.000598064151902801
0.000905594267344271
0.000765083546156878
0.00124512021182727
0.000609610044851146
0.000403189902848461
0.0008094706380127
0.00123183021185663
0.00158436088910271
0.00099885114210912
6.00201553367089e-05
0.00042447106219856
0.00157029627958089
0.00161440208883685
0.00134688051499039
0.00115591218262248
0.000474089071700506
0.000879640176219431
0.00126353311049772
0.0018763185757866
0.00169899327653418
0.00117939852762044
0.000680051009192073
0.000362040921128403
0.00111024944969392
0.00144016835885073
0.00149456862460284
0.00152259152931318
0.0015159262227825
0.00126405015916353
0.000516632663368964
0.000199759143376468
0.000541954876298053
0.000961817593503476
0.00140975980470538
0.00154510310024258
0.00126907899297633
0.00103130561789201
0.000848897236575904
0.000630601909827539
0.000296261560613841
0.000280827054637504
0.00069714528961856
0.000757157204269871
0.000813862110063975
0.000917162870421626
0.00100601921047435
0.00103046601525733
0.000926257478523337
0.00060270002127451
0.000326167416500502
0.00048856378043323
0.000558889402200735
0.000530093809806609
0.000493054937403707
0.000528768325570481
0.000633338830976724
0.000709791256017686
0.000665318442083689
0.000529181927259106
0.000452770465924712
0.000491556152420465
0.000561646214421585
0.00060850034950904
0.000625833430265099
0.000636615784050885
0.000685591136891061
0.000789783917451405
0.000881620891155663
0.000884967310777612
0.000799139811461645
0.000663433713398353
0.000513442272925431
0.000377538108678978
0.000282791910835172
0.000248020540873646
0.0002560691000675
0.000272790574944577
0.000298529986532625
0.000378315069281387
0.000533969170073954
0.00071670288309538
0.000870064767313331
0.000973149326469117
0.00103085267227468
0.00105478370871695
0.00105454711775258
