2.5e-07
2.51e-07
2.52e-07
2.53e-07
2.54e-07
2.55e-07
2.56e-07
2.57e-07
2.58e-07
2.59e-07
2.6e-07
2.61e-07
2.62e-07
2.63e-07
2.64e-07
2.65e-07
2.66e-07
2.67e-07
2.68e-07
2.69e-07
2.7e-07
2.71e-07
2.72e-07
2.73e-07
2.74e-07
2.75e-07
2.76e-07
2.77e-07
2.78e-07
2.79e-07
2.8e-07
2.81e-07
2.82e-07
2.83e-07
2.84e-07
2.85e-07
2.86e-07
2.87e-07
2.88e-07
2.89e-07
2.9e-07
2.91e-07
2.92e-07
2.93e-07
2.94e-07
2.95e-07
2.96e-07
2.97e-07
2.98e-07
2.99e-07
3e-07
3.01e-07
3.02e-07
3.03e-07
3.04e-07
3.05e-07
3.06e-07
3.07e-07
3.08e-07
3.09e-07
3.1e-07
3.11e-07
3.12e-07
3.13e-07
3.14e-07
3.15e-07
3.16e-07
3.17e-07
3.18e-07
3.19e-07
3.2e-07
3.21e-07
3.22e-07
3.23e-07
3.24e-07
3.25e-07
3.26e-07
3.27e-07
3.28e-07
3.29e-07
3.3e-07
3.31e-07
3.32e-07
3.33e-07
3.34e-07
3.35e-07
3.36e-07
3.37e-07
3.38e-07
3.39e-07
3.4e-07
3.41e-07
3.42e-07
3.43e-07
3.44e-07
3.45e-07
3.46e-07
3.47e-07
3.48e-07
3.49e-07
3.5e-07
3.51e-07
3.52e-07
3.53e-07
3.54e-07
3.55e-07
3.56e-07
3.57e-07
3.58e-07
3.59e-07
3.6e-07
3.61e-07
3.62e-07
3.63e-07
3.64e-07
3.65e-07
3.66e-07
3.67e-07
3.68e-07
3.69e-07
3.7e-07
3.71e-07
3.72e-07
3.73e-07
3.74e-07
3.75e-07
3.76e-07
3.77e-07
3.78e-07
3.79e-07
3.8e-07
3.81e-07
3.82e-07
3.83e-07
3.84e-07
3.85e-07
3.86e-07
3.87e-07
3.88e-07
3.89e-07
3.9e-07
3.91e-07
3.92e-07
3.93e-07
3.94e-07
3.95e-07
3.96e-07
3.97e-07
3.98e-07
3.99e-07
4e-07
4.01e-07
4.02e-07
4.03e-07
4.04e-07
4.05e-07
4.06e-07
4.07e-07
4.08e-07
4.09e-07
4.1e-07
4.11e-07
4.12e-07
4.13e-07
4.14e-07
4.15e-07
4.16e-07
4.17e-07
4.18e-07
4.19e-07
4.2e-07
4.21e-07
4.22e-07
4.23e-07
4.24e-07
4.25e-07
4.26e-07
4.27e-07
4.28e-07
4.29e-07
4.3e-07
4.31e-07
4.32e-07
4.33e-07
4.34e-07
4.35e-07
4.36e-07
4.37e-07
4.38e-07
4.39e-07
4.4e-07
4.41e-07
4.42e-07
4.43e-07
4.44e-07
4.45e-07
4.46e-07
4.47e-07
4.48e-07
4.49e-07
4.5e-07
4.51e-07
4.52e-07
4.53e-07
4.54e-07
4.55e-07
4.56e-07
4.57e-07
4.58e-07
4.59e-07
4.6e-07
4.61e-07
4.62e-07
4.63e-07
4.64e-07
4.65e-07
4.66e-07
4.67e-07
4.68e-07
4.69e-07
4.7e-07
4.71e-07
4.72e-07
4.73e-07
4.74e-07
4.75e-07
4.76e-07
4.77e-07
4.78e-07
4.79e-07
4.8e-07
4.81e-07
4.82e-07
4.83e-07
4.84e-07
4.85e-07
4.86e-07
4.87e-07
4.88e-07
4.89e-07
4.9e-07
4.91e-07
4.92e-07
4.93e-07
4.94e-07
4.95e-07
4.96e-07
4.97e-07
4.98e-07
4.99e-07
5e-07
5.01e-07
5.02e-07
5.03e-07
5.04e-07
5.05e-07
5.06e-07
5.07e-07
5.08e-07
5.09e-07
5.1e-07
5.11e-07
5.12e-07
5.13e-07
5.14e-07
5.15e-07
5.16e-07
5.17e-07
5.18e-07
5.19e-07
5.2e-07
5.21e-07
5.22e-07
5.23e-07
5.24e-07
5.25e-07
5.26e-07
5.27e-07
5.28e-07
5.29e-07
5.3e-07
5.31e-07
5.32e-07
5.33e-07
5.34e-07
5.35e-07
5.36e-07
5.37e-07
5.38e-07
5.39e-07
5.4e-07
5.41e-07
5.42e-07
5.43e-07
5.44e-07
5.45e-07
5.46e-07
5.47e-07
5.48e-07
5.49e-07
5.5e-07
5.51e-07
5.52e-07
5.53e-07
5.54e-07
5.55e-07
5.56e-07
5.57e-07
5.58e-07
5.59e-07
5.6e-07
5.61e-07
5.62e-07
5.63e-07
5.64e-07
5.65e-07
5.66e-07
5.67e-07
5.68e-07
5.69e-07
5.7e-07
5.71e-07
5.72e-07
5.73e-07
5.74e-07
5.75e-07
5.76e-07
5.77e-07
5.78e-07
5.79e-07
5.8e-07
5.81e-07
5.82e-07
5.83e-07
5.84e-07
5.85e-07
5.86e-07
5.87e-07
5.88e-07
5.89e-07
5.9e-07
5.91e-07
5.92e-07
5.93e-07
5.94e-07
5.95e-07
5.96e-07
5.97e-07
5.98e-07
5.99e-07
6e-07
6.01e-07
6.02e-07
6.03e-07
6.04e-07
6.05e-07
6.06e-07
6.07e-07
6.08e-07
6.09e-07
6.1e-07
6.11e-07
6.12e-07
6.13e-07
6.14e-07
6.15e-07
6.16e-07
6.17e-07
6.18e-07
6.19e-07
6.2e-07
6.21e-07
6.22e-07
6.23e-07
6.24e-07
6.25e-07
6.26e-07
6.27e-07
6.28e-07
6.29e-07
6.3e-07
6.31e-07
6.32e-07
6.33e-07
6.34e-07
6.35e-07
6.36e-07
6.37e-07
6.38e-07
6.39e-07
6.4e-07
6.41e-07
6.42e-07
6.43e-07
6.44e-07
6.45e-07
6.46e-07
6.47e-07
6.48e-07
6.49e-07
6.5e-07
6.51e-07
6.52e-07
6.53e-07
6.54e-07
6.55e-07
6.56e-07
6.57e-07
6.58e-07
6.59e-07
6.6e-07
6.61e-07
6.62e-07
6.63e-07
6.64e-07
6.65e-07
6.66e-07
6.67e-07
6.68e-07
6.69e-07
6.7e-07
6.71e-07
6.72e-07
6.73e-07
6.74e-07
6.75e-07
6.76e-07
6.77e-07
6.78e-07
6.79e-07
6.8e-07
6.81e-07
6.82e-07
6.83e-07
6.84e-07
6.85e-07
6.86e-07
6.87e-07
6.88e-07
6.89e-07
6.9e-07
6.91e-07
6.92e-07
6.93e-07
6.94e-07
6.95e-07
6.96e-07
6.97e-07
6.98e-07
6.99e-07
7e-07
7.01e-07
7.02e-07
7.03e-07
7.04e-07
7.05e-07
7.06e-07
7.07e-07
7.08e-07
7.09e-07
7.1e-07
7.11e-07
7.12e-07
7.13e-07
7.14e-07
7.15e-07
7.16e-07
7.17e-07
7.18e-07
7.19e-07
7.2e-07
7.21e-07
7.22e-07
7.23e-07
7.24e-07
7.25e-07
7.26e-07
7.27e-07
7.28e-07
7.29e-07
7.3e-07
7.31e-07
7.32e-07
7.33e-07
7.34e-07
7.35e-07
7.36e-07
7.37e-07
7.38e-07
7.39e-07
7.4e-07
7.41e-07
7.42e-07
7.43e-07
7.44e-07
7.45e-07
7.46e-07
7.47e-07
7.48e-07
7.49e-07
7.5e-07
