50 90000 1.003800e-05 1.241071e-03 4.910398e-08 2.045066e-02 1.549062e-04 3.018977e-02 4.104879e+00 1.660171e-01 1.904214e-01 1.458165e-02 3.900024e-03 7.016132e-03 6.737377e-03 8.553163e-02 1.011154e-01 1.144483e-01 5.254504e-03 2.409152e-03 2.917925e-04 2.866639e-04 4.855031e+00 
100 90000 2.076789e-05 2.171415e-03 1.542037e-07 1.618740e-03 1.361873e-04 2.144519e-02 2.465240e-01 2.308902e-01 2.352089e-01 1.572611e-03 1.455924e-03 1.775400e-04 2.108270e-02 3.086695e-01 2.244967e-01 2.277169e-01 5.164645e-03 3.773842e-04 2.845907e-04 2.685187e-04 1.529312e+00 
150 90000 3.198578e-05 1.241549e-03 1.452165e-07 3.183389e-03 1.306691e-04 3.260634e-02 5.955775e-01 3.055733e-01 3.101964e-01 1.500147e-03 3.022234e-03 1.262143e-04 3.370368e-02 6.135585e-01 3.035997e-01 3.181605e-01 5.510551e-03 3.314497e-04 2.472490e-04 2.461855e-04 2.528589e+00 
200 90000 3.574430e-05 1.254352e-03 1.781853e-07 2.886812e-02 4.663026e-03 6.065873e-02 9.531228e-01 3.978536e-01 4.260006e-01 3.745688e-03 5.393326e-03 1.893836e-04 5.807933e-02 9.498848e-01 4.026186e-01 4.147359e-01 5.361461e-03 3.049521e-04 2.533431e-04 2.435636e-04 3.713308e+00 
250 90000 4.409780e-05 1.233550e-03 1.402106e-07 8.584954e-03 1.334302e-04 7.485792e-02 1.489240e+00 5.043480e-01 5.177352e-01 1.577299e-03 8.372465e-03 1.583303e-04 8.138974e-02 1.528420e+00 5.028882e-01 5.168132e-01 5.713259e-03 3.146756e-04 2.569265e-04 2.465439e-04 5.242369e+00 
300 90000 5.295000e-05 1.254460e-03 1.681969e-07 1.422268e-02 1.535051e-04 1.089961e-01 2.380275e+00 5.987086e-01 6.153972e-01 1.654886e-03 1.214965e-02 1.642582e-04 9.844339e-02 2.387883e+00 5.964377e-01 6.124546e-01 5.554575e-03 5.076738e-03 2.652128e-04 2.544477e-04 7.439438e+00 
350 90000 6.053741e-05 1.218414e-03 1.312001e-07 1.662146e-02 1.550795e-04 1.253736e-01 3.308576e+00 7.100917e-01 7.292508e-01 1.581043e-03 1.635428e-02 1.682350e-04 1.222051e-01 3.683577e+00 7.277217e-01 7.290419e-01 5.891964e-03 3.089200e-04 2.483617e-04 2.413683e-04 1.017875e+01 
400 90000 6.803148e-05 1.239301e-03 1.422130e-07 2.914568e-02 1.523043e-04 1.685716e-01 4.501266e+00 8.114725e-01 8.235949e-01 1.661243e-03 2.143569e-02 1.475382e-04 1.604898e-01 4.493585e+00 8.091248e-01 8.384258e-01 6.125821e-03 3.102760e-04 2.494563e-04 2.431899e-04 1.266735e+01 
450 90000 7.741260e-05 1.252116e-03 1.612119e-07 2.903629e-02 1.761619e-04 2.005198e-01 5.607360e+00 9.030407e-01 9.120568e-01 1.799802e-03 2.712994e-02 1.727748e-04 1.985280e-01 5.707644e+00 9.111084e-01 9.244145e-01 5.720070e-03 2.971447e-04 2.582555e-04 2.515924e-04 1.543088e+01 
500 90000 8.672280e-05 1.270395e-03 9.511132e-08 3.621516e-02 1.742667e-04 2.342514e-01 7.326964e+00 9.996193e-01 1.015100e+00 1.675030e-03 3.381701e-02 1.804575e-04 2.328142e-01 7.189178e+00 1.018009e+00 1.019588e+00 5.836606e-03 2.963841e-04 2.458835e-04 2.398534e-04 1.911560e+01 
550 90000 9.516571e-05 1.256539e-03 1.762062e-07 4.212520e-02 1.639967e-04 2.770821e-01 8.881501e+00 1.107663e+00 1.122806e+00 1.597730e-03 4.043383e-02 1.851234e-04 2.768368e-01 8.369994e+00 1.103937e+00 1.144618e+00 5.743800e-03 4.861010e-03 2.588971e-04 2.516442e-04 2.238145e+01 
600 90000 1.037702e-04 1.249007e-03 1.842156e-07 4.934225e-02 1.650078e-04 3.298276e-01 1.044580e+01 1.198728e+00 1.225433e+00 1.625399e-03 4.877091e-02 1.880763e-04 3.355488e-01 1.043204e+01 1.197877e+00 1.229987e+00 5.923952e-03 3.018474e-04 2.452497e-04 2.406519e-04 2.650343e+01 
650 90000 1.121347e-04 1.222731e-03 1.422130e-07 5.710785e-02 1.624720e-04 3.796322e-01 1.238390e+01 1.324044e+00 1.315183e+00 1.446307e-02 7.874298e-02 1.780503e-04 3.849056e-01 1.168370e+01 1.311825e+00 1.326160e+00 6.105948e-03 3.084374e-04 2.518467e-04 2.378027e-04 3.026829e+01 
700 90000 1.197091e-04 1.236998e-03 1.501990e-07 6.671382e-02 1.605763e-04 4.492038e-01 1.495780e+01 1.391734e+00 1.406939e+00 1.611161e-03 6.658465e-02 1.810929e-04 4.413050e-01 1.423755e+01 1.413274e+00 1.414593e+00 5.757017e-03 2.998265e-04 2.457526e-04 2.363374e-04 3.585558e+01 
750 90000 1.293294e-04 1.228884e-03 1.732958e-07 7.906774e-02 1.663028e-04 4.982762e-01 1.705837e+01 1.672940e+00 1.484059e+00 1.613172e-03 8.475688e-02 1.811310e-04 4.967116e-01 1.732330e+01 1.679689e+00 1.518123e+00 6.053142e-03 3.063472e-04 2.417145e-04 2.397155e-04 4.190550e+01 
800 90000 1.359664e-04 1.229968e-03 1.643086e-07 1.006405e-01 1.794414e-04 5.677787e-01 1.997079e+01 1.617257e+00 1.612374e+00 1.253507e-02 8.609830e-02 2.175895e-04 5.673744e-01 1.961454e+01 1.636180e+00 1.611786e+00 5.813240e-03 3.699243e-04 2.603574e-04 2.448933e-04 4.740585e+01 
850 90000 1.457150e-04 1.221360e-03 2.442859e-07 1.144625e-01 2.726047e-04 6.485075e-01 2.261241e+01 1.894250e+00 1.915989e+00 1.704302e-03 1.064659e-01 2.221873e-04 6.362975e-01 2.256792e+01 1.926736e+00 1.920713e+00 6.238769e-03 1.047574e-02 2.610004e-04 2.574812e-04 5.436460e+01 
900 90000 1.526313e-04 1.229966e-03 1.752982e-07 1.348516e-01 2.491016e-04 7.117213e-01 2.500136e+01 1.811790e+00 1.829876e+00 1.658286e-03 1.140681e-01 1.291301e-02 7.116076e-01 2.715778e+01 1.818905e+00 1.823855e+00 6.062757e-03 2.891195e-04 2.476944e-04 2.470045e-04 6.113890e+01 
950 90000 1.625201e-04 1.248423e-03 1.993030e-07 1.565214e-01 2.278798e-04 7.951064e-01 2.831058e+01 1.906624e+00 2.142520e+00 4.343401e-03 1.334804e-01 1.224543e-02 7.945490e-01 2.965115e+01 1.896371e+00 2.136862e+00 6.297004e-03 3.737560e-03 2.518318e-04 2.513620e-04 6.795257e+01 
1000 90000 1.701816e-04 1.250060e-03 1.301989e-07 1.623043e-01 6.598618e-03 8.837197e-01 3.188854e+01 1.997994e+00 2.025722e+00 9.372398e-03 1.432191e-01 2.322585e-04 8.802770e-01 3.242694e+01 1.997645e+00 2.025552e+00 6.114960e-03 4.230941e-03 2.474642e-04 2.450065e-04 7.446042e+01 
