50 90000 8.030405e-05 3.538089e-04 7.320195e-09 6.459016e-05 2.584668e-05 4.701349e-05 2.108277e-02 4.329229e-03 5.025786e-03 3.610214e-05 5.129677e-05 2.414185e-05 4.582943e-05 2.009076e-02 4.326417e-03 5.005841e-03 3.420893e-05 3.425360e-05 3.133775e-05 3.084832e-05 6.072853e-02 
100 90000 8.440806e-05 3.603515e-04 1.001172e-08 1.121479e-04 2.578589e-05 8.830226e-05 3.361321e-02 9.330916e-03 1.017401e-02 3.752927e-05 7.187961e-05 2.488064e-05 8.746602e-05 3.447052e-02 9.334835e-03 1.026111e-02 3.528293e-05 3.338631e-05 3.218621e-05 3.183950e-05 1.082120e-01 
150 90000 8.438553e-05 3.601554e-04 7.811468e-09 1.197047e-04 2.608874e-05 1.784387e-04 5.056376e-02 1.725870e-02 1.772024e-02 3.574441e-05 1.099317e-04 2.524519e-05 1.774197e-04 4.997003e-02 1.715342e-02 1.772998e-02 3.530346e-05 3.467703e-05 3.196699e-05 3.176139e-05 1.716492e-01 
200 90000 8.393185e-05 3.584817e-04 7.208437e-09 2.207651e-04 2.609375e-05 2.895452e-04 7.458125e-02 2.314425e-02 2.366772e-02 3.746397e-05 1.785929e-04 2.517998e-05 2.886471e-04 7.460819e-02 2.320041e-02 2.369788e-02 3.541843e-05 3.455735e-05 3.196288e-05 3.171221e-05 2.445444e-01 
250 90000 8.497931e-05 3.611558e-04 9.310897e-09 3.011230e-04 2.672729e-05 4.322852e-04 1.022406e-01 2.541605e-02 2.509241e-02 3.759927e-05 2.686160e-04 2.539691e-05 4.313096e-04 9.955207e-02 2.510282e-02 2.490885e-02 3.549975e-05 3.394814e-05 3.213564e-05 3.179874e-05 3.044180e-01 
300 90000 8.493225e-05 3.578580e-04 9.920914e-09 4.188280e-04 2.666911e-05 6.155856e-04 1.276054e-01 2.999498e-02 2.986707e-02 3.599068e-05 3.633446e-04 2.551890e-05 6.132590e-04 1.280162e-01 2.991486e-02 2.989853e-02 3.498398e-05 3.293173e-05 3.212573e-05 3.158612e-05 3.779730e-01 
350 90000 8.446314e-05 3.583609e-04 8.209608e-09 5.107318e-04 2.647742e-05 8.308726e-04 1.605807e-01 4.092792e-02 4.204983e-02 3.564307e-05 4.941177e-04 2.575043e-05 8.302121e-04 1.600673e-01 4.097509e-02 4.199205e-02 3.512099e-05 3.269227e-05 3.201355e-05 3.157060e-05 4.899234e-01 
400 90000 8.497220e-05 3.578596e-04 6.009359e-09 6.546579e-04 2.661242e-05 1.098202e-03 1.968063e-01 4.706786e-02 4.758073e-02 3.614320e-05 6.270314e-04 2.581854e-05 1.098350e-03 1.975673e-01 4.705021e-02 4.768540e-02 3.538097e-05 3.312902e-05 3.204691e-05 3.178041e-05 5.879023e-01 
450 90000 8.442228e-05 3.565989e-04 6.910414e-09 7.339323e-04 2.658217e-05 1.362902e-03 2.262527e-01 4.161763e-02 4.621049e-02 3.562323e-05 7.270627e-04 2.540051e-05 1.363656e-03 2.264967e-01 4.181247e-02 4.592681e-02 3.479149e-05 3.338861e-05 3.203610e-05 3.170921e-05 6.331678e-01 
500 90000 8.498352e-05 3.580553e-04 6.209593e-09 9.100399e-04 2.692669e-05 1.670136e-03 2.672293e-01 4.636352e-02 5.124078e-02 3.610926e-05 8.966591e-04 2.594613e-05 1.669724e-03 2.685115e-01 4.644890e-02 5.133357e-02 3.512919e-05 3.320904e-05 3.242317e-05 3.192803e-05 7.369416e-01 
550 90000 8.557921e-05 3.578362e-04 8.409843e-09 1.300826e-03 2.690255e-05 2.051801e-03 3.161644e-01 6.497467e-02 6.629080e-02 3.597515e-05 1.225202e-03 2.571318e-05 2.051455e-03 3.289783e-01 6.497574e-02 6.643872e-02 3.531437e-05 3.331920e-05 3.243258e-05 3.188918e-05 9.151194e-01 
600 90000 8.105527e-05 3.515633e-04 6.509945e-09 1.449815e-03 2.598559e-05 2.394535e-03 3.601416e-01 7.079226e-02 7.209733e-02 3.492219e-05 1.400004e-03 2.509406e-05 2.398286e-03 3.597137e-01 7.096949e-02 7.192854e-02 3.439370e-05 3.223689e-05 3.135798e-05 3.091833e-05 1.013936e+00 
650 90000 8.040740e-05 3.497242e-04 1.101987e-08 1.494614e-03 2.591949e-05 2.807989e-03 4.046342e-01 6.574292e-02 6.097030e-02 3.440382e-05 1.484105e-03 2.508844e-05 2.811467e-03 4.056117e-01 6.578653e-02 6.092006e-02 3.375886e-05 3.199754e-05 3.116670e-05 3.074388e-05 1.072910e+00 
700 90000 8.583338e-05 3.593585e-04 5.210750e-09 1.755175e-03 2.684437e-05 3.261440e-03 4.617149e-01 7.103238e-02 6.625293e-02 3.643606e-05 1.725111e-03 2.601804e-05 3.266883e-03 4.632473e-01 7.102274e-02 6.599626e-02 3.561594e-05 3.319974e-05 3.236440e-05 3.172024e-05 1.209945e+00 
750 90000 8.510224e-05 3.572338e-04 5.711336e-09 2.230940e-03 2.694724e-05 3.945922e-03 5.251155e-01 8.859433e-02 8.942637e-02 3.581733e-05 2.204257e-03 2.575255e-05 3.950310e-03 5.263472e-01 8.883235e-02 8.959769e-02 3.498499e-05 3.300004e-05 3.227797e-05 3.157311e-05 1.420910e+00 
800 90000 8.518155e-05 3.575618e-04 7.110648e-09 2.548431e-03 2.690487e-05 4.358835e-03 5.850425e-01 9.511722e-02 9.550184e-02 3.552510e-05 2.543111e-03 2.590047e-05 4.359482e-03 5.864237e-01 9.511135e-02 9.524329e-02 3.510688e-05 3.286033e-05 3.205754e-05 3.171343e-05 1.566915e+00 
850 90000 8.521971e-05 3.587885e-04 1.040986e-08 2.647345e-03 2.693341e-05 4.725688e-03 6.463189e-01 8.406468e-02 8.702397e-02 3.624042e-05 2.652842e-03 2.591681e-05 4.720503e-03 6.423800e-01 8.425226e-02 8.681375e-02 3.535260e-05 3.296244e-05 3.226159e-05 3.170886e-05 1.646268e+00 
900 90000 8.593064e-05 3.590667e-04 5.709007e-09 3.028790e-03 2.684349e-05 5.344097e-03 7.165733e-01 8.953436e-02 9.284455e-02 3.578197e-05 3.071047e-03 2.590817e-05 5.340361e-03 7.144722e-01 8.969134e-02 9.284304e-02 3.531651e-05 3.302951e-05 3.243102e-05 3.196422e-05 1.813412e+00 
950 90000 8.639862e-05 3.597546e-04 8.011702e-09 3.673832e-03 2.715366e-05 6.203362e-03 7.999859e-01 1.126679e-01 1.138753e-01 3.598491e-05 3.676634e-03 2.592763e-05 6.201575e-03 7.984586e-01 1.126461e-01 1.138756e-01 3.547171e-05 3.330097e-05 3.246653e-05 3.206122e-05 2.071936e+00 
1000 90000 8.501641e-05 3.577152e-04 6.610062e-09 4.024162e-03 2.686316e-05 6.864357e-03 8.790366e-01 1.185493e-01 1.199307e-01 3.554825e-05 3.984714e-03 2.561376e-05 6.866788e-03 8.778776e-01 1.185854e-01 1.196413e-01 3.490490e-05 3.304643e-05 3.223633e-05 3.168060e-05 2.256026e+00 
