50 90000 1.002091e-05 1.255128e-03 1.050998e-07 8.293657e-04 5.344560e-05 4.587000e-03 2.930651e-02 1.742611e-01 1.974615e-01 1.832573e-03 6.349420e-04 7.237580e-05 4.660033e-03 2.963856e-02 1.741553e-01 1.976398e-01 6.165235e-03 3.596588e-04 2.998377e-04 2.987651e-04 8.235504e-01 
100 90000 1.886911e-05 1.248137e-03 1.000939e-07 2.850588e-03 5.549670e-05 2.304198e-02 1.062235e-01 4.085538e-01 4.292305e-01 2.021034e-03 2.791461e-03 7.488960e-05 1.978774e-02 1.055791e-01 4.053843e-01 4.363441e-01 6.339374e-03 3.761875e-04 3.216643e-04 3.219327e-04 1.950596e+00 
150 90000 2.681401e-05 1.244194e-03 9.110663e-08 5.969234e-03 6.020570e-05 3.350399e-02 3.210075e-01 5.638022e-01 5.908715e-01 1.831104e-03 5.922755e-03 7.962668e-05 3.282229e-02 3.207864e-01 5.622451e-01 5.948586e-01 6.162761e-03 3.815014e-04 2.943225e-04 3.048092e-04 3.042211e+00 
200 90000 3.474981e-05 1.265282e-03 7.809140e-08 1.638167e-02 7.743239e-05 5.456260e-02 4.100291e-01 7.858151e-01 8.272572e-01 1.829664e-03 1.054073e-02 8.676429e-05 5.085500e-02 3.889391e-01 7.629259e-01 7.900501e-01 6.236674e-03 3.520205e-04 3.065136e-04 3.113519e-04 4.107896e+00 
250 90000 4.367209e-05 1.241780e-03 9.220093e-08 2.020867e-02 6.647210e-05 7.259298e-02 5.933433e-01 9.550359e-01 9.793754e-01 1.824436e-03 1.676056e-02 8.964750e-05 7.405192e-02 5.934857e-01 9.517758e-01 9.831436e-01 6.115064e-03 3.984936e-04 3.266797e-04 3.233567e-04 5.250240e+00 
300 90000 5.146870e-05 1.220369e-03 1.010951e-07 2.396680e-02 7.613541e-05 9.895020e-02 8.594399e-01 1.157149e+00 1.191114e+00 1.962633e-03 2.390201e-02 8.374681e-05 1.000782e-01 8.574406e-01 1.147620e+00 1.174547e+00 6.177710e-03 3.764007e-04 2.955363e-04 3.018697e-04 6.644789e+00 
350 90000 6.043001e-05 1.272962e-03 8.621719e-08 3.292460e-02 9.603498e-05 1.312551e-01 1.194949e+00 1.344420e+00 1.378884e+00 1.899592e-03 3.270051e-02 1.015274e-04 1.249942e-01 1.196725e+00 1.350495e+00 1.371073e+00 6.342710e-03 3.865673e-04 3.144608e-04 3.176646e-04 8.169249e+00 
400 90000 6.899592e-05 1.214302e-03 7.010531e-08 4.264086e-02 8.964268e-05 1.570932e-01 1.586162e+00 1.538852e+00 1.561470e+00 1.834533e-03 4.255837e-02 1.054782e-04 1.590941e-01 1.592083e+00 1.540640e+00 1.563014e+00 6.172868e-03 3.835849e-04 2.945269e-04 3.141462e-04 9.794119e+00 
450 90000 7.645891e-05 1.228711e-03 8.009374e-08 6.391528e-02 1.037436e-04 1.918115e-01 2.070694e+00 1.734560e+00 1.759306e+00 1.898786e-03 5.348801e-02 1.058878e-04 1.945344e-01 2.068241e+00 1.737064e+00 1.756397e+00 6.100421e-03 3.797942e-04 2.997499e-04 3.023767e-04 1.164054e+01 
500 90000 8.541439e-05 1.237998e-03 7.909257e-08 6.656503e-02 1.132118e-04 2.324244e-01 2.693919e+00 1.943511e+00 1.958670e+00 1.769390e-03 6.635993e-02 1.148353e-04 2.318228e-01 2.693017e+00 1.930260e+00 1.957046e+00 6.099446e-03 3.510626e-04 3.093814e-04 3.160383e-04 1.378403e+01 
550 90000 9.347249e-05 1.223436e-03 1.010951e-07 8.131874e-02 1.089756e-04 2.796098e-01 3.347690e+00 2.116932e+00 2.147918e+00 1.898247e-03 8.014735e-02 1.091778e-04 2.933146e-01 3.348101e+00 2.109925e+00 2.139803e+00 6.100041e-03 3.785930e-04 3.037132e-04 3.066166e-04 1.595532e+01 
600 90000 1.020011e-04 1.250772e-03 7.709023e-08 9.603904e-02 1.123376e-04 3.309054e-01 4.161543e+00 2.322667e+00 2.345375e+00 1.768655e-03 9.622136e-02 1.161563e-04 3.334218e-01 4.162848e+00 2.311042e+00 2.344862e+00 6.089056e-03 3.760781e-04 2.933156e-04 3.031303e-04 1.851537e+01 
650 90000 1.100192e-04 1.266719e-03 9.110663e-08 1.155445e-01 1.099420e-04 3.989901e-01 5.089343e+00 2.514673e+00 2.545979e+00 1.773493e-03 1.126858e-01 1.193981e-04 3.889324e-01 5.096486e+00 2.515865e+00 2.538677e+00 6.087627e-03 3.656554e-04 2.985844e-04 3.042578e-04 2.132765e+01 
700 90000 1.187922e-04 1.236006e-03 6.109476e-08 1.335944e-01 1.157497e-04 4.443638e-01 6.107215e+00 2.711089e+00 2.741553e+00 1.772093e-03 1.309171e-01 1.262233e-04 4.489332e-01 6.048806e+00 2.707970e+00 2.735168e+00 6.104827e-03 4.066465e-04 3.323346e-04 3.390196e-04 2.422020e+01 
750 90000 1.269453e-04 1.260478e-03 7.208437e-08 1.555698e-01 1.219849e-04 5.091466e-01 7.057677e+00 3.179970e+00 2.935687e+00 1.771336e-03 1.515431e-01 1.307460e-04 5.100105e-01 7.058125e+00 2.952713e+00 2.930843e+00 6.141656e-03 3.672358e-04 2.955489e-04 3.023901e-04 2.745184e+01 
800 90000 1.356314e-04 1.214711e-03 8.719508e-08 1.708074e-01 1.263044e-04 5.803020e-01 8.171554e+00 3.092839e+00 3.131630e+00 1.773427e-03 1.708025e-01 1.389663e-04 5.809220e-01 8.166700e+00 3.101497e+00 3.125173e+00 6.097906e-03 3.830036e-04 2.959736e-04 3.114518e-04 3.030274e+01 
850 90000 1.430334e-04 1.228714e-03 7.210765e-08 2.075797e-01 1.441961e-04 6.490218e-01 9.380750e+00 3.607014e+00 3.635594e+00 1.780992e-03 2.071175e-01 1.422322e-04 6.524474e-01 9.234154e+00 3.605184e+00 3.631143e+00 6.096205e-03 4.151064e-04 3.245953e-04 4.151895e-04 3.482073e+01 
900 90000 1.511175e-04 1.240516e-03 8.009374e-08 2.162566e-01 1.535081e-04 7.276231e-01 1.041568e+01 3.493103e+00 3.520510e+00 1.786103e-03 2.168031e-01 1.525225e-04 7.323829e-01 1.042843e+01 3.491206e+00 3.523299e+00 6.086395e-03 3.779479e-04 3.223078e-04 3.263950e-04 3.677593e+01 
950 90000 1.596071e-04 1.218355e-03 8.509960e-08 2.495934e-01 1.603021e-04 8.120005e-01 1.160139e+01 3.676494e+00 4.059639e+00 1.771979e-03 2.493241e-01 1.577744e-04 8.140071e-01 1.153899e+01 3.667604e+00 4.060232e+00 6.087790e-03 3.841662e-04 2.985224e-04 3.041558e-04 4.073986e+01 
1000 90000 1.686827e-04 1.215117e-03 8.409843e-08 2.696764e-01 1.633577e-04 9.002456e-01 1.347584e+01 3.878782e+00 3.920266e+00 1.769613e-03 2.672802e-01 1.591083e-04 8.988526e-01 1.345124e+01 3.874601e+00 3.917345e+00 6.268270e-03 3.985065e-04 3.257530e-04 3.256769e-04 4.486498e+01 
