50 90000 9.827712e-06 1.226881e-03 7.911585e-08 1.995951e-03 4.099619e-05 7.419436e-03 2.320441e-02 5.171283e-01 5.881482e-01 2.460732e-03 1.821145e-03 5.464549e-05 6.658552e-03 2.318289e-02 5.170276e-01 5.868741e-01 6.208069e-03 9.004174e-04 8.627193e-04 8.883665e-04 2.286148e+00 
100 90000 1.784170e-05 1.253792e-03 9.019859e-08 8.336325e-03 6.553379e-05 1.664665e-02 9.768434e-02 1.202062e+00 1.277879e+00 2.458572e-03 8.173277e-03 6.106219e-05 1.689737e-02 9.773327e-02 1.202840e+00 1.279273e+00 6.184017e-03 8.821372e-04 8.236739e-04 8.219084e-04 5.220130e+00 
150 90000 2.689110e-05 1.266484e-03 8.209608e-08 1.775517e-02 6.652430e-05 3.454573e-02 3.343664e-01 1.683885e+00 1.760605e+00 2.463697e-03 1.757344e-02 6.803551e-05 3.318529e-02 3.341358e-01 1.683553e+00 1.761928e+00 6.240264e-03 8.762193e-04 8.161868e-04 8.248748e-04 7.674221e+00 
200 90000 3.521149e-05 1.262819e-03 9.820797e-08 3.167404e-02 5.659740e-05 5.503477e-02 4.100671e-01 2.270132e+00 2.350628e+00 2.465388e-03 3.175387e-02 7.324719e-05 5.428975e-02 4.104524e-01 2.272224e+00 2.345114e+00 6.101070e-03 9.643168e-04 9.307858e-04 9.184223e-04 1.024422e+01 
250 90000 4.368920e-05 1.253001e-03 7.809140e-08 1.134300e-01 2.005908e-02 8.147863e-02 7.459445e-01 2.852237e+00 2.930609e+00 2.583089e-03 4.941470e-02 7.910801e-05 9.088458e-02 7.017418e-01 2.854517e+00 2.926394e+00 6.179417e-03 9.153447e-04 8.262999e-04 8.443298e-04 1.337948e+01 
300 90000 5.120342e-05 1.232715e-03 7.911585e-08 7.139186e-02 6.487691e-05 1.036554e-01 1.069083e+00 3.441083e+00 3.513888e+00 2.468527e-03 7.144353e-02 6.439330e-05 1.052375e-01 1.071407e+00 3.439609e+00 3.503111e+00 6.247860e-03 9.771849e-04 8.912249e-04 8.916275e-04 1.640284e+01 
350 90000 5.941649e-05 1.242596e-03 9.008218e-08 9.722880e-02 7.176839e-05 1.414642e-01 1.562512e+00 4.012249e+00 4.099694e+00 2.459110e-03 9.712566e-02 7.453829e-05 1.463722e-01 1.562069e+00 4.020095e+00 4.102733e+00 6.217086e-03 9.264476e-04 8.217263e-04 8.250302e-04 1.985428e+01 
400 90000 6.846720e-05 1.243417e-03 7.608905e-08 1.271960e-01 8.004939e-05 1.969440e-01 2.181923e+00 4.600906e+00 4.674594e+00 2.414605e-03 1.272556e-01 7.945681e-05 1.863188e-01 2.175412e+00 4.611859e+00 4.668616e+00 6.145914e-03 8.811112e-04 8.100359e-04 8.257605e-04 2.356361e+01 
450 90000 7.705921e-05 1.248088e-03 9.809155e-08 1.613683e-01 8.348781e-05 2.212633e-01 2.935271e+00 5.213529e+00 5.281299e+00 2.398954e-03 1.607414e-01 8.340571e-05 2.238763e-01 2.940636e+00 5.171815e+00 5.252743e+00 6.113744e-03 9.759611e-04 8.892305e-04 8.886326e-04 2.757534e+01 
500 90000 8.669258e-05 1.327315e-03 7.608905e-08 1.992598e-01 8.831900e-05 2.707184e-01 3.873801e+00 5.768600e+00 5.837331e+00 2.455099e-03 1.988974e-01 8.945470e-05 2.838859e-01 3.874709e+00 5.758231e+00 5.839425e+00 6.120971e-03 9.234257e-04 8.337477e-04 8.282674e-04 3.191765e+01 
550 90000 9.362500e-05 1.399813e-03 1.031905e-07 2.475646e-01 9.793940e-05 3.403148e-01 4.636323e+00 6.433452e+00 6.448906e+00 2.410935e-03 2.411573e-01 9.729862e-05 3.313418e-01 4.655771e+00 6.356707e+00 6.428333e+00 6.117112e-03 8.629273e-04 8.157588e-04 8.266841e-04 3.613263e+01 
600 90000 1.020096e-04 1.247307e-03 8.509960e-08 2.870685e-01 9.917840e-05 3.857551e-01 5.877473e+00 6.957277e+00 7.012323e+00 2.586445e-03 2.871375e-01 9.940660e-05 3.895295e-01 5.893722e+00 6.933434e+00 7.001587e+00 6.112829e-03 9.311174e-04 8.214354e-04 8.341394e-04 4.103819e+01 
650 90000 1.096339e-04 1.233699e-03 6.409828e-08 3.364052e-01 1.032865e-04 4.642009e-01 7.632688e+00 7.517529e+00 7.608667e+00 2.377945e-03 3.367137e-01 1.030090e-04 4.496682e-01 7.627375e+00 7.498441e+00 7.579609e+00 6.109902e-03 9.958856e-04 9.239340e-04 9.751896e-04 4.706427e+01 
700 90000 1.183881e-04 1.277988e-03 7.608905e-08 3.990589e-01 1.184702e-04 5.234534e-01 9.103531e+00 8.100926e+00 8.188608e+00 2.402649e-03 3.911016e-01 1.049340e-04 5.239834e-01 9.048561e+00 8.074308e+00 8.169456e+00 6.086055e-03 9.451485e-04 8.760091e-04 8.582966e-04 5.253581e+01 
750 90000 1.266324e-04 1.274688e-03 7.511117e-08 4.646283e-01 1.117121e-04 6.037967e-01 1.076734e+01 9.503595e+00 8.767063e+00 2.457940e-03 4.493062e-01 1.136930e-04 6.011368e-01 1.078364e+01 8.840970e+00 8.743610e+00 6.226197e-03 8.731511e-04 8.081268e-04 8.167246e-04 5.953794e+01 
800 90000 1.343850e-04 1.247713e-03 7.711351e-08 5.108500e-01 1.178292e-04 6.995898e-01 1.297701e+01 9.277151e+00 9.343504e+00 2.383809e-03 5.107729e-01 1.197942e-04 6.989609e-01 1.310908e+01 9.275305e+00 9.336900e+00 6.110156e-03 8.562837e-04 8.151473e-04 8.330270e-04 6.575178e+01 
850 90000 1.431721e-04 1.240971e-03 8.419156e-08 6.167372e-01 1.218743e-04 7.758635e-01 1.541163e+01 9.921598e+00 9.561207e+00 2.078240e-03 5.111267e-01 1.082880e-04 8.535026e-01 1.409833e+01 9.079471e+00 9.529715e+00 5.038777e-03 7.089366e-04 6.576359e-04 6.806543e-04 7.037000e+01 
900 90000 1.513124e-04 1.267310e-03 9.110663e-08 6.482456e-01 1.307656e-04 8.640162e-01 1.613599e+01 9.029922e+00 8.900434e+00 2.093010e-03 5.534924e-01 1.188799e-04 8.802169e-01 1.629601e+01 9.055568e+00 9.224273e+00 5.045320e-03 7.357854e-04 7.953977e-04 7.398575e-04 7.159928e+01 
950 90000 1.601368e-04 1.312197e-03 5.408656e-08 6.380487e-01 1.201449e-04 9.386572e-01 1.892855e+01 9.369581e+00 1.110898e+01 2.035228e-03 6.286714e-01 1.210912e-04 8.617565e-01 1.812354e+01 9.214092e+00 1.119429e+01 5.085028e-03 8.080375e-04 7.666946e-04 7.577562e-04 8.101737e+01 
1000 90000 1.689378e-04 1.237452e-03 9.709038e-08 6.680183e-01 1.126116e-04 9.981179e-01 2.105438e+01 9.911974e+00 1.065072e+01 2.034749e-03 6.752840e-01 1.144501e-04 9.630513e-01 2.102274e+01 9.658317e+00 1.027913e+01 6.287334e-03 8.038302e-04 8.767163e-04 8.876317e-04 8.589430e+01 
