50 90000 1.046059e-05 1.221797e-03 1.301989e-07 2.706547e-02 1.887446e-04 2.671859e-02 1.172266e+01 1.281224e-01 1.613199e-01 9.423043e-03 2.741112e-03 1.796310e-04 3.156966e-02 1.364828e+01 1.348648e-01 1.526982e-01 6.218666e-03 2.074271e-02 2.055892e-02 2.566942e-04 2.609488e+01 
100 90000 1.847961e-05 1.201684e-03 8.409843e-08 2.079635e-02 3.458725e-03 4.141868e-02 2.391926e+01 2.565736e-01 2.890677e-01 8.319319e-03 8.036328e-03 1.826033e-03 3.323029e-02 1.301799e+01 2.394821e-01 2.759666e-01 6.222352e-03 7.074666e-03 2.624764e-03 2.626644e-04 3.813285e+01 
150 90000 2.681501e-05 1.229084e-03 1.030974e-07 1.950758e-02 2.547810e-03 5.849854e-02 3.261773e+01 3.498119e-01 3.683480e-01 1.296309e-02 1.539238e-02 1.110583e-03 5.023785e-02 2.725317e+01 3.463423e-01 3.576367e-01 6.352351e-03 6.622487e-04 3.778213e-03 1.680964e-03 6.146770e+01 
200 90000 3.721151e-05 2.219576e-03 1.220964e-07 3.511617e-02 2.475762e-03 7.608964e-02 1.075510e+02 4.256557e-01 4.481438e-01 1.411932e-02 2.616829e-02 2.676479e-03 7.153075e-02 1.076590e+02 4.385858e-01 4.435165e-01 6.261142e-03 4.280802e-04 2.694045e-03 2.678063e-03 2.172084e+02 
250 90000 4.328452e-05 1.255980e-03 1.842855e-07 2.920294e-02 1.311194e-03 1.083348e-01 1.385274e+02 5.463127e-01 5.688914e-01 6.733986e-03 3.184817e-02 1.713090e-03 1.058245e-01 1.368747e+02 5.178342e-01 5.593937e-01 6.243329e-03 8.121697e-04 2.723439e-03 3.752613e-03 2.778943e+02 
300 90000 5.727841e-05 1.234908e-03 1.382083e-07 5.952218e-02 4.094014e-02 1.306679e-01 1.755872e+02 6.195815e-01 6.297170e-01 9.545350e-03 3.906239e-02 2.737210e-03 1.283397e-01 1.654067e+02 6.029738e-01 6.267224e-01 6.091342e-03 2.033429e-02 2.740536e-04 3.362324e-03 3.439152e+02 
350 90000 6.049420e-05 1.235073e-03 1.101056e-07 4.585886e-02 4.097450e-02 1.846447e-01 2.022066e+02 6.955324e-01 7.296902e-01 8.227180e-03 4.543788e-02 6.197718e-03 1.682397e-01 2.037179e+02 6.719600e-01 7.206111e-01 6.129364e-03 1.411270e-03 2.642996e-03 2.598704e-04 4.092536e+02 
400 90000 6.932239e-05 1.231423e-03 1.221895e-07 5.258711e-02 1.821217e-03 1.936741e-01 1.699064e+02 7.601646e-01 7.821634e-01 1.521233e-02 5.334688e-02 1.274196e-03 2.087376e-01 1.090557e+02 7.866921e-01 8.202383e-01 6.098067e-03 2.365552e-03 2.773610e-03 2.577110e-03 2.826531e+02 
450 90000 8.178290e-05 1.257516e-03 1.222128e-07 5.931072e-02 4.761678e-04 2.354062e-01 1.504487e+02 8.390585e-01 9.086538e-01 9.834680e-03 5.623653e-02 1.963785e-03 2.539251e-01 1.293755e+02 8.868181e-01 8.776159e-01 6.097605e-03 4.266361e-04 2.633087e-03 2.653132e-03 2.839667e+02 
500 90000 8.651689e-05 1.206885e-03 2.132962e-07 7.254011e-02 4.069081e-03 2.836015e-01 2.964581e+02 9.392757e-01 9.867930e-01 1.029681e-02 6.618084e-02 8.980427e-04 2.908228e-01 2.539397e+02 9.368659e-01 9.407101e-01 6.125712e-03 7.131962e-04 2.405862e-03 3.992324e-03 5.549445e+02 
550 90000 9.451490e-05 1.243374e-03 1.161126e-07 7.813893e-02 3.766016e-02 3.438517e-01 3.475608e+02 1.053428e+00 1.028621e+00 7.076066e-03 7.402863e-02 1.114141e-03 3.205924e-01 3.439167e+02 1.010292e+00 1.007868e+00 6.156737e-03 6.235591e-03 2.637960e-03 3.897640e-03 6.964605e+02 
600 90000 1.022484e-04 1.213127e-03 8.919742e-08 9.407601e-02 1.177304e-02 3.902740e-01 3.812593e+02 1.041392e+00 1.105332e+00 1.786226e-02 8.055105e-02 1.100982e-03 3.788484e-01 3.742632e+02 1.109578e+00 1.128014e+00 6.113961e-03 2.814805e-03 3.131600e-03 3.217728e-03 7.608979e+02 
650 90000 1.160019e-04 1.235799e-03 1.332024e-07 1.002669e-01 1.440416e-02 4.513218e-01 4.237892e+02 1.157909e+00 1.219965e+00 8.209142e-03 9.862408e-02 2.093969e-03 4.326369e-01 4.248113e+02 1.144588e+00 1.188312e+00 6.095996e-03 1.673316e-03 2.586484e-03 2.149334e-04 8.544307e+02 
700 90000 1.190916e-04 1.249164e-03 1.522014e-07 1.120466e-01 1.998835e-03 5.161870e-01 4.821393e+02 1.283570e+00 1.346234e+00 7.882868e-03 1.091804e-01 8.552308e-04 4.959363e-01 4.737160e+02 1.203315e+00 1.184543e+00 6.118563e-03 3.677502e-04 1.988483e-03 1.814369e-03 9.621287e+02 
750 90000 1.275471e-04 1.233703e-03 1.522014e-07 1.292575e-01 4.497925e-04 5.636378e-01 5.010451e+02 1.394044e+00 1.311961e+00 7.613420e-03 1.226108e-01 1.123739e-02 5.615184e-01 5.098980e+02 1.311813e+00 1.292791e+00 6.107277e-03 8.067495e-04 3.328548e-03 2.452288e-03 1.017664e+03 
800 90000 1.364033e-04 1.217955e-03 1.332024e-07 1.416887e-01 8.712547e-04 6.245686e-01 5.471530e+02 1.388705e+00 1.418247e+00 1.177130e-02 1.291564e-01 3.826065e-02 6.263590e-01 5.365715e+02 1.364092e+00 1.316588e+00 6.122300e-03 8.744484e-04 8.583144e-04 9.390947e-03 1.090803e+03 
850 90000 1.435126e-04 1.204474e-03 7.720009e-08 1.626856e-01 4.102083e-02 7.100872e-01 5.690040e+02 1.578086e+00 1.551995e+00 8.080476e-03 1.604477e-01 5.493298e-04 7.078212e-01 5.724057e+02 1.610897e+00 1.574337e+00 6.028735e-03 1.798325e-03 3.961606e-03 2.566666e-04 1.149529e+03 
