50 90000 9.974907e-06 1.258797e-03 1.091044e-07 1.596060e-02 3.059239e-03 8.153395e-03 5.895309e-02 1.126757e-01 1.265950e-01 1.672255e-03 4.415388e-04 1.054103e-04 5.532944e-03 6.026230e-02 1.150849e-01 1.318514e-01 5.920843e-03 3.161797e-04 2.589774e-04 2.591376e-04 6.483995e-01 
100 90000 1.850061e-05 1.253626e-03 7.811468e-08 1.844946e-03 1.054904e-04 1.997434e-02 2.330494e-01 2.644964e-01 2.656080e-01 1.494704e-02 1.475223e-02 1.288964e-04 1.945286e-02 1.965785e-01 2.684402e-01 2.758969e-01 6.084896e-03 3.156870e-04 2.582473e-04 2.620830e-04 1.583506e+00 
150 90000 2.716652e-05 1.243926e-03 8.710194e-08 1.252651e-02 1.120112e-04 3.453475e-02 5.470090e-01 3.577603e-01 3.618955e-01 1.778197e-03 3.633980e-03 1.253420e-04 3.552852e-02 5.473584e-01 3.509303e-01 3.808952e-01 6.056695e-03 2.971113e-04 2.555202e-04 2.502394e-04 2.642255e+00 
200 90000 3.470480e-05 1.262267e-03 8.218922e-08 6.563848e-03 1.092340e-04 5.472358e-02 7.147542e-01 4.724437e-01 4.978308e-01 1.798264e-03 6.413434e-03 1.341546e-04 5.836886e-02 6.704015e-01 4.864786e-01 4.785756e-01 5.943682e-03 3.082959e-04 2.593608e-04 2.538996e-04 3.456695e+00 
250 90000 4.284200e-05 1.224355e-03 1.040986e-07 1.015234e-02 1.202594e-04 7.918131e-02 1.116530e+00 6.014095e-01 5.946226e-01 1.727990e-03 1.001016e-02 1.169465e-04 7.930911e-02 1.003325e+00 5.914733e-01 6.252611e-01 5.991994e-03 3.091172e-04 2.545108e-04 2.529434e-04 4.721351e+00 
300 90000 5.129750e-05 1.266861e-03 8.919742e-08 1.453016e-02 1.064308e-04 9.929866e-02 1.450696e+00 7.320953e-01 7.187716e-01 1.688088e-03 1.442778e-02 1.229133e-04 1.007815e-01 1.419114e+00 7.142483e-01 7.207462e-01 5.898657e-03 6.680943e-03 2.497603e-04 2.544784e-04 6.001065e+00 
350 90000 6.008151e-05 1.268370e-03 7.417984e-08 1.978506e-02 1.235762e-04 1.276152e-01 2.117872e+00 8.437503e-01 8.345519e-01 1.682536e-03 1.959603e-02 1.229623e-04 1.262701e-01 2.209409e+00 8.496202e-01 8.352602e-01 6.029628e-03 3.165449e-04 2.507500e-04 2.551455e-04 7.993870e+00 
400 90000 6.870350e-05 1.261216e-03 8.409843e-08 2.902321e-02 1.314330e-04 1.667370e-01 3.217436e+00 9.645316e-01 9.810648e-01 2.998812e-03 2.588686e-02 1.351145e-04 1.598163e-01 3.163400e+00 9.554850e-01 9.635454e-01 6.009925e-03 3.184229e-04 2.493930e-04 3.550767e-04 1.063849e+01 
450 90000 7.689272e-05 1.263114e-03 7.608905e-08 3.518380e-02 1.426057e-04 1.928490e-01 4.043932e+00 1.084178e+00 1.082394e+00 1.730810e-03 3.242426e-02 1.380579e-04 1.942678e-01 4.158607e+00 1.074648e+00 1.091779e+00 6.101431e-03 3.442535e-04 2.560249e-04 2.683433e-04 1.300062e+01 
500 90000 8.498281e-05 1.244615e-03 7.408671e-08 4.027879e-02 1.424615e-04 2.325430e-01 5.132156e+00 1.202591e+00 1.210305e+00 1.731669e-03 4.022246e-02 1.481270e-04 2.329138e-01 5.391050e+00 1.196178e+00 1.206203e+00 5.937143e-03 3.219943e-04 2.557044e-04 2.534240e-04 1.589460e+01 
550 90000 9.333021e-05 1.229378e-03 7.308554e-08 4.874837e-02 1.518676e-04 2.795433e-01 6.744049e+00 1.295984e+00 1.325927e+00 1.741892e-03 4.889194e-02 1.571334e-04 2.746740e-01 6.936002e+00 1.296941e+00 1.325578e+00 6.187384e-03 3.106564e-04 2.588071e-04 2.589473e-04 1.958676e+01 
600 90000 1.018439e-04 1.239286e-03 9.119976e-08 6.105525e-02 1.636371e-04 3.196270e-01 8.181653e+00 1.415907e+00 1.446170e+00 1.736863e-03 5.812640e-02 1.646726e-04 3.204603e-01 8.552611e+00 1.433980e+00 1.455836e+00 6.136052e-03 3.286723e-04 2.674039e-04 2.634711e-04 2.325589e+01 
650 90000 1.117257e-04 1.222756e-03 1.732027e-07 9.013499e-02 1.607188e-04 4.002232e-01 1.212958e+01 1.583075e+00 1.608584e+00 1.763925e-03 6.759781e-02 1.716571e-04 3.994234e-01 1.216664e+01 1.549409e+00 1.567145e+00 6.094634e-03 3.937023e-04 3.167184e-04 3.150330e-04 3.157240e+01 
700 90000 1.264356e-04 1.226765e-03 1.982087e-07 9.780308e-02 1.644283e-04 4.618783e-01 1.534437e+01 1.699193e+00 1.729581e+00 1.764816e-03 7.850277e-02 2.008095e-04 4.666215e-01 1.460986e+01 1.707309e+00 1.682194e+00 6.030359e-03 3.532719e-04 3.031922e-04 2.791202e-04 3.788780e+01 
750 90000 1.278717e-04 1.250805e-03 1.792097e-07 1.023890e-01 1.732023e-04 5.233026e-01 1.780277e+01 1.927502e+00 1.836108e+00 1.755404e-03 9.006512e-02 1.952101e-04 5.239166e-01 1.712031e+01 1.802719e+00 1.803124e+00 6.102259e-03 3.696076e-04 3.093948e-04 2.911285e-04 4.354285e+01 
800 90000 1.371878e-04 1.215724e-03 1.891982e-07 1.144035e-01 1.743092e-04 6.539412e-01 2.081559e+01 1.908694e+00 1.958689e+00 1.752260e-03 1.025629e-01 2.562763e-04 6.009483e-01 2.141508e+01 1.941212e+00 1.920059e+00 6.118389e-03 3.765789e-04 3.093145e-04 2.970042e-04 5.144187e+01 
850 90000 1.448932e-04 1.237619e-03 1.633074e-07 1.355570e-01 1.890110e-04 6.555150e-01 2.325534e+01 2.227442e+00 2.209888e+00 1.793608e-03 1.234976e-01 2.730253e-04 6.821898e-01 2.230025e+01 2.196750e+00 2.212803e+00 6.100587e-03 3.767159e-04 3.177590e-04 3.085993e-04 5.601002e+01 
900 90000 1.544864e-04 1.239876e-03 1.692912e-07 1.800839e-01 2.263466e-04 7.396175e-01 2.775184e+01 2.183446e+00 2.164567e+00 1.788308e-03 1.293129e-01 2.601791e-04 7.396475e-01 2.754104e+01 2.152232e+00 2.165037e+00 6.091067e-03 3.780258e-04 3.101526e-04 2.994917e-04 6.575761e+01 
950 90000 1.612986e-04 1.216180e-03 1.793029e-07 1.505849e-01 2.072782e-04 8.405738e-01 3.137992e+01 2.293830e+00 2.482434e+00 1.000222e-02 1.504401e-01 2.985293e-04 9.096801e-01 3.150177e+01 2.273417e+00 2.482528e+00 6.098733e-03 3.681781e-04 3.218290e-04 3.076519e-04 7.448421e+01 
1000 90000 1.693346e-04 1.265401e-03 8.509960e-08 1.621628e-01 2.337797e-04 8.902051e-01 2.904004e+01 2.361233e+00 2.379092e+00 1.740607e-03 1.603041e-01 2.317296e-04 8.840630e-01 2.814242e+01 2.368224e+00 2.412360e+00 6.174208e-03 3.058302e-04 2.540569e-04 2.572787e-04 6.881077e+01 
