50 90000 1.013121e-05 1.260808e-03 9.420328e-08 3.865134e-02 1.524189e-04 6.762260e-03 8.535007e-02 8.448661e-02 1.200215e-01 1.412324e-02 3.795553e-04 1.646481e-04 7.606353e-03 8.138357e-02 1.016996e-01 1.176915e-01 5.886663e-03 1.759427e-02 2.508290e-04 2.476532e-04 6.837544e-01 
100 90000 1.911451e-05 1.253606e-03 7.508788e-08 1.439253e-03 1.459512e-04 2.187515e-02 2.461539e-01 2.109304e-01 2.054544e-01 1.498847e-03 1.255698e-03 1.272713e-04 2.050633e-02 2.530422e-01 1.859810e-01 1.996372e-01 5.343182e-03 8.469100e-04 2.454819e-04 2.391334e-04 1.356027e+00 
150 90000 2.627221e-05 1.237673e-03 8.309726e-08 2.809614e-03 1.451039e-04 3.435045e-02 7.454471e-01 2.719520e-01 2.833401e-01 1.586232e-03 2.605197e-03 1.300273e-04 3.427795e-02 7.771378e-01 2.538567e-01 2.776982e-01 5.537300e-03 6.679242e-03 2.425696e-04 2.379247e-04 2.699344e+00 
200 90000 3.460769e-05 1.284419e-03 9.411015e-08 4.823496e-03 1.479372e-04 5.038668e-02 1.170844e+00 3.516776e-01 3.473494e-01 1.454803e-03 4.632837e-03 1.326873e-04 5.294678e-02 1.198581e+00 3.465521e-01 3.525533e-01 5.314427e-03 1.023164e-03 2.516923e-04 3.178181e-04 3.890341e+00 
250 90000 4.358920e-05 1.211319e-03 8.619390e-08 1.299683e-02 1.437208e-04 8.159177e-02 2.082274e+00 4.317920e-01 4.487075e-01 3.476664e-03 7.209590e-03 1.548956e-04 8.305558e-02 1.835096e+00 4.300142e-01 4.343805e-01 5.451794e-03 3.390708e-04 2.529381e-04 2.574068e-04 5.858478e+00 
300 90000 5.206179e-05 1.295078e-03 6.111804e-08 1.065533e-02 1.452712e-04 1.233023e-01 3.032447e+00 5.159326e-01 5.389106e-01 1.565083e-03 1.028816e-02 1.608615e-04 1.065629e-01 3.413457e+00 5.183728e-01 5.492054e-01 5.462116e-03 6.628807e-03 2.531644e-04 2.511515e-04 8.834982e+00 
350 90000 6.021201e-05 1.272552e-03 9.008218e-08 1.430232e-02 1.615906e-04 1.328600e-01 4.466031e+00 6.089393e-01 6.164318e-01 3.104271e-03 1.399387e-02 1.718909e-04 1.328178e-01 4.511710e+00 6.188562e-01 6.071732e-01 5.483290e-03 2.757702e-04 2.476222e-04 2.439607e-04 1.173417e+01 
400 90000 6.780140e-05 1.246469e-03 6.209593e-08 1.861028e-02 1.677018e-04 1.647925e-01 5.909861e+00 6.986692e-01 7.074615e-01 1.545887e-03 1.840500e-02 1.700612e-04 1.719111e-01 5.466835e+00 6.946622e-01 7.226624e-01 6.124936e-03 3.083940e-04 2.573708e-04 2.521831e-04 1.458403e+01 
450 90000 7.694599e-05 2.207010e-03 8.710194e-08 2.555696e-02 1.754412e-04 1.990526e-01 7.151920e+00 7.602049e-01 7.927555e-01 3.293950e-03 2.313729e-02 2.783412e-04 1.984981e-01 7.495921e+00 7.983748e-01 7.975813e-01 6.107595e-03 9.353931e-03 2.661830e-04 2.593097e-04 1.826506e+01 
500 90000 8.642119e-05 1.229279e-03 1.742039e-07 4.315906e-02 1.837437e-04 2.816663e-01 8.254917e+00 8.834043e-01 9.217142e-01 1.814210e-03 2.849566e-02 2.204255e-04 2.415900e-01 9.100332e+00 8.825670e-01 8.837474e-01 6.083317e-03 3.152994e-04 2.640538e-04 2.712274e-04 2.153209e+01 
550 90000 1.003831e-04 1.255251e-03 1.371838e-07 3.952005e-02 1.975343e-04 2.978330e-01 1.082173e+01 1.017554e+00 9.757536e-01 1.677410e-03 3.449592e-02 1.973871e-04 2.986715e-01 1.129638e+01 9.636196e-01 9.700117e-01 6.335036e-03 2.468096e-02 2.380470e-02 2.380365e-02 2.679764e+01 
600 90000 1.032163e-04 1.203851e-03 1.371838e-07 4.612717e-02 2.114551e-04 3.369474e-01 1.297004e+01 1.095049e+00 1.062138e+00 1.677414e-03 4.096145e-02 2.031838e-04 3.400914e-01 1.344269e+01 1.064836e+00 1.055788e+00 6.102601e-03 3.323579e-04 2.587288e-04 2.618414e-04 3.146505e+01 
650 90000 1.113454e-04 1.247101e-03 1.592096e-07 7.132631e-02 1.799250e-04 4.144926e-01 1.511899e+01 1.201598e+00 1.211983e+00 8.317370e-03 4.843779e-02 1.837347e-04 4.307680e-01 1.517177e+01 1.151110e+00 1.152171e+00 6.099218e-03 3.167736e-04 2.719836e-04 2.757582e-04 3.598969e+01 
700 90000 1.203229e-04 1.251207e-03 1.042150e-07 7.547365e-02 1.829915e-04 4.497494e-01 1.869730e+01 1.337957e+00 1.299846e+00 1.325371e-02 7.900372e-02 2.022734e-04 4.573187e-01 1.696950e+01 1.261091e+00 1.225316e+00 6.113526e-03 3.180004e-04 2.777833e-04 2.777833e-04 4.187458e+01 
750 90000 1.289167e-04 1.208917e-03 9.718351e-08 8.171981e-02 1.965117e-04 5.157113e-01 2.016987e+01 1.412327e+00 1.445370e+00 1.777537e-03 6.433792e-02 2.150145e-04 5.182152e-01 1.982780e+01 1.370776e+00 1.321858e+00 6.086073e-03 3.164832e-04 2.729030e-04 2.643011e-04 4.673846e+01 
800 90000 1.364640e-04 1.207871e-03 1.691980e-07 7.359153e-02 1.978097e-04 5.883338e-01 2.252249e+01 1.451417e+00 1.477434e+00 1.755606e-03 7.339365e-02 2.357325e-04 5.903896e-01 2.307722e+01 1.391066e+00 1.411665e+00 6.086231e-03 3.765670e-03 2.776511e-04 2.840777e-04 5.267097e+01 
850 90000 1.443217e-04 1.258557e-03 1.071021e-07 8.976939e-02 2.111126e-04 6.609999e-01 2.674994e+01 1.587506e+00 1.601155e+00 1.723472e-03 9.571520e-02 2.324956e-04 6.622807e-01 2.742862e+01 1.646951e+00 1.600726e+00 6.090540e-03 3.090532e-04 2.925975e-04 2.736922e-04 6.213423e+01 
900 90000 1.528756e-04 1.238147e-03 1.772074e-07 9.987049e-02 2.633247e-04 7.657794e-01 3.308524e+01 1.590017e+00 1.569038e+00 1.526484e-03 1.044850e-01 6.783704e-03 7.625130e-01 3.203299e+01 1.574952e+00 1.572920e+00 5.699085e-03 3.186494e-04 2.726476e-04 2.759897e-04 7.317438e+01 
950 90000 1.615786e-04 1.234292e-03 6.409828e-08 1.098351e-01 2.332928e-04 7.988769e-01 3.470728e+01 1.643875e+00 1.825644e+00 1.667503e-03 1.094892e-01 2.676712e-04 7.973719e-01 3.491825e+01 1.637668e+00 1.827627e+00 6.211310e-03 3.042301e-04 2.508603e-04 2.597306e-04 7.838658e+01 
1000 90000 1.731700e-04 1.233714e-03 5.911570e-08 1.366058e-01 3.275250e-04 8.970285e-01 3.898102e+01 1.720615e+00 1.738427e+00 1.669791e-03 1.209288e-01 2.453840e-04 8.945331e-01 3.936446e+01 1.708133e+00 1.742885e+00 5.996882e-03 3.658022e-03 2.531468e-04 2.589153e-04 8.731848e+01 
