50 90000 1.047270e-05 1.226693e-03 7.809140e-08 4.663023e-02 2.578220e-02 7.883094e-03 6.307289e-02 1.457390e-01 1.746535e-01 1.179279e-02 6.505497e-03 1.085674e-04 8.060822e-03 1.008223e-01 1.527455e-01 1.588388e-01 6.196714e-03 4.156447e-04 3.480656e-04 3.425314e-04 9.111995e-01 
100 90000 1.865390e-05 1.216710e-03 8.009374e-08 2.274675e-03 1.094918e-04 2.364385e-02 1.949104e-01 3.156923e-01 3.466792e-01 1.786690e-03 2.120704e-03 1.057873e-04 2.386710e-02 1.978945e-01 3.319598e-01 3.665987e-01 6.173942e-03 4.059982e-04 3.501357e-04 3.510160e-04 1.816695e+00 
150 90000 2.684819e-05 1.225702e-03 9.010546e-08 5.005614e-02 1.285367e-02 4.972794e-02 5.735048e-01 4.438419e-01 4.881756e-01 1.845782e-03 4.479185e-03 1.483379e-04 4.315325e-02 5.270061e-01 4.639609e-01 5.163040e-01 6.169332e-03 4.038902e-04 3.453416e-04 3.376380e-04 3.184183e+00 
200 90000 3.523668e-05 1.323115e-03 1.181848e-07 8.196372e-03 1.176981e-04 6.651729e-02 6.843117e-01 5.845248e-01 6.099084e-01 1.789338e-03 7.990570e-03 1.377811e-04 6.579685e-02 6.698036e-01 5.893011e-01 5.978583e-01 6.174671e-03 4.057349e-04 3.432975e-04 3.420066e-04 3.894899e+00 
250 90000 4.423221e-05 1.210987e-03 1.131790e-07 1.278376e-02 1.155859e-04 9.486950e-02 1.020357e+00 7.545791e-01 7.503016e-01 1.990409e-03 1.253174e-02 1.351522e-04 1.129972e-01 1.177720e+00 7.363998e-01 7.719519e-01 6.165914e-03 4.134075e-04 3.270393e-04 3.245155e-04 5.455253e+00 
300 90000 5.186459e-05 1.240254e-03 1.050998e-07 1.841329e-02 1.151593e-04 1.104215e-01 1.630812e+00 8.864184e-01 9.077340e-01 2.040073e-03 1.808171e-02 1.439023e-04 1.106214e-01 1.605816e+00 9.156210e-01 9.735939e-01 6.101605e-03 4.142417e-04 3.433587e-04 3.410182e-04 7.188360e+00 
350 90000 6.075990e-05 1.221109e-03 8.810312e-08 2.489395e-02 1.304732e-04 1.383234e-01 2.214799e+00 1.033786e+00 1.105023e+00 2.044868e-03 2.431458e-02 1.544700e-04 1.398194e-01 2.301129e+00 1.180056e+00 1.049436e+00 6.100909e-03 2.409571e-02 1.603275e-03 3.397301e-04 9.247360e+00 
400 90000 6.940281e-05 1.224051e-03 1.122011e-07 3.805943e-02 1.396369e-04 1.741198e-01 3.191764e+00 1.182864e+00 1.234056e+00 1.920301e-03 3.183230e-02 1.596248e-04 1.740756e-01 3.164466e+00 1.257289e+00 1.209093e+00 6.095216e-03 4.111892e-04 3.485014e-04 3.502279e-04 1.166837e+01 
450 90000 7.741179e-05 1.227574e-03 1.441920e-07 4.086122e-02 1.393865e-04 2.018935e-01 4.141869e+00 1.318993e+00 1.335820e+00 1.728794e-03 4.034364e-02 2.124097e-04 1.958834e-01 3.965322e+00 1.384928e+00 1.335210e+00 5.342550e-03 2.509121e-02 2.041281e-02 3.716269e-04 1.401578e+01 
500 90000 8.491599e-05 1.212560e-03 8.710194e-08 1.138063e-01 4.047081e-02 2.523380e-01 5.136018e+00 1.503943e+00 1.645017e+00 1.317023e-02 9.966067e-02 2.769145e-02 2.500409e-01 5.197818e+00 1.542420e+00 1.559740e+00 6.131166e-03 4.276047e-04 3.401339e-04 3.334640e-04 1.739072e+01 
550 90000 9.400770e-05 1.224258e-03 1.372071e-07 6.950514e-02 1.475228e-04 2.992870e-01 6.615513e+00 1.625212e+00 1.660002e+00 1.940178e-03 6.017068e-02 1.687074e-04 3.011416e-01 6.607025e+00 1.623229e+00 1.714142e+00 5.473289e-03 4.057270e-04 3.396562e-04 3.314710e-04 2.058541e+01 
600 90000 1.070522e-04 1.252349e-03 7.210765e-08 7.281606e-02 1.455739e-04 3.292021e-01 6.210668e+00 1.803030e+00 1.803734e+00 1.882243e-03 7.279331e-02 1.591030e-04 3.526755e-01 5.879807e+00 1.776625e+00 1.831329e+00 5.903438e-03 1.280592e-03 2.833029e-04 2.839889e-04 2.014402e+01 
650 90000 1.106045e-04 1.279470e-03 9.711366e-08 8.539899e-02 6.260232e-03 3.994718e-01 7.538709e+00 1.942516e+00 1.942415e+00 1.341075e-02 8.850191e-02 1.873503e-04 3.779441e-01 7.395410e+00 1.934280e+00 1.947851e+00 5.581610e-03 3.569051e-04 2.792268e-04 2.909274e-04 2.368030e+01 
700 90000 1.193527e-04 1.308675e-03 1.122011e-07 1.184593e-01 1.481158e-04 4.768913e-01 1.247857e+01 2.140212e+00 2.082350e+00 1.799826e-03 9.798453e-02 1.940884e-04 4.697890e-01 1.236251e+01 2.162264e+00 2.145235e+00 6.101012e-03 2.610069e-02 2.934319e-03 3.476693e-04 3.457336e+01 
750 90000 1.314678e-04 1.211651e-03 1.212116e-07 1.226093e-01 1.421077e-04 5.503803e-01 1.549027e+01 2.445133e+00 2.225004e+00 1.861669e-03 1.121403e-01 1.790399e-04 5.439489e-01 1.493092e+01 2.310146e+00 2.275331e+00 6.124818e-03 2.633861e-02 1.312870e-02 3.482280e-04 4.105538e+01 
800 90000 1.359514e-04 1.215000e-03 1.633074e-07 1.287343e-01 1.512804e-04 6.021000e-01 1.760616e+01 2.383055e+00 2.487466e+00 1.583461e-02 1.386418e-01 1.823418e-04 6.087896e-01 1.748335e+01 2.422088e+00 2.394782e+00 6.135303e-03 4.210242e-04 3.617105e-04 3.592858e-04 4.628005e+01 
850 90000 1.443501e-04 1.241646e-03 1.332024e-07 1.746829e-01 1.911399e-04 7.054220e-01 2.099184e+01 2.946222e+00 2.839211e+00 1.902652e-03 1.575601e-01 2.118720e-04 6.844131e-01 2.010897e+01 2.819165e+00 2.836953e+00 6.084448e-03 4.018591e-04 3.503040e-04 3.661046e-04 5.427536e+01 
900 90000 1.526864e-04 1.214401e-03 1.461944e-07 1.651904e-01 1.890528e-04 7.536790e-01 2.314946e+01 2.709673e+00 2.720798e+00 1.808565e-03 1.625474e-01 2.662660e-04 8.093112e-01 2.249396e+01 2.748680e+00 2.718112e+00 6.124697e-03 3.706754e-04 3.397812e-04 3.346865e-04 5.844226e+01 
950 90000 1.613423e-04 1.222630e-03 7.608905e-08 2.578571e-01 2.209124e-04 8.386313e-01 2.749636e+01 2.824473e+00 3.179093e+00 1.470988e-02 2.159108e-01 2.375300e-04 8.410255e-01 2.634601e+01 2.825383e+00 3.193707e+00 6.295057e-03 3.972448e-04 3.541535e-04 3.650106e-04 6.804245e+01 
1000 90000 1.686813e-04 1.222877e-03 1.271954e-07 2.027710e-01 1.976306e-04 9.287650e-01 2.940674e+01 2.999999e+00 3.021355e+00 1.892589e-03 2.019988e-01 2.320379e-04 1.002320e+00 2.937362e+01 2.974511e+00 3.016787e+00 6.133039e-03 3.723867e-04 3.415005e-04 3.455756e-04 7.313984e+01 
