50 90000 1.063088e-05 1.256044e-03 8.610077e-08 1.091736e-03 4.393950e-05 6.293385e-03 2.572198e-02 2.601249e-01 2.958130e-01 1.978788e-03 9.324292e-04 6.342060e-05 6.200997e-03 2.595550e-02 2.628922e-01 3.003956e-01 6.331155e-03 5.302041e-04 4.256711e-04 4.260036e-04 1.196518e+00 
100 90000 1.905239e-05 1.233680e-03 9.411015e-08 4.183947e-03 4.686199e-05 1.983871e-02 9.703959e-02 6.266844e-01 6.421502e-01 2.044823e-03 4.129159e-03 6.728340e-05 2.011471e-02 9.410436e-02 6.082572e-01 6.433843e-01 6.229571e-03 5.745833e-04 4.628076e-04 4.621335e-04 2.771063e+00 
150 90000 2.613701e-05 1.254652e-03 7.110648e-08 9.239454e-03 5.421089e-05 4.276923e-02 2.988657e-01 8.500957e-01 8.881657e-01 1.986336e-03 8.838300e-03 7.326130e-05 3.446055e-02 2.963176e-01 8.471430e-01 8.846936e-01 6.110161e-03 5.670020e-04 4.770037e-04 4.718110e-04 4.171646e+00 
200 90000 3.549489e-05 1.278523e-03 9.508803e-08 1.593337e-02 5.981328e-05 5.422618e-02 3.708239e-01 1.139262e+00 1.177334e+00 2.049273e-03 1.585262e-02 7.896079e-05 5.525769e-02 3.712682e-01 1.145940e+00 1.178827e+00 6.088667e-03 5.522831e-04 4.614335e-04 4.614685e-04 5.535828e+00 
250 90000 4.330350e-05 1.273068e-03 7.210765e-08 7.073525e-02 4.157148e-02 1.487366e-01 6.264263e-01 1.429026e+00 1.468834e+00 2.174948e-03 2.500199e-02 8.490970e-05 7.740888e-02 5.978668e-01 1.435611e+00 1.467450e+00 6.098874e-03 5.794085e-04 4.641115e-04 4.637149e-04 7.399898e+00 
300 90000 5.129350e-05 1.230523e-03 7.711351e-08 3.591801e-02 8.692471e-05 1.017260e-01 8.598188e-01 1.722370e+00 1.777728e+00 1.993447e-03 3.554161e-02 9.232769e-05 1.044000e-01 8.578554e-01 1.723815e+00 1.765212e+00 6.077209e-03 5.386067e-04 5.099939e-04 4.687945e-04 8.995473e+00 
350 90000 5.927749e-05 1.272501e-03 9.019859e-08 1.132069e-01 2.237986e-02 1.331997e-01 1.230241e+00 2.021285e+00 2.060757e+00 2.012602e-03 4.883562e-02 9.474629e-05 1.370955e-01 1.222688e+00 2.014990e+00 2.049714e+00 6.101790e-03 5.351213e-04 4.214824e-04 4.269025e-04 1.106536e+01 
400 90000 6.900211e-05 1.216737e-03 7.310882e-08 6.422092e-02 9.646129e-05 1.672757e-01 1.660030e+00 2.328979e+00 2.344527e+00 2.013969e-03 6.379378e-02 1.009439e-04 1.657961e-01 1.643851e+00 2.310635e+00 2.345267e+00 6.111848e-03 5.290647e-04 4.226023e-04 4.267167e-04 1.310540e+01 
450 90000 7.692990e-05 1.246303e-03 7.720664e-08 8.086820e-02 1.048154e-04 2.002019e-01 2.150434e+00 2.598610e+00 2.639118e+00 2.079544e-03 8.065510e-02 1.015861e-04 1.989396e-01 2.152502e+00 2.592332e+00 2.638255e+00 6.087799e-03 5.000873e-04 4.071155e-04 4.225917e-04 1.534298e+01 
500 90000 8.491159e-05 1.248451e-03 7.008202e-08 1.002152e-01 1.085993e-04 2.486339e-01 2.781168e+00 2.905400e+00 2.934372e+00 2.004326e-03 9.982393e-02 1.096489e-04 2.511942e-01 2.789294e+00 2.891410e+00 2.931857e+00 6.106266e-03 5.048708e-04 4.092939e-04 4.210926e-04 1.794441e+01 
550 90000 9.382120e-05 1.237747e-03 9.411015e-08 1.210488e-01 1.148747e-04 2.997490e-01 3.399274e+00 3.189358e+00 3.266406e+00 1.917540e-03 1.205897e-01 1.159434e-04 2.962186e-01 3.454286e+00 3.175731e+00 3.235304e+00 6.106566e-03 5.373094e-04 4.558787e-04 4.647629e-04 2.056905e+01 
600 90000 1.020566e-04 1.237549e-03 1.142034e-07 1.441601e-01 1.062890e-04 3.503977e-01 4.145627e+00 3.479808e+00 3.532204e+00 1.998171e-03 1.440173e-01 1.060165e-04 4.301251e-01 4.195975e+00 3.466691e+00 3.519117e+00 6.099889e-03 5.570298e-04 4.194051e-04 4.276063e-04 2.341922e+01 
650 90000 1.108707e-04 1.332309e-03 8.910429e-08 1.689574e-01 1.086303e-04 4.100027e-01 5.148494e+00 3.765969e+00 3.810730e+00 2.057045e-03 1.689084e-01 1.100616e-04 3.995383e-01 5.179356e+00 3.756409e+00 3.803939e+00 6.114796e-03 5.438993e-04 4.259600e-04 4.292279e-04 2.662358e+01 
700 90000 1.193345e-04 1.228517e-03 9.320211e-08 1.960476e-01 1.112704e-04 4.674527e-01 6.187432e+00 4.074841e+00 4.100089e+00 1.945134e-03 1.961246e-01 1.765940e-04 4.706157e-01 6.185504e+00 4.055066e+00 4.095344e+00 6.090241e-03 5.268578e-04 4.079341e-04 4.477606e-04 3.003961e+01 
750 90000 1.280325e-04 1.273755e-03 9.110663e-08 2.340361e-01 1.211652e-04 5.398055e-01 7.353258e+00 4.762214e+00 4.387124e+00 1.987964e-03 2.250183e-01 1.228828e-04 5.344409e-01 7.363921e+00 4.425212e+00 4.385758e+00 6.088557e-03 5.107207e-04 4.036867e-04 4.622232e-04 3.422193e+01 
800 90000 1.350540e-04 1.279415e-03 8.710194e-08 2.560588e-01 1.235848e-04 6.074333e-01 8.619829e+00 4.640049e+00 4.687578e+00 1.995363e-03 2.562499e-01 1.275598e-04 6.102227e-01 8.619531e+00 4.640214e+00 4.680836e+00 6.094381e-03 5.422002e-04 6.112595e-04 4.689366e-04 3.762942e+01 
850 90000 1.435517e-04 1.229668e-03 8.109491e-08 3.113735e-01 1.317260e-04 7.021515e-01 9.999448e+00 5.408992e+00 5.449220e+00 1.922582e-03 3.089840e-01 1.308818e-04 6.915279e-01 9.979203e+00 5.411112e+00 5.439810e+00 6.160976e-03 5.408982e-04 4.543106e-04 4.546562e-04 4.371303e+01 
900 90000 1.511310e-04 1.229957e-03 8.910429e-08 3.247361e-01 1.392322e-04 7.649322e-01 1.156115e+01 5.225692e+00 5.278162e+00 1.916679e-03 3.249436e-01 1.415557e-04 7.717781e-01 1.156497e+01 5.233694e+00 5.285822e+00 6.098038e-03 5.209081e-04 4.199070e-04 4.553761e-04 4.634699e+01 
950 90000 1.604519e-04 1.279854e-03 7.108320e-08 3.817071e-01 1.482387e-04 8.593058e-01 1.294132e+01 5.509319e+00 6.078128e+00 1.913196e-03 3.738033e-01 1.457360e-04 8.703053e-01 1.330403e+01 5.506446e+00 6.084460e+00 6.174737e-03 5.299397e-04 4.586671e-04 4.664667e-04 5.192014e+01 
1000 90000 1.685872e-04 1.267539e-03 7.408671e-08 4.003621e-01 1.443008e-04 9.584877e-01 1.544468e+01 5.803065e+00 5.933735e+00 1.924190e-03 4.005241e-01 1.480745e-04 9.506189e-01 1.552691e+01 5.815708e+00 5.915558e+00 6.281687e-03 5.062863e-04 4.483416e-04 4.636656e-04 5.716104e+01 
