50 90000 1.040648e-05 1.266152e-03 6.810296e-08 1.432244e-02 2.756710e-05 8.978540e-03 1.827433e-02 4.099269e+00 4.657659e+00 6.253151e-03 1.440589e-02 4.636499e-05 9.787443e-03 1.823600e-02 4.089684e+00 4.653987e+00 6.287032e-03 6.463305e-03 6.842743e-03 6.852014e-03 1.761868e+01 
100 90000 1.793969e-05 1.288863e-03 9.320211e-08 6.412878e-02 3.294810e-05 3.336014e-02 1.214222e-01 9.532299e+00 1.014922e+01 6.229741e-03 6.453867e-02 3.188350e-05 3.349116e-02 1.212774e-01 9.551427e+00 1.015600e+01 6.230570e-03 6.763745e-03 7.041360e-03 7.051956e-03 3.986189e+01 
150 90000 2.683292e-05 1.241677e-03 7.909257e-08 1.385999e-01 3.640719e-05 6.599044e-02 5.257745e-01 1.344559e+01 1.410654e+01 6.155578e-03 1.394280e-01 4.893111e-05 6.349698e-02 5.269805e-01 1.340168e+01 1.407930e+01 6.168446e-03 6.628108e-03 6.672219e-03 6.656332e-03 5.652705e+01 
200 90000 3.472671e-05 1.239288e-03 7.108320e-08 2.494349e-01 4.726241e-05 1.108322e-01 9.153110e-01 1.812748e+01 1.871278e+01 6.169358e-03 2.496820e-01 4.553380e-05 1.083228e-01 9.154658e-01 1.806904e+01 1.865655e+01 6.224511e-03 6.458296e-03 6.479642e-03 6.693997e-03 7.614832e+01 
250 90000 4.299299e-05 1.317255e-03 5.799811e-08 3.913908e-01 5.061838e-05 1.634435e-01 1.773103e+00 2.279671e+01 2.334565e+01 6.306047e-03 3.914000e-01 5.180831e-05 1.650151e-01 1.771122e+00 2.272827e+01 2.328197e+01 6.234193e-03 6.302671e-03 6.998207e-03 7.024300e-03 9.684243e+01 
300 90000 5.210170e-05 1.415426e-03 5.711336e-08 5.657637e-01 5.786130e-05 2.330805e-01 3.060969e+00 2.743710e+01 2.800208e+01 6.167294e-03 5.683374e-01 5.758391e-05 2.329434e-01 3.053509e+00 2.744161e+01 2.798480e+01 6.098671e-03 6.740949e-03 6.859087e-03 6.837684e-03 1.186145e+02 
350 90000 6.034109e-05 1.252193e-03 5.699694e-08 7.706948e-01 6.483069e-05 3.278188e-01 4.838429e+00 3.208119e+01 3.267169e+01 6.162821e-03 7.717458e-01 6.500399e-05 3.165798e-01 4.813258e+00 3.208198e+01 3.258174e+01 6.180432e-03 7.058907e-03 7.244408e-03 7.270360e-03 1.412905e+02 
400 90000 7.212260e-05 1.349286e-03 5.611219e-08 1.008770e+00 6.945860e-05 4.150748e-01 7.236964e+00 3.632132e+01 3.456467e+01 5.747677e-03 9.795527e-01 6.555768e-05 4.027615e-01 6.678477e+00 3.307395e+01 3.390622e+01 5.046380e-03 5.435113e-03 5.587368e-03 5.637203e-03 1.546168e+02 
450 90000 6.578609e-05 1.258926e-03 6.509945e-08 1.185159e+00 7.049711e-05 5.042518e-01 9.402683e+00 3.644263e+01 3.693151e+01 5.102485e-03 1.078743e+00 7.050519e-05 4.736658e-01 9.429099e+00 3.571578e+01 3.651720e+01 5.047005e-03 5.138625e-03 5.361032e-03 5.351372e-03 1.677082e+02 
500 90000 8.295169e-05 1.229412e-03 7.410999e-08 1.500445e+00 8.574191e-05 6.434400e-01 1.208465e+01 4.000714e+01 4.099556e+01 6.179013e-03 1.509340e+00 6.942549e-05 5.401637e-01 1.197971e+01 3.900042e+01 4.062583e+01 5.101732e-03 5.880281e-03 5.983241e-03 5.980311e-03 1.889173e+02 
550 90000 9.400020e-05 1.217050e-03 1.022127e-07 1.910257e+00 1.086771e-04 7.940296e-01 1.821278e+01 5.115072e+01 5.157600e+01 6.238630e-03 1.916690e+00 8.696590e-05 7.896735e-01 1.822165e+01 5.060610e+01 5.138629e+01 6.116153e-03 6.471751e-03 6.653165e-03 6.676950e-03 2.465979e+02 
600 90000 1.023087e-04 1.232604e-03 1.051929e-07 2.280905e+00 9.333640e-05 9.336282e-01 2.376035e+01 5.578136e+01 5.653986e+01 6.152750e-03 2.279363e+00 9.462330e-05 9.429517e-01 2.375782e+01 5.524942e+01 5.611061e+01 6.237580e-03 6.854833e-03 7.036892e-03 7.028911e-03 2.776711e+02 
650 90000 1.101685e-04 1.252889e-03 7.108320e-08 2.676148e+00 1.000514e-04 1.095940e+00 3.015745e+01 6.016083e+01 6.065196e+01 6.112310e-03 2.678997e+00 9.958679e-05 1.095385e+00 3.017270e+01 5.991306e+01 6.072136e+01 6.161763e-03 6.470824e-03 6.501714e-03 6.486130e-03 3.093572e+02 
700 90000 1.181915e-04 1.232427e-03 1.132023e-07 3.107230e+00 1.062737e-04 1.269205e+00 3.729077e+01 6.489365e+01 6.529376e+01 6.147476e-03 3.119256e+00 1.056989e-04 1.272567e+00 3.729888e+01 6.459887e+01 6.551375e+01 6.259608e-03 6.501908e-03 6.581769e-03 6.652085e-03 3.436917e+02 
750 90000 1.275395e-04 1.217590e-03 7.210765e-08 3.679916e+00 1.121355e-04 1.460708e+00 4.635456e+01 7.478137e+01 7.001512e+01 6.118072e-03 3.685378e+00 1.123658e-04 1.474730e+00 4.635332e+01 7.479502e+01 7.004238e+01 6.125210e-03 6.340976e-03 6.810216e-03 7.235604e-03 3.926767e+02 
800 90000 1.356876e-04 1.260197e-03 1.881970e-07 4.073207e+00 1.205961e-04 1.659043e+00 5.621643e+01 7.409566e+01 7.487028e+01 6.099428e-03 4.070755e+00 1.193713e-04 1.667307e+00 5.624456e+01 7.410967e+01 7.460859e+01 6.113669e-03 6.900766e-03 7.212512e-03 7.213162e-03 4.216507e+02 
850 90000 1.436124e-04 1.259380e-03 7.709023e-08 4.881287e+00 1.255495e-04 1.898149e+00 6.705795e+01 8.482017e+01 8.551683e+01 6.117564e-03 4.739552e+00 1.248695e-04 1.890801e+00 6.709050e+01 8.484475e+01 8.036749e+01 6.160388e-03 6.430020e-03 6.490984e-03 6.467544e-03 4.831408e+02 
900 90000 1.515063e-04 1.280696e-03 1.022127e-07 5.143425e+00 1.361393e-04 2.103210e+00 7.908327e+01 8.338969e+01 8.416582e+01 6.118425e-03 5.151406e+00 1.368384e-04 2.107037e+00 7.928887e+01 8.388394e+01 8.475790e+01 6.115391e-03 6.134051e-03 6.480641e-03 6.479116e-03 5.091076e+02 
950 90000 1.596634e-04 1.219388e-03 9.611249e-08 5.927293e+00 1.496925e-04 2.348411e+00 9.256675e+01 8.807355e+01 9.559395e+01 6.119037e-03 5.744166e+00 1.423797e-04 2.351010e+00 9.263444e+01 8.810094e+01 9.047173e+01 6.187551e-03 6.326434e-03 6.490158e-03 6.489466e-03 5.638456e+02 
1000 90000 1.679097e-04 1.241085e-03 8.910429e-08 6.376593e+00 1.491959e-04 2.601794e+00 1.092433e+02 9.271817e+01 9.357338e+01 6.139733e-03 6.360714e+00 1.502985e-04 2.600992e+00 1.091959e+02 9.314788e+01 9.392308e+01 6.114191e-03 6.531979e-03 6.477853e-03 6.481873e-03 6.097753e+02 
