-6.769167e+02 1.044316e-294 -0.000000e+00 1.000000e+00 -6.769167e+02 1.044316e-294
-6.769523e+02 1.007756e-294 -1.743287e-01 8.400208e-01 -6.771266e+02 8.465357e-295
-6.768613e+02 1.103764e-294 -6.811986e-01 5.060101e-01 -6.775425e+02 5.585156e-295
-6.766158e+02 1.410821e-294 -6.138633e-01 5.412558e-01 -6.772297e+02 7.636150e-295
-6.762586e+02 2.016688e-294 -1.028286e+00 3.576194e-01 -6.772868e+02 7.212069e-295
-6.761782e+02 2.185466e-294 -1.758150e+00 1.723635e-01 -6.779363e+02 3.766945e-295
-6.758929e+02 2.906881e-294 -2.529115e+00 7.972955e-02 -6.784221e+02 2.317643e-295
-6.755350e+02 4.158036e-294 -3.192340e+00 4.107563e-02 -6.787273e+02 1.707939e-295
-6.753761e+02 4.874003e-294 -3.565989e+00 2.826901e-02 -6.789421e+02 1.377832e-295
-6.755984e+02 3.902562e-294 -3.972031e+00 1.883513e-02 -6.795704e+02 7.350526e-296
-6.759762e+02 2.674680e-294 -3.704299e+00 2.461748e-02 -6.796805e+02 6.584388e-296
-6.759595e+02 2.719556e-294 -3.555957e+00 2.855403e-02 -6.795155e+02 7.765426e-296
-6.757310e+02 3.417740e-294 -5.028968e+00 6.545564e-03 -6.807600e+02 2.237104e-296
-6.759088e+02 2.861211e-294 -5.261865e+00 5.185623e-03 -6.811706e+02 1.483716e-296
-6.760005e+02 2.610524e-294 -4.314895e+00 1.336795e-02 -6.803154e+02 3.489737e-296
-6.759497e+02 2.746415e-294 -5.262651e+00 5.181552e-03 -6.812124e+02 1.423069e-296
-6.761469e+02 2.254837e-294 -5.754924e+00 3.167148e-03 -6.819019e+02 7.141403e-297
-6.760618e+02 2.455336e-294 -6.539142e+00 1.445728e-03 -6.826009e+02 3.549748e-297
-6.759076e+02 2.864692e-294 -6.893035e+00 1.014829e-03 -6.828006e+02 2.907173e-297
-6.755764e+02 3.989244e-294 -8.180753e+00 2.799911e-04 -6.837572e+02 1.116953e-297
-6.755826e+02 3.964754e-294 -8.068808e+00 3.131563e-04 -6.836514e+02 1.241588e-297
-6.754595e+02 4.483917e-294 -7.376841e+00 6.255739e-04 -6.828364e+02 2.805022e-297
-6.754889e+02 4.354199e-294 -7.034209e+00 8.812151e-04 -6.825231e+02 3.836986e-297
-6.755458e+02 4.113257e-294 -6.704048e+00 1.225940e-03 -6.822498e+02 5.042605e-297
-6.760945e+02 2.376118e-294 -6.844886e+00 1.064887e-03 -6.829394e+02 2.530298e-297
-6.762894e+02 1.955472e-294 -6.186528e+00 2.056956e-03 -6.824759e+02 4.022319e-297
-6.764262e+02 1.705439e-294 -5.452010e+00 4.287678e-03 -6.818782e+02 7.312372e-297
-6.767011e+02 1.295583e-294 -4.808133e+00 8.163085e-03 -6.815092e+02 1.057596e-296
-6.767720e+02 1.206914e-294 -5.939201e+00 2.634134e-03 -6.827112e+02 3.179174e-297
-6.772180e+02 7.726041e-295 -5.505727e+00 4.063432e-03 -6.827237e+02 3.139424e-297
-6.769790e+02 9.812070e-295 -5.217249e+00 5.422228e-03 -6.821962e+02 5.320328e-297
-6.769208e+02 1.039985e-294 -5.700210e+00 3.345263e-03 -6.826210e+02 3.479022e-297
-6.767916e+02 1.183409e-294 -7.113184e+00 8.142981e-04 -6.839048e+02 9.636475e-298
-6.771360e+02 8.386194e-295 -6.672175e+00 1.265643e-03 -6.838082e+02 1.061393e-297
-6.776330e+02 5.102007e-295 -6.329720e+00 1.782532e-03 -6.839627e+02 9.094491e-298
-6.775529e+02 5.527065e-295 -8.155914e+00 2.870329e-04 -6.857089e+02 1.586450e-298
-6.777423e+02 4.573836e-295 -8.545152e+00 1.944857e-04 -6.862874e+02 8.895458e-299
-6.778107e+02 4.271240e-295 -8.379085e+00 2.296200e-04 -6.861898e+02 9.807623e-299
-6.777565e+02 4.508918e-295 -9.356718e+00 8.638313e-05 -6.871133e+02 3.894944e-299
-6.776134e+02 5.202857e-295 -8.173228e+00 2.821059e-04 -6.857866e+02 1.467757e-298
-6.773071e+02 7.067391e-295 -8.369340e+00 2.318686e-04 -6.856765e+02 1.638706e-298
-6.773552e+02 6.735552e-295 -8.571074e+00 1.895089e-04 -6.859263e+02 1.276447e-298
-6.771266e+02 8.465118e-295 -1.028966e+01 3.398277e-05 -6.874163e+02 2.876682e-299
-6.770259e+02 9.362043e-295 -1.092756e+01 1.795648e-05 -6.879535e+02 1.681094e-299
-6.768019e+02 1.171310e-294 -9.922788e+00 4.904421e-05 -6.867247e+02 5.744596e-299
-6.763570e+02 1.827604e-294 -9.880892e+00 5.114266e-05 -6.862379e+02 9.346851e-299
-6.765548e+02 1.499615e-294 -8.689701e+00 1.683104e-04 -6.852445e+02 2.524008e-298
-6.764269e+02 1.704156e-294 -8.948164e+00 1.299756e-04 -6.853751e+02 2.214988e-298
-6.766173e+02 1.408783e-294 -9.489313e+00 7.565610e-05 -6.861066e+02 1.065830e-298
-6.765779e+02 1.465394e-294 -1.120673e+01 1.358242e-05 -6.877846e+02 1.990359e-299
-6.763332e+02 1.871552e-294 -1.235365e+01 4.313984e-06 -6.886869e+02 8.073845e-300
-6.762351e+02 2.064595e-294 -1.221946e+01 4.933506e-06 -6.884545e+02 1.018569e-299
-6.762013e+02 2.135516e-294 -1.341429e+01 1.493652e-06 -6.896156e+02 3.189718e-300
-6.759847e+02 2.651924e-294 -1.424990e+01 6.476627e-07 -6.902346e+02 1.717552e-300
-6.758297e+02 3.096793e-294 -1.704472e+01 3.958889e-08 -6.928744e+02 1.225986e-301
-6.758227e+02 3.118367e-294 -1.913716e+01 4.884697e-09 -6.949599e+02 1.523228e-302
-6.759720e+02 2.685850e-294 -1.983403e+01 2.433275e-09 -6.958060e+02 6.535414e-303
-6.757160e+02 3.469504e-294 -2.015297e+01 1.768794e-09 -6.958690e+02 6.136836e-303
-6.759477e+02 2.752011e-294 -2.150798e+01 4.562502e-10 -6.974557e+02 1.255605e-303
-6.758524e+02 3.027107e-294 -2.119622e+01 6.231590e-10 -6.970486e+02 1.886369e-303
-6.758760e+02 2.956637e-294 -2.310223e+01 9.264640e-11 -6.989782e+02 2.739218e-304
-6.758482e+02 3.039888e-294 -2.353762e+01 5.994362e-11 -6.993858e+02 1.822219e-304
-6.757396e+02 3.388608e-294 -2.433738e+01 2.694086e-11 -7.000770e+02 9.129201e-305
-6.761796e+02 2.182327e-294 -2.343871e+01 6.617584e-11 -6.996183e+02 1.444173e-304
-6.763809e+02 1.784432e-294 -2.161267e+01 4.108985e-10 -6.979936e+02 7.332203e-304
-6.762511e+02 2.031776e-294 -2.245368e+01 1.772107e-10 -6.987048e+02 3.600524e-304
-6.760163e+02 2.569442e-294 -2.226392e+01 2.142399e-10 -6.982803e+02 5.504769e-304
-6.761373e+02 2.276696e-294 -2.136165e+01 5.281461e-10 -6.974989e+02 1.202428e-303
-6.764323e+02 1.695040e-294 -2.356509e+01 5.831919e-11 -6.999974e+02 9.885338e-305
-6.762815e+02 1.971025e-294 -2.299878e+01 1.027437e-10 -6.992802e+02 2.025103e-304
-6.763726e+02 1.799337e-294 -2.265057e+01 1.455404e-10 -6.990232e+02 2.618761e-304
-6.762941e+02 1.946203e-294 -2.161184e+01 4.112429e-10 -6.979060e+02 8.003622e-304
-6.759369e+02 2.781819e-294 -2.262051e+01 1.499806e-10 -6.985574e+02 4.172190e-304
-6.761051e+02 2.351210e-294 -2.190454e+01 3.068861e-10 -6.980096e+02 7.215538e-304
-6.762008e+02 2.136514e-294 -2.498432e+01 1.410744e-11 -7.011852e+02 3.014074e-305
-6.763380e+02 1.862742e-294 -2.467300e+01 1.925982e-11 -7.010110e+02 3.587606e-305
-6.762776e+02 1.978593e-294 -2.653031e+01 3.006306e-12 -7.028079e+02 5.948255e-306
-6.765298e+02 1.537601e-294 -2.905462e+01 2.408462e-13 -7.055844e+02 3.703254e-307
-6.761575e+02 2.231173e-294 -3.195227e+01 1.328322e-14 -7.081098e+02 2.963716e-308
-6.760866e+02 2.395132e-294 -3.126924e+01 2.629910e-14 -7.073558e+02 6.298982e-308
-6.760788e+02 2.413762e-294 -3.083511e+01 4.059605e-14 -7.069139e+02 9.798921e-308
-6.758557e+02 3.017141e-294 -3.371364e+01 2.282189e-15 -7.095693e+02 6.885685e-309
-6.756109e+02 3.853974e-294 -3.388686e+01 1.919216e-15 -7.094978e+02 7.396607e-309
-6.754643e+02 4.462654e-294 -3.903978e+01 1.109785e-17 -7.145041e+02 4.952586e-311
-6.755369e+02 4.150052e-294 -3.909089e+01 1.054489e-17 -7.146278e+02 4.376185e-311
-6.753707e+02 4.900244e-294 -3.790321e+01 3.458166e-17 -7.132739e+02 1.694586e-310
-6.753153e+02 5.179646e-294 -3.341858e+01 3.065470e-15 -7.087339e+02 1.587805e-308
-6.752005e+02 5.809557e-294 -3.617709e+01 1.943065e-16 -7.113776e+02 1.128835e-309
-6.749636e+02 7.362520e-294 -3.338093e+01 3.183075e-15 -7.083445e+02 2.343545e-308
-6.751606e+02 6.045991e-294 -3.042550e+01 6.114666e-14 -7.055861e+02 3.696921e-307
-6.751612e+02 6.042770e-294 -2.994571e+01 9.879657e-14 -7.051069e+02 5.970049e-307
-6.751527e+02 6.094369e-294 -2.789004e+01 7.718059e-13 -7.030427e+02 4.703670e-306
-6.749390e+02 7.545893e-294 -2.905897e+01 2.398013e-13 -7.039980e+02 1.809515e-306
-6.748292e+02 8.421509e-294 -3.058272e+01 5.225089e-14 -7.054119e+02 4.400313e-307
-6.748535e+02 8.219557e-294 -3.180537e+01 1.538515e-14 -7.066589e+02 1.264591e-307
-6.747809e+02 8.838109e-294 -3.429768e+01 1.272647e-15 -7.090786e+02 1.124779e-308
-6.747868e+02 8.786517e-294 -3.342778e+01 3.037386e-15 -7.082146e+02 2.668804e-308
-6.745869e+02 1.073066e-293 -3.549549e+01 3.841543e-16 -7.100824e+02 4.122228e-309
-6.743111e+02 1.413916e-293 -3.636702e+01 1.606958e-16 -7.106781e+02 2.272103e-309
-6.741924e+02 1.592053e-293 -3.732066e+01 6.192175e-17 -7.115131e+02 9.858270e-310
-6.742502e+02 1.502614e-293 -3.669247e+01 1.160542e-16 -7.109427e+02 1.743847e-309
-6.740036e+02 1.922888e-293 -3.695575e+01 8.919110e-17 -7.109594e+02 1.715045e-309
-6.741191e+02 1.713119e-293 -3.730874e+01 6.266456e-17 -7.114279e+02 1.073518e-309
-6.742854e+02 1.450708e-293 -3.861631e+01 1.694929e-17 -7.129017e+02 2.458848e-310
-6.743366e+02 1.378252e-293 -3.630348e+01 1.712377e-16 -7.106401e+02 2.360087e-309
-6.743933e+02 1.302336e-293 -3.595698e+01 2.421493e-16 -7.103502e+02 3.153597e-309
-6.745827e+02 1.077607e-293 -3.726618e+01 6.538902e-17 -7.118489e+02 7.046369e-310
-6.745716e+02 1.089639e-293 -3.856154e+01 1.790349e-17 -7.131331e+02 1.950833e-310
-6.745255e+02 1.141083e-293 -4.079306e+01 1.922210e-18 -7.153185e+02 2.193401e-311
-6.744297e+02 1.255745e-293 -3.993828e+01 4.518813e-18 -7.143680e+02 5.674475e-311
-6.745958e+02 1.063600e-293 -3.694115e+01 9.050257e-17 -7.115369e+02 9.625849e-310
-6.745464e+02 1.117386e-293 -4.007749e+01 3.931581e-18 -7.146239e+02 4.393092e-311
-6.742184e+02 1.551247e-293 -4.127348e+01 1.188933e-18 -7.154918e+02 1.844329e-311
-6.741525e+02 1.656808e-293 -4.260987e+01 3.124413e-19 -7.167624e+02 5.176554e-312
-6.742126e+02 1.560167e-293 -4.099173e+01 1.575867e-18 -7.152044e+02 2.458616e-311
-6.744759e+02 1.199044e-293 -4.098189e+01 1.591452e-18 -7.154578e+02 1.908220e-311
-6.745302e+02 1.135670e-293 -4.081356e+01 1.883203e-18 -7.153438e+02 2.138698e-311
-6.745592e+02 1.103178e-293 -4.173873e+01 7.466224e-19 -7.162980e+02 8.236578e-312
-6.745602e+02 1.102093e-293 -4.422966e+01 6.184461e-20 -7.187899e+02 6.815850e-313
-6.752867e+02 5.329966e-294 -4.359539e+01 1.166169e-19 -7.188821e+02 6.215642e-313
-6.755679e+02 4.023341e-294 -5.146357e+01 4.463276e-23 -7.270315e+02 1.795728e-316
-6.754662e+02 4.453964e-294 -5.325382e+01 7.450086e-24 -7.287200e+02 3.318241e-317
-6.754205e+02 4.662214e-294 -5.523490e+01 1.027516e-24 -7.306554e+02 4.790500e-318
-6.751198e+02 6.297762e-294 -5.916848e+01 2.011207e-26 -7.342883e+02 1.266587e-319
-6.751427e+02 6.155473e-294 -6.004367e+01 8.382376e-27 -7.351863e+02 5.159528e-320
-6.751993e+02 5.816356e-294 -6.099210e+01 3.246886e-27 -7.361914e+02 1.888319e-320
-6.753058e+02 5.228833e-294 -6.057332e+01 4.935610e-27 -7.358792e+02 2.580505e-320
-6.749831e+02 7.220421e-294 -5.772453e+01 8.522276e-26 -7.327076e+02 6.153439e-319
-6.749422e+02 7.521961e-294 -6.169709e+01 1.604335e-27 -7.366393e+02 1.207002e-320
-6.741655e+02 1.635514e-293 -6.613975e+01 1.887430e-29 -7.403052e+02 3.063207e-322
-6.739500e+02 2.028735e-293 -6.640996e+01 1.440525e-29 -7.403600e+02 2.914987e-322
-6.738351e+02 2.275882e-293 -6.623671e+01 1.713021e-29 -7.400718e+02 3.903119e-322
-6.740089e+02 1.912731e-293 -6.540701e+01 3.927321e-29 -7.394159e+02 7.509798e-322
-6.737695e+02 2.430218e-293 -6.485755e+01 6.803347e-29 -7.386270e+02 1.655120e-321
-6.737731e+02 2.421366e-293 -6.458953e+01 8.894574e-29 -7.383626e+02 2.154126e-321
-6.736488e+02 2.741957e-293 -6.404977e+01 1.525949e-28 -7.376985e+02 4.184736e-321
-6.737446e+02 2.491430e-293 -6.029025e+01 6.550547e-27 -7.340348e+02 1.632047e-319
-6.735343e+02 3.074493e-293 -5.841843e+01 4.257944e-26 -7.319527e+02 1.309101e-318
-6.734299e+02 3.412838e-293 -6.013339e+01 7.663054e-27 -7.335633e+02 2.615287e-319
-6.735019e+02 3.175649e-293 -6.067921e+01 4.439710e-27 -7.341811e+02 1.409915e-319
-6.735332e+02 3.077920e-293 -6.148783e+01 1.977774e-27 -7.350210e+02 6.087383e-320
-6.731524e+02 4.504250e-293 -6.212072e+01 1.050302e-27 -7.352731e+02 4.730679e-320
-6.727253e+02 6.903965e-293 -6.153826e+01 1.880491e-27 -7.342636e+02 1.298306e-319
-6.725441e+02 8.275932e-293 -6.205142e+01 1.125670e-27 -7.345955e+02 9.316102e-320
-6.723966e+02 9.591453e-293 -6.327825e+01 3.300678e-28 -7.356748e+02 3.165973e-320
-6.725105e+02 8.558868e-293 -6.261444e+01 6.410564e-28 -7.351249e+02 5.486599e-320
-6.727637e+02 6.643868e-293 -5.751017e+01 1.055970e-25 -7.302739e+02 7.015727e-318
-6.724795e+02 8.827794e-293 -6.332794e+01 3.140693e-28 -7.358075e+02 2.772696e-320
-6.725630e+02 8.120491e-293 -6.360564e+01 2.379156e-28 -7.361687e+02 1.931797e-320
-6.725171e+02 8.502241e-293 -6.554549e+01 3.419450e-29 -7.380626e+02 2.905106e-321
-6.723914e+02 9.641532e-293 -6.549092e+01 3.611242e-29 -7.378823e+02 3.483163e-321
-6.721755e+02 1.196481e-292 -7.228147e+01 4.060288e-32 -7.444569e+02 4.940656e-324
-6.719349e+02 1.521906e-292 -7.492601e+01 2.884347e-33 -7.468609e+02 0.000000e+00
-6.719781e+02 1.457587e-292 -7.031843e+01 2.891309e-31 -7.422965e+02 4.446591e-323
-6.716909e+02 1.942442e-292 -7.171997e+01 7.118885e-32 -7.434109e+02 1.482197e-323
-6.721251e+02 1.258254e-292 -7.267406e+01 2.741944e-32 -7.447992e+02 4.940656e-324
-6.718891e+02 1.593245e-292 -7.369128e+01 9.914810e-33 -7.455804e+02 0.000000e+00
-6.715862e+02 2.156926e-292 -7.631441e+01 7.195709e-34 -7.479006e+02 0.000000e+00
-6.713744e+02 2.665757e-292 -7.805587e+01 1.261148e-34 -7.494302e+02 0.000000e+00
-6.707808e+02 4.825939e-292 -8.073379e+01 8.664826e-36 -7.515146e+02 0.000000e+00
-6.707237e+02 5.109511e-292 -8.132999e+01 4.773470e-36 -7.520537e+02 0.000000e+00
-6.705132e+02 6.307093e-292 -8.347383e+01 5.594706e-37 -7.539870e+02 0.000000e+00
-6.710851e+02 3.559932e-292 -8.203259e+01 2.364273e-36 -7.531177e+02 0.000000e+00
-6.709512e+02 4.069815e-292 -7.781091e+01 1.611207e-34 -7.487622e+02 0.000000e+00
-6.707834e+02 4.813437e-292 -7.925334e+01 3.808143e-35 -7.500368e+02 0.000000e+00
-6.707908e+02 4.778193e-292 -7.441621e+01 4.802338e-33 -7.452070e+02 0.000000e+00
-6.706975e+02 5.245480e-292 -8.323774e+01 7.084513e-37 -7.539352e+02 0.000000e+00
-6.704504e+02 6.715855e-292 -8.295073e+01 9.439638e-37 -7.534011e+02 0.000000e+00
-6.708155e+02 4.661464e-292 -7.736768e+01 2.509820e-34 -7.481832e+02 0.000000e+00
-6.710904e+02 3.541009e-292 -7.424686e+01 5.688483e-33 -7.453373e+02 0.000000e+00
-6.713573e+02 2.711665e-292 -6.928631e+01 8.115897e-31 -7.406436e+02 2.223295e-322
-6.717686e+02 1.797274e-292 -6.675157e+01 1.023671e-29 -7.385201e+02 1.837924e-321
-6.721452e+02 1.233205e-292 -6.859683e+01 1.617239e-30 -7.407421e+02 1.976263e-322
-6.720898e+02 1.303534e-292 -6.837260e+01 2.023755e-30 -7.404624e+02 2.618548e-322
-6.720369e+02 1.374235e-292 -7.490418e+01 2.947993e-33 -7.469411e+02 0.000000e+00
-6.718206e+02 1.706235e-292 -7.709224e+01 3.305704e-34 -7.489128e+02 0.000000e+00
-6.717465e+02 1.837392e-292 -7.539224e+01 1.809530e-33 -7.471387e+02 0.000000e+00
-6.719213e+02 1.542765e-292 -7.624843e+01 7.686490e-34 -7.481697e+02 0.000000e+00
-6.725039e+02 8.615287e-293 -7.174280e+01 6.958205e-32 -7.442467e+02 4.940656e-324
-6.727017e+02 7.068801e-293 -6.625786e+01 1.677170e-29 -7.389596e+02 1.185758e-321
-6.728124e+02 6.328441e-293 -7.086925e+01 1.666767e-31 -7.436816e+02 9.881313e-324
-6.727256e+02 6.902091e-293 -7.111806e+01 1.299628e-31 -7.438437e+02 9.881313e-324
-6.728201e+02 6.279957e-293 -7.255608e+01 3.085270e-32 -7.453762e+02 0.000000e+00
-6.726251e+02 7.631499e-293 -7.049591e+01 2.421106e-31 -7.431211e+02 1.976263e-323
-6.722745e+02 1.083697e-292 -7.285755e+01 2.282279e-32 -7.451320e+02 4.940656e-324
-6.725493e+02 8.233158e-293 -6.966786e+01 5.541551e-31 -7.422171e+02 4.446591e-323
-6.727791e+02 6.542359e-293 -6.987456e+01 4.506767e-31 -7.426537e+02 2.964394e-323
-6.730358e+02 5.061320e-293 -6.633253e+01 1.556503e-29 -7.393683e+02 7.855644e-322
-6.728019e+02 6.395391e-293 -7.225850e+01 4.154612e-32 -7.450604e+02 4.940656e-324
-6.725255e+02 8.431366e-293 -7.309703e+01 1.796228e-32 -7.456225e+02 0.000000e+00
-6.724024e+02 9.535581e-293 -7.518284e+01 2.231046e-33 -7.475852e+02 0.000000e+00
-6.723413e+02 1.013626e-292 -7.670974e+01 4.846008e-34 -7.490511e+02 0.000000e+00
-6.722587e+02 1.100914e-292 -7.486953e+01 3.051944e-33 -7.471282e+02 0.000000e+00
-6.720066e+02 1.416591e-292 -7.943492e+01 3.175800e-35 -7.514415e+02 0.000000e+00
-6.721472e+02 1.230839e-292 -7.659272e+01 5.447608e-34 -7.487399e+02 0.000000e+00
-6.722944e+02 1.062360e-292 -7.761512e+01 1.959670e-34 -7.499095e+02 0.000000e+00
-6.722820e+02 1.075567e-292 -7.754495e+01 2.102114e-34 -7.498269e+02 0.000000e+00
-6.724081e+02 9.481438e-293 -7.507155e+01 2.493680e-33 -7.474796e+02 0.000000e+00
-6.722403e+02 1.121314e-292 -7.444470e+01 4.667435e-33 -7.466850e+02 0.000000e+00
-6.722773e+02 1.080642e-292 -8.043410e+01 1.169263e-35 -7.527114e+02 0.000000e+00
-6.726447e+02 7.483570e-293 -7.796698e+01 1.378387e-34 -7.506117e+02 0.000000e+00
-6.727596e+02 6.671621e-293 -7.761439e+01 1.961090e-34 -7.503740e+02 0.000000e+00
-6.729517e+02 5.505690e-293 -8.055481e+01 1.036316e-35 -7.535065e+02 0.000000e+00
-6.729098e+02 5.741187e-293 -8.394527e+01 3.491679e-37 -7.568550e+02 0.000000e+00
-6.729496e+02 5.516826e-293 -8.406998e+01 3.082281e-37 -7.570196e+02 0.000000e+00
-6.732067e+02 4.266116e-293 -8.755021e+01 9.493480e-39 -7.607569e+02 0.000000e+00
-6.731258e+02 4.625504e-293 -8.864214e+01 3.185725e-39 -7.617680e+02 0.000000e+00
-6.727312e+02 6.863506e-293 -8.630703e+01 3.291032e-38 -7.590382e+02 0.000000e+00
-6.724976e+02 8.669950e-293 -8.592003e+01 4.846258e-38 -7.584176e+02 0.000000e+00
-6.728271e+02 6.235965e-293 -8.465521e+01 1.716757e-37 -7.574823e+02 0.000000e+00
-6.726880e+02 7.166292e-293 -8.399913e+01 3.308594e-37 -7.566872e+02 0.000000e+00
-6.724993e+02 8.655255e-293 -8.971397e+01 1.090733e-39 -7.622132e+02 0.000000e+00
-6.722489e+02 1.111783e-292 -8.971458e+01 1.090068e-39 -7.619635e+02 0.000000e+00
-6.725870e+02 7.928406e-293 -8.139224e+01 4.485397e-36 -7.539792e+02 0.000000e+00
-6.729715e+02 5.397351e-293 -8.319523e+01 7.392147e-37 -7.561668e+02 0.000000e+00
-6.729426e+02 5.555942e-293 -8.757960e+01 9.218589e-39 -7.605222e+02 0.000000e+00
-6.732355e+02 4.145144e-293 -8.845193e+01 3.853135e-39 -7.616874e+02 0.000000e+00
-6.729725e+02 5.391896e-293 -8.898814e+01 2.253937e-39 -7.619607e+02 0.000000e+00
-6.729084e+02 5.749235e-293 -9.369786e+01 2.030188e-41 -7.666062e+02 0.000000e+00
-6.727674e+02 6.619255e-293 -9.868647e+01 1.383601e-43 -7.714539e+02 0.000000e+00
-6.722047e+02 1.162057e-292 -9.992688e+01 4.002297e-44 -7.721315e+02 0.000000e+00
-6.719930e+02 1.436028e-292 -1.013678e+02 9.473475e-45 -7.733608e+02 0.000000e+00
-6.715058e+02 2.337370e-292 -1.021021e+02 4.545776e-45 -7.736080e+02 0.000000e+00
-6.715183e+02 2.308344e-292 -1.031051e+02 1.667373e-45 -7.746234e+02 0.000000e+00
-6.716888e+02 1.946476e-292 -9.760192e+01 4.092854e-43 -7.692907e+02 0.000000e+00
-6.718278e+02 1.694000e-292 -9.945688e+01 6.403611e-44 -7.712846e+02 0.000000e+00
-6.720529e+02 1.352439e-292 -1.005168e+02 2.218835e-44 -7.725697e+02 0.000000e+00
-6.719292e+02 1.530613e-292 -1.039844e+02 6.921002e-46 -7.759135e+02 0.000000e+00
-6.715605e+02 2.212960e-292 -1.041053e+02 6.132624e-46 -7.756658e+02 0.000000e+00
-6.715964e+02 2.134883e-292 -1.006224e+02 1.996496e-44 -7.722188e+02 0.000000e+00
-6.716914e+02 1.941410e-292 -1.014070e+02 9.109291e-45 -7.730985e+02 0.000000e+00
-6.716939e+02 1.936605e-292 -1.023073e+02 3.702670e-45 -7.740012e+02 0.000000e+00
-6.718490e+02 1.658423e-292 -1.058953e+02 1.023858e-46 -7.777443e+02 0.000000e+00
-6.717879e+02 1.762889e-292 -1.054773e+02 1.555162e-46 -7.772652e+02 0.000000e+00
-6.717092e+02 1.907187e-292 -1.052583e+02 1.935929e-46 -7.769675e+02 0.000000e+00
-6.717745e+02 1.786671e-292 -1.127737e+02 1.054410e-49 -7.845482e+02 0.000000e+00
-6.713829e+02 2.643002e-292 -1.212286e+02 2.244415e-53 -7.926115e+02 0.000000e+00
-6.709722e+02 3.985479e-292 -1.268077e+02 8.474497e-56 -7.977799e+02 0.000000e+00
-6.704597e+02 6.653617e-292 -1.268280e+02 8.304406e-56 -7.972877e+02 0.000000e+00
-6.703113e+02 7.718140e-292 -1.235265e+02 2.254842e-54 -7.938378e+02 0.000000e+00
-6.701481e+02 9.085753e-292 -1.224549e+02 6.584225e-54 -7.926031e+02 0.000000e+00
-6.701713e+02 8.877934e-292 -1.270042e+02 6.962859e-56 -7.971755e+02 0.000000e+00
-6.702170e+02 8.481026e-292 -1.270651e+02 6.551157e-56 -7.972821e+02 0.000000e+00
-6.701370e+02 9.187592e-292 -1.290199e+02 9.276043e-57 -7.991569e+02 0.000000e+00
-6.703491e+02 7.431722e-292 -1.260179e+02 1.866844e-55 -7.963670e+02 0.000000e+00
-6.708192e+02 4.644448e-292 -1.201910e+02 6.334623e-53 -7.910102e+02 0.000000e+00
-6.706540e+02 5.478857e-292 -1.263443e+02 1.347043e-55 -7.969982e+02 0.000000e+00
-6.710300e+02 3.761741e-292 -1.291325e+02 8.288511e-57 -8.001624e+02 0.000000e+00
-6.710845e+02 3.561941e-292 -1.327013e+02 2.336422e-58 -8.037859e+02 0.000000e+00
-6.705899e+02 5.841130e-292 -1.399868e+02 1.601449e-61 -8.105767e+02 0.000000e+00
-6.703284e+02 7.587103e-292 -1.374391e+02 2.046223e-60 -8.077675e+02 0.000000e+00
-6.704698e+02 6.586523e-292 -1.322186e+02 3.786129e-58 -8.026884e+02 0.000000e+00
-6.704395e+02 6.789520e-292 -1.231675e+02 3.228900e-54 -7.936069e+02 0.000000e+00
-6.705011e+02 6.383870e-292 -1.217825e+02 1.289864e-53 -7.922835e+02 0.000000e+00
-6.702074e+02 8.562664e-292 -1.208289e+02 3.347232e-53 -7.910363e+02 0.000000e+00
-6.698519e+02 1.221859e-291 -1.217732e+02 1.301935e-53 -7.916250e+02 0.000000e+00
-6.700289e+02 1.023651e-291 -1.204475e+02 4.901103e-53 -7.904764e+02 0.000000e+00
-6.698936e+02 1.171963e-291 -1.241247e+02 1.239710e-54 -7.940183e+02 0.000000e+00
-6.697738e+02 1.321049e-291 -1.242534e+02 1.089968e-54 -7.940273e+02 0.000000e+00
-6.698458e+02 1.229276e-291 -1.277094e+02 3.439647e-56 -7.975552e+02 0.000000e+00
-6.700189e+02 1.033959e-291 -1.294487e+02 6.041389e-57 -7.994676e+02 0.000000e+00
-6.703547e+02 7.390470e-292 -1.239065e+02 1.541958e-54 -7.942612e+02 0.000000e+00
-6.704833e+02 6.498328e-292 -1.219760e+02 1.062927e-53 -7.924593e+02 0.000000e+00
-6.701281e+02 9.269218e-292 -1.279912e+02 2.595028e-56 -7.981193e+02 0.000000e+00
-6.700187e+02 1.034081e-291 -1.216440e+02 1.481422e-53 -7.916628e+02 0.000000e+00
-6.699043e+02 1.159449e-291 -1.236425e+02 2.007873e-54 -7.935468e+02 0.000000e+00
-6.700896e+02 9.633639e-292 -1.255031e+02 3.123926e-55 -7.955927e+02 0.000000e+00
-6.701482e+02 9.084891e-292 -1.284101e+02 1.706796e-56 -7.985584e+02 0.000000e+00
-6.699080e+02 1.155207e-291 -1.310991e+02 1.159828e-57 -8.010071e+02 0.000000e+00
-6.699269e+02 1.133565e-291 -1.289640e+02 9.809705e-57 -7.988909e+02 0.000000e+00
-6.692424e+02 2.247542e-291 -1.292477e+02 7.386191e-57 -7.984902e+02 0.000000e+00
-6.691124e+02 2.559635e-291 -1.287079e+02 1.267215e-56 -7.978203e+02 0.000000e+00
-6.693643e+02 1.989726e-291 -1.290346e+02 9.140658e-57 -7.983989e+02 0.000000e+00
-6.694369e+02 1.850296e-291 -1.219800e+02 1.058639e-53 -7.914169e+02 0.000000e+00
-6.695801e+02 1.603477e-291 -1.201609e+02 6.527796e-53 -7.897410e+02 0.000000e+00
-6.691644e+02 2.429849e-291 -1.295386e+02 5.522201e-57 -7.987030e+02 0.000000e+00
-6.694092e+02 1.902204e-291 -1.302726e+02 2.650503e-57 -7.996818e+02 0.000000e+00
-6.692230e+02 2.291714e-291 -1.256993e+02 2.567334e-55 -7.949223e+02 0.000000e+00
-6.693211e+02 2.077409e-291 -1.263848e+02 1.293529e-55 -7.957059e+02 0.000000e+00
-6.688637e+02 3.282205e-291 -1.265428e+02 1.104498e-55 -7.954065e+02 0.000000e+00
-6.693281e+02 2.062944e-291 -1.227874e+02 4.721975e-54 -7.921155e+02 0.000000e+00
-6.689474e+02 3.018675e-291 -1.291447e+02 8.187540e-57 -7.980922e+02 0.000000e+00
-6.692423e+02 2.247727e-291 -1.269091e+02 7.657524e-56 -7.961514e+02 0.000000e+00
-6.693799e+02 1.958942e-291 -1.289607e+02 9.842252e-57 -7.983405e+02 0.000000e+00
-6.696867e+02 1.441383e-291 -1.269239e+02 7.545082e-56 -7.966105e+02 0.000000e+00
-6.691124e+02 2.559671e-291 -1.302082e+02 2.826882e-57 -7.993206e+02 0.000000e+00
-6.689019e+02 3.159366e-291 -1.316467e+02 6.707338e-58 -8.005486e+02 0.000000e+00
-6.693146e+02 2.090950e-291 -1.313329e+02 9.179889e-58 -8.006476e+02 0.000000e+00
-6.688950e+02 3.181194e-291 -1.330466e+02 1.654307e-58 -8.019416e+02 0.000000e+00
-6.688777e+02 3.236773e-291 -1.319150e+02 5.129299e-58 -8.007927e+02 0.000000e+00
-6.691412e+02 2.486955e-291 -1.324998e+02 2.858157e-58 -8.016410e+02 0.000000e+00
-6.694727e+02 1.785262e-291 -1.253435e+02 3.664288e-55 -7.948162e+02 0.000000e+00
-6.696154e+02 1.547901e-291 -1.239028e+02 1.547705e-54 -7.935182e+02 0.000000e+00
-6.694722e+02 1.786130e-291 -1.231645e+02 3.238523e-54 -7.926367e+02 0.000000e+00
-6.694423e+02 1.840407e-291 -1.244063e+02 9.354586e-55 -7.938486e+02 0.000000e+00
-6.692237e+02 2.290046e-291 -1.282231e+02 2.057928e-56 -7.974468e+02 0.000000e+00
-6.690575e+02 2.704008e-291 -1.336135e+02 9.384454e-59 -8.026710e+02 0.000000e+00
-6.691307e+02 2.513180e-291 -1.364829e+02 5.323902e-60 -8.056136e+02 0.000000e+00
-6.695507e+02 1.651363e-291 -1.354336e+02 1.520395e-59 -8.049842e+02 0.000000e+00
-6.697313e+02 1.378388e-291 -1.370493e+02 3.021561e-60 -8.067807e+02 0.000000e+00
-6.700701e+02 9.823232e-292 -1.334805e+02 1.071953e-58 -8.035505e+02 0.000000e+00
-6.693021e+02 2.117306e-291 -1.270470e+02 6.670834e-56 -7.963491e+02 0.000000e+00
-6.690810e+02 2.641350e-291 -1.292015e+02 7.735569e-57 -7.982825e+02 0.000000e+00
-6.690648e+02 2.684453e-291 -1.294847e+02 5.827644e-57 -7.985495e+02 0.000000e+00
-6.685419e+02 4.528416e-291 -1.323078e+02 3.462919e-58 -8.008497e+02 0.000000e+00
-6.682668e+02 5.962518e-291 -1.357871e+02 1.067641e-59 -8.040538e+02 0.000000e+00
-6.684310e+02 5.059595e-291 -1.341071e+02 5.728563e-59 -8.025380e+02 0.000000e+00
-6.683632e+02 5.414237e-291 -1.323385e+02 3.358274e-58 -8.007017e+02 0.000000e+00
-6.681995e+02 6.377148e-291 -1.321188e+02 4.183649e-58 -8.003183e+02 0.000000e+00
-6.680526e+02 7.386838e-291 -1.399930e+02 1.591535e-61 -8.080456e+02 0.000000e+00
-6.679105e+02 8.514314e-291 -1.395662e+02 2.438825e-61 -8.074767e+02 0.000000e+00
-6.678527e+02 9.020733e-291 -1.382749e+02 8.870944e-61 -8.061276e+02 0.000000e+00
-6.681269e+02 6.857573e-291 -1.335621e+02 9.879030e-59 -8.016890e+02 0.000000e+00
-6.680229e+02 7.609030e-291 -1.351987e+02 1.922824e-59 -8.032217e+02 0.000000e+00
-6.678092e+02 9.421850e-291 -1.435056e+02 4.745975e-63 -8.113148e+02 0.000000e+00
-6.677441e+02 1.005564e-290 -1.394824e+02 2.651947e-61 -8.072265e+02 0.000000e+00
-6.676327e+02 1.124123e-290 -1.441990e+02 2.372199e-63 -8.118317e+02 0.000000e+00
-6.676676e+02 1.085502e-290 -1.468610e+02 1.656120e-64 -8.145286e+02 0.000000e+00
-6.676494e+02 1.105476e-290 -1.487913e+02 2.403028e-65 -8.164407e+02 0.000000e+00
-6.676927e+02 1.058631e-290 -1.455885e+02 5.911720e-64 -8.132812e+02 0.000000e+00
-6.678493e+02 9.052212e-291 -1.446514e+02 1.509046e-63 -8.125006e+02 0.000000e+00
-6.677078e+02 1.042770e-290 -1.446039e+02 1.582483e-63 -8.123117e+02 0.000000e+00
-6.679925e+02 7.844023e-291 -1.425741e+02 1.204627e-62 -8.105666e+02 0.000000e+00
-6.676556e+02 1.098628e-290 -1.460830e+02 3.605372e-64 -8.137386e+02 0.000000e+00
-6.677252e+02 1.024775e-290 -1.469519e+02 1.512133e-64 -8.146771e+02 0.000000e+00
-6.674447e+02 1.356548e-290 -1.447426e+02 1.377528e-63 -8.121873e+02 0.000000e+00
-6.676782e+02 1.074142e-290 -1.416653e+02 2.989113e-62 -8.093435e+02 0.000000e+00
-6.676035e+02 1.157434e-290 -1.359666e+02 8.922245e-60 -8.035700e+02 0.000000e+00
-6.677194e+02 1.030778e-290 -1.338971e+02 7.066855e-59 -8.016165e+02 0.000000e+00
-6.678841e+02 8.741769e-291 -1.337765e+02 7.972761e-59 -8.016606e+02 0.000000e+00
-6.680632e+02 7.308739e-291 -1.385508e+02 6.731966e-61 -8.066140e+02 0.000000e+00
-6.676243e+02 1.133564e-290 -1.362318e+02 6.843846e-60 -8.038561e+02 0.000000e+00
-6.671000e+02 1.914973e-290 -1.359358e+02 9.200898e-60 -8.030358e+02 0.000000e+00
-6.677806e+02 9.695159e-291 -1.359768e+02 8.831424e-60 -8.037574e+02 0.000000e+00
-6.675444e+02 1.227915e-290 -1.377554e+02 1.491430e-60 -8.052997e+02 0.000000e+00
-6.677680e+02 9.817947e-291 -1.344223e+02 4.179570e-59 -8.021904e+02 0.000000e+00
-6.682574e+02 6.018787e-291 -1.278398e+02 3.018995e-56 -7.960972e+02 0.000000e+00
-6.680019e+02 7.770528e-291 -1.229921e+02 3.847687e-54 -7.909940e+02 0.000000e+00
-6.679132e+02 8.491453e-291 -1.245507e+02 8.097173e-55 -7.924639e+02 0.000000e+00
-6.675425e+02 1.230252e-290 -1.266500e+02 9.922163e-56 -7.941925e+02 0.000000e+00
-6.677710e+02 9.788864e-291 -1.278445e+02 3.004962e-56 -7.956155e+02 0.000000e+00
-6.676077e+02 1.152561e-290 -1.320467e+02 4.496029e-58 -7.996544e+02 0.000000e+00
-6.677110e+02 1.039449e-290 -1.329626e+02 1.799118e-58 -8.006736e+02 0.000000e+00
-6.677987e+02 9.521219e-291 -1.330249e+02 1.690536e-58 -8.008236e+02 0.000000e+00
-6.678690e+02 8.874832e-291 -1.353053e+02 1.728453e-59 -8.031743e+02 0.000000e+00
-6.678038e+02 9.472819e-291 -1.366162e+02 4.659480e-60 -8.044200e+02 0.000000e+00
-6.678364e+02 9.168901e-291 -1.377258e+02 1.536156e-60 -8.055623e+02 0.000000e+00
-6.679546e+02 8.146920e-291 -1.352746e+02 1.782271e-59 -8.032293e+02 0.000000e+00
-6.675054e+02 1.276731e-290 -1.312079e+02 1.040206e-57 -7.987133e+02 0.000000e+00
-6.678149e+02 9.368341e-291 -1.318946e+02 5.234576e-58 -7.997096e+02 0.000000e+00
-6.676276e+02 1.129888e-290 -1.302435e+02 2.728790e-57 -7.978711e+02 0.000000e+00
-6.676304e+02 1.126725e-290 -1.337566e+02 8.132959e-59 -8.013870e+02 0.000000e+00
-6.680405e+02 7.476689e-291 -1.350639e+02 2.200321e-59 -8.031044e+02 0.000000e+00
-6.679210e+02 8.425128e-291 -1.334725e+02 1.080470e-58 -8.013936e+02 0.000000e+00
-6.679924e+02 7.844615e-291 -1.306240e+02 1.865217e-57 -7.986164e+02 0.000000e+00
-6.679416e+02 8.253585e-291 -1.286632e+02 1.325201e-56 -7.966048e+02 0.000000e+00
-6.679890e+02 7.871480e-291 -1.312494e+02 9.979369e-58 -7.992384e+02 0.000000e+00
-6.678050e+02 9.462030e-291 -1.255264e+02 3.052030e-55 -7.933313e+02 0.000000e+00
-6.672636e+02 1.625909e-290 -1.286690e+02 1.317504e-56 -7.959326e+02 0.000000e+00
-6.673156e+02 1.543590e-290 -1.325613e+02 2.687682e-58 -7.998768e+02 0.000000e+00
-6.676404e+02 1.115527e-290 -1.301708e+02 2.934421e-57 -7.978112e+02 0.000000e+00
-6.676083e+02 1.151843e-290 -1.307028e+02 1.723857e-57 -7.983111e+02 0.000000e+00
-6.679207e+02 8.427958e-291 -1.272171e+02 5.627775e-56 -7.951378e+02 0.000000e+00
-6.679506e+02 8.180081e-291 -1.264907e+02 1.163598e-55 -7.944412e+02 0.000000e+00
-6.681178e+02 6.920325e-291 -1.237441e+02 1.813910e-54 -7.918619e+02 0.000000e+00
-6.681912e+02 6.430329e-291 -1.259188e+02 2.061360e-55 -7.941101e+02 0.000000e+00
-6.685288e+02 4.588205e-291 -1.187297e+02 2.731151e-52 -7.872585e+02 0.000000e+00
-6.685702e+02 4.401881e-291 -1.192524e+02 1.619350e-52 -7.878226e+02 0.000000e+00
-6.686085e+02 4.236779e-291 -1.196583e+02 1.079124e-52 -7.882667e+02 0.000000e+00
-6.686624e+02 4.014236e-291 -1.220146e+02 1.022687e-53 -7.906770e+02 0.000000e+00
-6.686238e+02 4.172441e-291 -1.166801e+02 2.120785e-51 -7.853038e+02 0.000000e+00
-6.688833e+02 3.218500e-291 -1.130890e+02 7.692749e-50 -7.819723e+02 0.000000e+00
-6.688704e+02 3.260523e-291 -1.095212e+02 2.726023e-48 -7.783916e+02 0.000000e+00
-6.691195e+02 2.541424e-291 -1.066531e+02 4.798936e-47 -7.757726e+02 0.000000e+00
-6.692349e+02 2.264602e-291 -1.066387e+02 4.868566e-47 -7.758736e+02 0.000000e+00
-6.697311e+02 1.378669e-291 -1.125448e+02 1.325605e-49 -7.822759e+02 0.000000e+00
-6.692702e+02 2.186076e-291 -1.140003e+02 3.092403e-50 -7.832705e+02 0.000000e+00
-6.694854e+02 1.762686e-291 -1.146720e+02 1.579718e-50 -7.841574e+02 0.000000e+00
-6.694456e+02 1.834388e-291 -1.162348e+02 3.310243e-51 -7.856804e+02 0.000000e+00
-6.688709e+02 3.258687e-291 -1.198621e+02 8.801684e-53 -7.887330e+02 0.000000e+00
-6.686330e+02 4.134129e-291 -1.226168e+02 5.600001e-54 -7.912498e+02 0.000000e+00
-6.690331e+02 2.770742e-291 -1.209669e+02 2.915712e-53 -7.900000e+02 0.000000e+00
-6.687597e+02 3.642051e-291 -1.266927e+02 9.507627e-56 -7.954524e+02 0.000000e+00
-6.693073e+02 2.106411e-291 -1.278983e+02 2.847494e-56 -7.972056e+02 0.000000e+00
-6.693947e+02 1.930019e-291 -1.283138e+02 1.879379e-56 -7.977086e+02 0.000000e+00
-6.691424e+02 2.483950e-291 -1.281140e+02 2.294983e-56 -7.972565e+02 0.000000e+00
-6.691543e+02 2.454651e-291 -1.276108e+02 3.796142e-56 -7.967651e+02 0.000000e+00
-6.689713e+02 2.947572e-291 -1.295583e+02 5.414250e-57 -7.985296e+02 0.000000e+00
-6.692226e+02 2.292591e-291 -1.290551e+02 8.955491e-57 -7.982777e+02 0.000000e+00
-6.693394e+02 2.039903e-291 -1.250025e+02 5.153538e-55 -7.943419e+02 0.000000e+00
-6.694499e+02 1.826509e-291 -1.276605e+02 3.612062e-56 -7.971103e+02 0.000000e+00
-6.692714e+02 2.183371e-291 -1.301047e+02 3.135114e-57 -7.993761e+02 0.000000e+00
-6.692680e+02 2.190737e-291 -1.306905e+02 1.745151e-57 -7.999585e+02 0.000000e+00
-6.693142e+02 2.091885e-291 -1.262655e+02 1.457451e-55 -7.955797e+02 0.000000e+00
-6.696473e+02 1.499279e-291 -1.178274e+02 6.733227e-52 -7.874746e+02 0.000000e+00
-6.698529e+02 1.220647e-291 -1.188456e+02 2.432334e-52 -7.886985e+02 0.000000e+00
-6.697890e+02 1.301191e-291 -1.235418e+02 2.220725e-54 -7.933307e+02 0.000000e+00
-6.700788e+02 9.737972e-292 -1.168382e+02 1.810482e-51 -7.869171e+02 0.000000e+00
-6.701028e+02 9.507075e-292 -1.161512e+02 3.599041e-51 -7.862540e+02 0.000000e+00
-6.706364e+02 5.575929e-292 -1.183590e+02 3.956700e-52 -7.889954e+02 0.000000e+00
-6.707019e+02 5.222121e-292 -1.180941e+02 5.156955e-52 -7.887960e+02 0.000000e+00
-6.709933e+02 3.902130e-292 -1.166224e+02 2.246719e-51 -7.876157e+02 0.000000e+00
-6.706424e+02 5.542697e-292 -1.152905e+02 8.510563e-51 -7.859329e+02 0.000000e+00
-6.706964e+02 5.251141e-292 -1.174663e+02 9.661565e-52 -7.881627e+02 0.000000e+00
-6.704171e+02 6.943262e-292 -1.196070e+02 1.135870e-52 -7.900241e+02 0.000000e+00
-6.706642e+02 5.423000e-292 -1.196565e+02 1.081065e-52 -7.903207e+02 0.000000e+00
-6.705419e+02 6.128340e-292 -1.253920e+02 3.490887e-55 -7.959339e+02 0.000000e+00
-6.701009e+02 9.525150e-292 -1.273732e+02 4.813944e-56 -7.974742e+02 0.000000e+00
-6.697850e+02 1.306372e-291 -1.324515e+02 2.999607e-58 -8.022365e+02 0.000000e+00
-6.695855e+02 1.594749e-291 -1.342955e+02 4.744692e-59 -8.038810e+02 0.000000e+00
-6.695432e+02 1.663703e-291 -1.248696e+02 5.886249e-55 -7.944128e+02 0.000000e+00
-6.691120e+02 2.560536e-291 -1.281052e+02 2.315439e-56 -7.972172e+02 0.000000e+00
-6.694317e+02 1.859906e-291 -1.241792e+02 1.174029e-54 -7.936109e+02 0.000000e+00
-6.695639e+02 1.629645e-291 -1.238885e+02 1.570018e-54 -7.934524e+02 0.000000e+00
-6.694251e+02 1.872325e-291 -1.169925e+02 1.551673e-51 -7.864176e+02 0.000000e+00
-6.693905e+02 1.938202e-291 -1.159667e+02 4.328198e-51 -7.853572e+02 0.000000e+00
-6.695828e+02 1.599209e-291 -1.182496e+02 4.414249e-52 -7.878323e+02 0.000000e+00
-6.694636e+02 1.801489e-291 -1.241734e+02 1.180754e-54 -7.936371e+02 0.000000e+00
-6.696609e+02 1.479065e-291 -1.227093e+02 5.105145e-54 -7.923702e+02 0.000000e+00
-6.696715e+02 1.463361e-291 -1.262393e+02 1.496070e-55 -7.959109e+02 0.000000e+00
-6.701495e+02 9.073231e-292 -1.237344e+02 1.831590e-54 -7.938839e+02 0.000000e+00
-6.702815e+02 7.951746e-292 -1.223993e+02 6.960753e-54 -7.926808e+02 0.000000e+00
-6.702962e+02 7.835150e-292 -1.255589e+02 2.954369e-55 -7.958551e+02 0.000000e+00
-6.703709e+02 7.271402e-292 -1.201609e+02 6.528360e-53 -7.905318e+02 0.000000e+00
-6.701714e+02 8.877044e-292 -1.209967e+02 2.830183e-53 -7.911680e+02 0.000000e+00
-6.702164e+02 8.485846e-292 -1.210365e+02 2.719592e-53 -7.912530e+02 0.000000e+00
-6.700886e+02 9.643509e-292 -1.204112e+02 5.082722e-53 -7.904997e+02 0.000000e+00
-6.697661e+02 1.331251e-291 -1.216859e+02 1.420648e-53 -7.914520e+02 0.000000e+00
-6.698292e+02 1.249945e-291 -1.187748e+02 2.610793e-52 -7.886039e+02 0.000000e+00
-6.700207e+02 1.032023e-291 -1.141944e+02 2.546883e-50 -7.842151e+02 0.000000e+00
-6.696606e+02 1.479390e-291 -1.179133e+02 6.178884e-52 -7.875739e+02 0.000000e+00
-6.695258e+02 1.692849e-291 -1.161494e+02 3.605289e-51 -7.856753e+02 0.000000e+00
-6.693272e+02 2.064906e-291 -1.183385e+02 4.038604e-52 -7.876657e+02 0.000000e+00
-6.694827e+02 1.767493e-291 -1.225470e+02 6.005197e-54 -7.920297e+02 0.000000e+00
-6.692762e+02 2.172996e-291 -1.230565e+02 3.607774e-54 -7.923327e+02 0.000000e+00
-6.692324e+02 2.270238e-291 -1.254750e+02 3.212950e-55 -7.947074e+02 0.000000e+00
-6.693500e+02 2.018305e-291 -1.252989e+02 3.831526e-55 -7.946489e+02 0.000000e+00
-6.691587e+02 2.443839e-291 -1.250628e+02 4.851774e-55 -7.942215e+02 0.000000e+00
-6.690229e+02 2.799170e-291 -1.251258e+02 4.555662e-55 -7.941487e+02 0.000000e+00
-6.690959e+02 2.602102e-291 -1.197658e+02 9.690735e-53 -7.888618e+02 0.000000e+00
-6.687087e+02 3.832577e-291 -1.171362e+02 1.343991e-51 -7.858449e+02 0.000000e+00
-6.687327e+02 3.741709e-291 -1.170354e+02 1.486531e-51 -7.857681e+02 0.000000e+00
-6.685014e+02 4.715603e-291 -1.150205e+02 1.114865e-50 -7.835219e+02 0.000000e+00
-6.683195e+02 5.656451e-291 -1.105160e+02 1.008088e-48 -7.788355e+02 0.000000e+00
-6.680517e+02 7.393261e-291 -1.045070e+02 4.103772e-46 -7.725587e+02 0.000000e+00
-6.681989e+02 6.381164e-291 -1.067687e+02 4.274923e-47 -7.749676e+02 0.000000e+00
-6.683670e+02 5.393785e-291 -1.036902e+02 9.287809e-46 -7.720572e+02 0.000000e+00
-6.686598e+02 4.024784e-291 -1.105357e+02 9.884891e-49 -7.791955e+02 0.000000e+00
-6.682265e+02 6.207222e-291 -1.163200e+02 3.039804e-51 -7.845466e+02 0.000000e+00
-6.686145e+02 4.211329e-291 -1.115619e+02 3.542171e-49 -7.801764e+02 0.000000e+00
-6.689695e+02 2.952835e-291 -1.110063e+02 6.174317e-49 -7.799758e+02 0.000000e+00
-6.693177e+02 2.084473e-291 -1.107685e+02 7.831544e-49 -7.800863e+02 0.000000e+00
-6.689178e+02 3.109527e-291 -1.128030e+02 1.023921e-49 -7.817208e+02 0.000000e+00
-6.687366e+02 3.727264e-291 -1.122805e+02 1.726565e-49 -7.810171e+02 0.000000e+00
-6.685538e+02 4.474677e-291 -1.168331e+02 1.819813e-51 -7.853869e+02 0.000000e+00
-6.690169e+02 2.816108e-291 -1.100962e+02 1.533941e-48 -7.791132e+02 0.000000e+00
-6.693706e+02 1.977095e-291 -1.090567e+02 4.337952e-48 -7.784273e+02 0.000000e+00
-6.694261e+02 1.870421e-291 -1.116791e+02 3.150542e-49 -7.811052e+02 0.000000e+00
-6.692283e+02 2.279610e-291 -1.097575e+02 2.152408e-48 -7.789858e+02 0.000000e+00
-6.688786e+02 3.233949e-291 -1.109633e+02 6.445163e-49 -7.798419e+02 0.000000e+00
-6.689621e+02 2.974692e-291 -1.085764e+02 7.012204e-48 -7.775386e+02 0.000000e+00
-6.692623e+02 2.203383e-291 -1.083933e+02 8.421884e-48 -7.776555e+02 0.000000e+00
-6.695779e+02 1.606910e-291 -1.046055e+02 3.719006e-46 -7.741834e+02 0.000000e+00
-6.689639e+02 2.969483e-291 -1.101252e+02 1.490150e-48 -7.790891e+02 0.000000e+00
-6.689612e+02 2.977363e-291 -1.103491e+02 1.191243e-48 -7.793103e+02 0.000000e+00
-6.685757e+02 4.377792e-291 -1.096060e+02 2.504506e-48 -7.781817e+02 0.000000e+00
-6.682930e+02 5.808164e-291 -1.176142e+02 8.332684e-52 -7.859072e+02 0.000000e+00
-6.682562e+02 6.025990e-291 -1.224467e+02 6.638404e-54 -7.907029e+02 0.000000e+00
-6.684486e+02 4.971069e-291 -1.253693e+02 3.570995e-55 -7.938180e+02 0.000000e+00
-6.685251e+02 4.605196e-291 -1.202696e+02 5.855773e-53 -7.887947e+02 0.000000e+00
-6.684217e+02 5.106645e-291 -1.228962e+02 4.234895e-54 -7.913180e+02 0.000000e+00
-6.684384e+02 5.022208e-291 -1.204046e+02 5.116249e-53 -7.888430e+02 0.000000e+00
-6.685341e+02 4.563750e-291 -1.244878e+02 8.622832e-55 -7.930219e+02 0.000000e+00
-6.684168e+02 5.131904e-291 -1.201659e+02 6.495555e-53 -7.885827e+02 0.000000e+00
-6.684456e+02 4.986373e-291 -1.224393e+02 6.687790e-54 -7.908849e+02 0.000000e+00
-6.680891e+02 7.122057e-291 -1.246414e+02 7.395151e-55 -7.927304e+02 0.000000e+00
-6.678694e+02 8.871952e-291 -1.204649e+02 4.816945e-53 -7.883342e+02 0.000000e+00
-6.675397e+02 1.233647e-290 -1.232874e+02 2.863950e-54 -7.908271e+02 0.000000e+00
-6.675409e+02 1.232185e-290 -1.232206e+02 3.061695e-54 -7.907615e+02 0.000000e+00
-6.675760e+02 1.189619e-290 -1.200760e+02 7.106790e-53 -7.876520e+02 0.000000e+00
-6.677587e+02 9.909984e-291 -1.204567e+02 4.856623e-53 -7.882154e+02 0.000000e+00
-6.678035e+02 9.475791e-291 -1.191440e+02 1.804733e-52 -7.869475e+02 0.000000e+00
-6.681439e+02 6.742050e-291 -1.200179e+02 7.531638e-53 -7.881618e+02 0.000000e+00
-6.680351e+02 7.516622e-291 -1.196337e+02 1.106006e-52 -7.876688e+02 0.000000e+00
-6.680988e+02 7.053363e-291 -1.204567e+02 4.856532e-53 -7.885554e+02 0.000000e+00
-6.684804e+02 4.815811e-291 -1.169102e+02 1.684725e-51 -7.853906e+02 0.000000e+00
-6.685154e+02 4.649997e-291 -1.208990e+02 3.120572e-53 -7.894144e+02 0.000000e+00
