-6.361039e+02 5.540988e-277 -8.662124e+01 2.403658e-38 -7.227251e+02 1.331864e-314
-6.191892e+02 1.228934e-269 -8.384647e+01 3.854266e-37 -7.030357e+02 4.736638e-306
-6.053520e+02 1.255879e-263 -8.759071e+01 9.116747e-39 -6.929427e+02 1.144953e-301
-6.019921e+02 3.615229e-262 -1.034584e+02 1.171056e-45 -7.054506e+02 4.233638e-307
-6.021927e+02 2.958356e-262 -9.070120e+01 4.064152e-40 -6.928939e+02 1.202321e-301
-6.026407e+02 1.889991e-262 -1.079636e+02 1.294272e-47 -7.106043e+02 2.446162e-309
-6.027581e+02 1.680729e-262 -1.195542e+02 1.197545e-52 -7.223122e+02 2.012748e-314
-6.016642e+02 5.018214e-262 -1.153177e+02 8.282689e-51 -7.169819e+02 4.156430e-312
-6.032944e+02 9.830848e-263 -1.108621e+02 7.131688e-49 -7.141565e+02 7.011054e-311
-5.976476e+02 2.785640e-260 -1.139969e+02 3.102983e-50 -7.116445e+02 8.643794e-310
-5.973651e+02 3.695151e-260 -1.171232e+02 1.361630e-51 -7.144883e+02 5.031428e-311
-5.975940e+02 2.939253e-260 -1.092698e+02 3.505486e-48 -7.068637e+02 1.030351e-307
-5.971281e+02 4.683566e-260 -1.096189e+02 2.472509e-48 -7.067469e+02 1.158016e-307
-5.986908e+02 9.814625e-261 -1.136011e+02 4.609808e-50 -7.122919e+02 4.524353e-310
-5.980517e+02 1.859788e-260 -1.183334e+02 4.059192e-52 -7.163851e+02 7.549238e-312
-5.977468e+02 2.522760e-260 -1.352294e+02 1.864744e-59 -7.329762e+02 4.704295e-319
-5.977400e+02 2.539954e-260 -1.312036e+02 1.044726e-57 -7.289436e+02 2.653556e-317
-6.003047e+02 1.954165e-261 -1.212160e+02 2.272745e-53 -7.215208e+02 4.441318e-314
-6.003960e+02 1.783648e-261 -1.207185e+02 3.737937e-53 -7.211145e+02 6.667166e-314
-6.040297e+02 4.712256e-263 -1.176608e+02 7.953772e-52 -7.216905e+02 3.748021e-314
-5.984971e+02 1.191279e-260 -1.299045e+02 3.830066e-57 -7.284016e+02 4.562675e-317
-5.996170e+02 3.887465e-261 -1.231362e+02 3.331276e-54 -7.227532e+02 1.295022e-314
-5.983286e+02 1.409857e-260 -1.228902e+02 4.260422e-54 -7.212189e+02 6.006587e-314
-5.985027e+02 1.184593e-260 -1.182768e+02 4.295734e-52 -7.167795e+02 5.088694e-312
-5.989572e+02 7.519398e-261 -1.292422e+02 7.427361e-57 -7.281994e+02 5.584928e-317
-5.997093e+02 3.544399e-261 -1.219185e+02 1.125865e-53 -7.216278e+02 3.990515e-314
-5.975362e+02 3.113958e-260 -1.206391e+02 4.046551e-53 -7.181754e+02 1.260079e-312
-5.975660e+02 3.022634e-260 -1.224324e+02 6.734257e-54 -7.199984e+02 2.035519e-313
-5.980568e+02 1.850186e-260 -1.245091e+02 8.440643e-55 -7.225660e+02 1.561676e-314
-5.974162e+02 3.511195e-260 -1.196930e+02 1.042330e-52 -7.171091e+02 3.659825e-312
-5.972119e+02 4.307078e-260 -1.312543e+02 9.930876e-58 -7.284662e+02 4.277306e-317
-5.986057e+02 1.068681e-260 -1.327815e+02 2.156329e-58 -7.313872e+02 2.304426e-318
-5.985641e+02 1.114122e-260 -1.373228e+02 2.298543e-60 -7.358869e+02 2.560742e-320
-5.989925e+02 7.258764e-261 -1.417076e+02 2.865374e-62 -7.407001e+02 2.075076e-322
-5.994575e+02 4.559329e-261 -1.395448e+02 2.491608e-61 -7.390023e+02 1.136351e-321
-5.981861e+02 1.625881e-260 -1.330119e+02 1.712652e-58 -7.311980e+02 2.784569e-318
-5.995315e+02 4.234298e-261 -1.210322e+02 2.731357e-53 -7.205637e+02 1.156538e-313
-5.976949e+02 2.657021e-260 -1.223954e+02 6.988326e-54 -7.200903e+02 1.856813e-313
-5.981660e+02 1.658809e-260 -1.350849e+02 2.154569e-59 -7.332510e+02 3.574021e-319
-5.977232e+02 2.582946e-260 -1.207488e+02 3.626138e-53 -7.184720e+02 9.366118e-313
-5.960302e+02 1.404010e-259 -1.113457e+02 4.397343e-49 -7.073759e+02 6.173916e-308
-5.968536e+02 6.162545e-260 -1.281681e+02 2.174305e-56 -7.250217e+02 1.339925e-315
-5.976587e+02 2.754906e-260 -1.298006e+02 4.249387e-57 -7.274593e+02 1.170666e-316
-5.973067e+02 3.917250e-260 -1.305827e+02 1.943863e-57 -7.278894e+02 7.614599e-317
-5.948584e+02 4.531764e-259 -1.155485e+02 6.575206e-51 -7.104070e+02 2.979728e-309
-5.950716e+02 3.661859e-259 -1.161291e+02 3.679289e-51 -7.112007e+02 1.347304e-309
-5.953209e+02 2.853777e-259 -1.182724e+02 4.314711e-52 -7.135933e+02 1.231322e-310
-5.934688e+02 1.818769e-258 -1.143686e+02 2.139598e-50 -7.078374e+02 3.891435e-308
-5.941635e+02 9.079905e-259 -1.206556e+02 3.980644e-53 -7.148190e+02 3.614387e-311
-5.960748e+02 1.342811e-259 -1.156941e+02 5.684428e-51 -7.117689e+02 7.633114e-310
-5.958076e+02 1.753990e-259 -1.060436e+02 8.827318e-47 -7.018513e+02 1.548303e-305
-5.927973e+02 3.559536e-258 -9.615259e+01 1.743663e-42 -6.889499e+02 6.206632e-300
-5.922506e+02 6.149207e-258 -9.303825e+01 3.926446e-41 -6.852889e+02 2.414453e-298
-5.925189e+02 4.702475e-258 -9.286320e+01 4.677616e-41 -6.853821e+02 2.199637e-298
-5.914247e+02 1.404433e-257 -8.564876e+01 6.356475e-38 -6.770735e+02 8.927243e-295
-5.929498e+02 3.056094e-258 -8.689323e+01 1.831262e-38 -6.798430e+02 5.596510e-296
-5.934760e+02 1.805679e-258 -8.327764e+01 6.807417e-37 -6.767537e+02 1.229201e-294
-5.931560e+02 2.486572e-258 -9.022151e+01 6.565940e-40 -6.833776e+02 1.632668e-297
-5.925589e+02 4.517923e-258 -8.000891e+01 1.788833e-35 -6.725678e+02 8.081812e-293
-5.930106e+02 2.875967e-258 -7.544164e+01 1.722314e-33 -6.684522e+02 4.953318e-291
-5.933621e+02 2.023618e-258 -6.822120e+01 2.354567e-30 -6.615833e+02 4.764746e-288
-5.923355e+02 5.648974e-258 -7.966488e+01 2.523383e-35 -6.720004e+02 1.425453e-292
-5.915989e+02 1.179941e-257 -8.252704e+01 1.441994e-36 -6.741259e+02 1.701468e-293
-5.917396e+02 1.025125e-257 -8.230620e+01 1.798344e-36 -6.740458e+02 1.843527e-293
-5.930590e+02 2.739996e-258 -7.872489e+01 6.459714e-35 -6.717839e+02 1.769959e-292
-5.916102e+02 1.166684e-257 -7.376105e+01 9.246644e-33 -6.653713e+02 1.078792e-289
-5.915907e+02 1.189714e-257 -7.366793e+01 1.014905e-32 -6.652586e+02 1.207446e-289
-5.913653e+02 1.490454e-257 -7.321687e+01 1.593378e-32 -6.645822e+02 2.374856e-289
-5.928791e+02 3.279942e-258 -7.519231e+01 2.210010e-33 -6.680714e+02 7.248704e-291
-5.939356e+02 1.140354e-258 -6.908338e+01 9.941901e-31 -6.630190e+02 1.133729e-288
-5.927378e+02 3.778031e-258 -7.211362e+01 4.802328e-32 -6.648514e+02 1.814334e-289
-5.924848e+02 4.865394e-258 -7.278044e+01 2.465235e-32 -6.652652e+02 1.199434e-289
-5.933780e+02 1.991658e-258 -6.262441e+01 6.346950e-28 -6.560024e+02 1.264095e-285
-5.944879e+02 6.564334e-259 -6.588779e+01 2.428260e-29 -6.603757e+02 1.593991e-287
-5.940269e+02 1.040846e-258 -6.131255e+01 2.356672e-27 -6.553395e+02 2.452932e-285
-5.929851e+02 2.950255e-258 -6.174196e+01 1.533940e-27 -6.547270e+02 4.525514e-285
-5.923886e+02 5.356819e-258 -5.652491e+01 2.828419e-25 -6.489135e+02 1.515133e-282
-5.926509e+02 4.120726e-258 -6.480999e+01 7.134786e-29 -6.574609e+02 2.940050e-286
-5.951255e+02 3.469446e-259 -7.576932e+01 1.241090e-33 -6.708949e+02 4.305893e-292
-5.920879e+02 7.235824e-258 -7.947647e+01 3.046545e-35 -6.715644e+02 2.204426e-292
-5.925277e+02 4.661099e-258 -8.783259e+01 7.157975e-39 -6.803603e+02 3.336403e-296
-5.928773e+02 3.286071e-258 -8.052811e+01 1.064352e-35 -6.734054e+02 3.497537e-293
-5.926541e+02 4.107530e-258 -7.293105e+01 2.120536e-32 -6.655852e+02 8.710165e-290
-5.933114e+02 2.128889e-258 -7.614710e+01 8.506182e-34 -6.694585e+02 1.810872e-291
-5.923465e+02 5.586797e-258 -6.543035e+01 3.836710e-29 -6.577769e+02 2.143492e-286
-5.923571e+02 5.527963e-258 -5.247355e+01 1.625650e-23 -6.448307e+02 8.986536e-281
-5.913840e+02 1.462785e-257 -5.701777e+01 1.727810e-25 -6.484018e+02 2.527415e-282
-5.908187e+02 2.574420e-257 -5.940058e+01 1.594613e-26 -6.502193e+02 4.105204e-283
-5.921992e+02 6.473643e-258 -5.217127e+01 2.199404e-23 -6.443705e+02 1.423816e-280
-5.930346e+02 2.807540e-258 -5.504309e+01 1.244778e-24 -6.480777e+02 3.494764e-282
-5.938164e+02 1.284790e-258 -5.479844e+01 1.589794e-24 -6.486148e+02 2.042552e-282
-5.934141e+02 1.921041e-258 -5.108703e+01 6.504031e-23 -6.445011e+02 1.249451e-280
-5.931210e+02 2.575380e-258 -5.258095e+01 1.460098e-23 -6.457019e+02 3.760309e-281
-5.939001e+02 1.181549e-258 -5.067271e+01 9.842845e-23 -6.445728e+02 1.162980e-280
-5.933489e+02 2.050420e-258 -4.795443e+01 1.491607e-21 -6.413033e+02 3.058421e-279
-5.932937e+02 2.166751e-258 -4.522665e+01 2.281999e-20 -6.385204e+02 4.944525e-278
-5.926865e+02 3.976654e-258 -5.119876e+01 5.816500e-23 -6.438853e+02 2.313021e-280
-5.926615e+02 4.077197e-258 -5.057262e+01 1.087905e-22 -6.432342e+02 4.435602e-280
-5.928186e+02 3.484762e-258 -5.076886e+01 8.940539e-23 -6.435874e+02 3.115565e-280
-5.944989e+02 6.492454e-259 -5.172246e+01 3.445248e-23 -6.462214e+02 2.236812e-281
-5.931155e+02 2.589504e-258 -5.475057e+01 1.667748e-24 -6.478661e+02 4.318641e-282
-5.950534e+02 3.728978e-259 -5.029360e+01 1.438024e-22 -6.453470e+02 5.362358e-281
-5.941433e+02 9.265036e-259 -6.162519e+01 1.723924e-27 -6.557685e+02 1.597222e-285
-5.945858e+02 5.951862e-259 -5.189530e+01 2.898404e-23 -6.464811e+02 1.725090e-281
-5.951430e+02 3.409515e-259 -6.679031e+01 9.847781e-30 -6.619333e+02 3.357615e-288
-5.962022e+02 1.182105e-259 -6.380445e+01 1.950197e-28 -6.600067e+02 2.305339e-287
-5.949090e+02 4.308279e-259 -6.285655e+01 5.032099e-28 -6.577655e+02 2.167969e-286
-5.951919e+02 3.246792e-259 -6.877499e+01 1.353316e-30 -6.639669e+02 4.393937e-289
-5.952324e+02 3.117714e-259 -6.983655e+01 4.681353e-31 -6.650690e+02 1.459512e-289
-5.950125e+02 3.884848e-259 -7.090861e+01 1.602446e-31 -6.659211e+02 6.225261e-290
-5.967350e+02 6.939027e-260 -7.722867e+01 2.884137e-34 -6.739636e+02 2.001311e-293
-5.977172e+02 2.598477e-260 -7.738104e+01 2.476506e-34 -6.750982e+02 6.435144e-294
-5.986415e+02 1.031131e-260 -7.961998e+01 2.639249e-35 -6.782615e+02 2.721410e-295
-6.002481e+02 2.068062e-261 -7.742547e+01 2.368895e-34 -6.776736e+02 4.899023e-295
-5.993723e+02 4.964867e-261 -7.640289e+01 6.586378e-34 -6.757752e+02 3.270049e-294
-5.992782e+02 5.454631e-261 -7.502201e+01 2.620337e-33 -6.743002e+02 1.429297e-293
-5.979401e+02 2.079292e-260 -7.658547e+01 5.487245e-34 -6.745256e+02 1.140959e-293
-5.960517e+02 1.374115e-259 -7.784826e+01 1.552141e-34 -6.739000e+02 2.132821e-293
-5.968581e+02 6.134916e-260 -6.754350e+01 4.636933e-30 -6.644016e+02 2.844719e-289
-5.936194e+02 1.564426e-258 -7.050465e+01 2.400055e-31 -6.641241e+02 3.754709e-289
-5.942101e+02 8.666265e-259 -7.537079e+01 1.848768e-33 -6.695809e+02 1.602192e-291
-5.947083e+02 5.265861e-259 -7.073971e+01 1.897297e-31 -6.654480e+02 9.990900e-290
-5.953754e+02 2.702294e-259 -7.580967e+01 1.192003e-33 -6.711851e+02 3.221144e-292
-5.936408e+02 1.531425e-258 -7.451445e+01 4.352948e-33 -6.681552e+02 6.666214e-291
-5.969672e+02 5.501158e-260 -6.942649e+01 7.054401e-31 -6.663937e+02 3.880737e-290
-5.961987e+02 1.186326e-259 -6.715606e+01 6.831150e-30 -6.633547e+02 8.103972e-289
-5.966434e+02 7.604534e-260 -6.565813e+01 3.055187e-29 -6.623015e+02 2.323327e-288
-5.963891e+02 9.806458e-260 -6.853393e+01 1.722241e-30 -6.649230e+02 1.688908e-289
-5.946775e+02 5.430276e-259 -6.935546e+01 7.573696e-31 -6.640330e+02 4.112726e-289
-5.955451e+02 2.280490e-259 -6.558160e+01 3.298154e-29 -6.611268e+02 7.521408e-288
-5.950213e+02 3.850547e-259 -7.455873e+01 4.164437e-33 -6.695801e+02 1.603536e-291
-5.954799e+02 2.434281e-259 -7.487188e+01 3.044786e-33 -6.703518e+02 7.411865e-292
-5.968421e+02 6.234230e-260 -8.128320e+01 5.002124e-36 -6.781253e+02 3.118439e-295
-5.958242e+02 1.725231e-259 -7.393005e+01 7.808838e-33 -6.697542e+02 1.347205e-291
-5.949220e+02 4.252744e-259 -7.017195e+01 3.347405e-31 -6.650939e+02 1.423565e-289
-5.958642e+02 1.657625e-259 -6.867644e+01 1.493486e-30 -6.645406e+02 2.475641e-289
-5.967875e+02 6.584034e-260 -6.551128e+01 3.538447e-29 -6.622988e+02 2.329726e-288
-6.005665e+02 1.504181e-261 -6.835272e+01 2.064385e-30 -6.689192e+02 3.105209e-291
-5.959246e+02 1.560414e-259 -5.792239e+01 6.992361e-26 -6.538470e+02 1.091098e-284
-5.945348e+02 6.263265e-259 -6.004736e+01 8.351437e-27 -6.545822e+02 5.230727e-285
-5.958043e+02 1.759836e-259 -6.313106e+01 3.824096e-28 -6.589354e+02 6.729783e-287
-5.935391e+02 1.695320e-258 -6.715684e+01 6.825842e-30 -6.606959e+02 1.157199e-287
-5.940106e+02 1.057996e-258 -7.344932e+01 1.262888e-32 -6.674599e+02 1.336130e-290
-5.932764e+02 2.204658e-258 -6.936058e+01 7.535011e-31 -6.626370e+02 1.661212e-288
-5.929290e+02 3.120313e-258 -7.244851e+01 3.435687e-32 -6.653775e+02 1.072042e-289
-5.934168e+02 1.915867e-258 -6.741094e+01 5.294191e-30 -6.608277e+02 1.014297e-287
-5.933820e+02 1.983582e-258 -7.059400e+01 2.194892e-31 -6.639761e+02 4.353749e-289
-5.934893e+02 1.781920e-258 -7.590624e+01 1.082281e-33 -6.693955e+02 1.928538e-291
-5.930609e+02 2.734747e-258 -8.802986e+01 5.876502e-39 -6.810908e+02 1.607075e-296
-5.945039e+02 6.460123e-259 -9.509721e+01 5.009660e-42 -6.896011e+02 3.236302e-300
-5.926161e+02 4.266956e-258 -1.022666e+02 3.856220e-45 -6.948827e+02 1.645432e-302
-5.932651e+02 2.229767e-258 -9.925919e+01 7.803343e-44 -6.925242e+02 1.739964e-301
-5.946900e+02 5.363260e-259 -8.830020e+01 4.484471e-39 -6.829902e+02 2.405139e-297
-5.966292e+02 7.713285e-260 -9.801586e+01 2.705537e-43 -6.946450e+02 2.086858e-302
-5.961511e+02 1.244172e-259 -9.675738e+01 9.523637e-43 -6.929085e+02 1.184905e-301
-5.952788e+02 2.976519e-259 -8.995165e+01 8.599891e-40 -6.852304e+02 2.559773e-298
-5.942830e+02 8.056838e-259 -8.715759e+01 1.405855e-38 -6.814406e+02 1.132674e-296
-5.931990e+02 2.382133e-258 -9.111762e+01 2.679916e-40 -6.843166e+02 6.383917e-298
-5.909551e+02 2.246351e-257 -8.707095e+01 1.533083e-38 -6.780260e+02 3.443842e-295
-5.904119e+02 3.867098e-257 -8.601730e+01 4.397035e-38 -6.764292e+02 1.700377e-294
-5.899268e+02 6.280964e-257 -7.763549e+01 1.920145e-34 -6.675623e+02 1.206036e-290
-5.900930e+02 5.319557e-257 -8.200656e+01 2.426625e-36 -6.720995e+02 1.290857e-292
-5.912544e+02 1.665262e-257 -9.197243e+01 1.139937e-40 -6.832268e+02 1.898293e-297
-5.911573e+02 1.834963e-257 -9.365450e+01 2.120147e-41 -6.848118e+02 3.890392e-298
-5.907734e+02 2.693923e-257 -9.089021e+01 3.364211e-40 -6.816636e+02 9.062925e-297
-5.905583e+02 3.340328e-257 -8.219695e+01 2.005944e-36 -6.727552e+02 6.700510e-293
-5.911515e+02 1.845780e-257 -7.998315e+01 1.835528e-35 -6.711346e+02 3.387981e-292
-5.901963e+02 4.797174e-257 -7.851968e+01 7.931127e-35 -6.687160e+02 3.804700e-291
-5.908382e+02 2.524896e-257 -7.962881e+01 2.616059e-35 -6.704670e+02 6.605275e-292
-5.905671e+02 3.311138e-257 -8.255513e+01 1.402051e-36 -6.731222e+02 4.642383e-293
-5.903388e+02 4.160367e-257 -7.358082e+01 1.107279e-32 -6.639196e+02 4.606686e-289
-5.911308e+02 1.884356e-257 -7.618701e+01 8.173369e-34 -6.673178e+02 1.540154e-290
-5.909913e+02 2.166477e-257 -8.338116e+01 6.137960e-37 -6.743724e+02 1.329775e-293
-5.906170e+02 3.149795e-257 -8.025266e+01 1.401888e-35 -6.708697e+02 4.415661e-292
-5.910231e+02 2.098571e-257 -7.594040e+01 1.045928e-33 -6.669635e+02 2.194954e-290
-5.911929e+02 1.770893e-257 -9.021170e+01 6.630627e-40 -6.814046e+02 1.174213e-296
-5.912671e+02 1.644229e-257 -8.871596e+01 2.959014e-39 -6.799831e+02 4.865295e-296
-5.914600e+02 1.355798e-257 -7.610582e+01 8.864631e-34 -6.675658e+02 1.201864e-290
-5.915675e+02 1.217555e-257 -7.114012e+01 1.271275e-31 -6.627076e+02 1.547848e-288
-5.917571e+02 1.007246e-257 -6.520235e+01 4.819266e-29 -6.569595e+02 4.854184e-286
-5.924623e+02 4.976223e-258 -6.879491e+01 1.326634e-30 -6.612572e+02 6.601626e-288
-5.926487e+02 4.130080e-258 -7.666284e+01 5.078694e-34 -6.693115e+02 2.097541e-291
-5.925245e+02 4.676170e-258 -7.093491e+01 1.560844e-31 -6.634594e+02 7.298770e-289
-5.921610e+02 6.726030e-258 -6.951175e+01 6.477821e-31 -6.616727e+02 4.357002e-288
-5.931321e+02 2.546958e-258 -8.350618e+01 5.416617e-37 -6.766382e+02 1.379590e-294
-5.927053e+02 3.902549e-258 -9.593197e+01 2.174066e-42 -6.886373e+02 8.484402e-300
-5.917654e+02 9.989305e-258 -9.286817e+01 4.654409e-41 -6.846336e+02 4.649431e-298
-5.930286e+02 2.824668e-258 -9.459244e+01 8.299012e-42 -6.876210e+02 2.344196e-299
-5.929083e+02 3.185589e-258 -1.018563e+02 5.812621e-45 -6.947646e+02 1.851662e-302
-5.893709e+02 1.095130e-256 -1.059717e+02 9.485373e-47 -6.953427e+02 1.038772e-302
-5.919726e+02 8.119931e-258 -1.021926e+02 4.152607e-45 -6.941652e+02 3.371888e-302
-5.907950e+02 2.636244e-257 -8.999521e+01 8.233347e-40 -6.807902e+02 2.170511e-296
-5.907278e+02 2.819469e-257 -8.558210e+01 6.794653e-38 -6.763099e+02 1.915731e-294
-5.904801e+02 3.612031e-257 -9.227691e+01 8.407090e-41 -6.827570e+02 3.036667e-297
-5.914892e+02 1.316719e-257 -1.006680e+02 1.907340e-44 -6.921573e+02 2.511430e-301
-5.914059e+02 1.431188e-257 -8.718506e+01 1.367755e-38 -6.785909e+02 1.957515e-295
-5.907792e+02 2.678329e-257 -9.280807e+01 4.942717e-41 -6.835872e+02 1.323822e-297
-5.905376e+02 3.410130e-257 -8.382696e+01 3.930187e-37 -6.743646e+02 1.340245e-293
-5.908720e+02 2.440993e-257 -7.606134e+01 9.267868e-34 -6.669333e+02 2.262280e-290
-5.914742e+02 1.336587e-257 -7.534159e+01 1.903548e-33 -6.668158e+02 2.544257e-290
-5.925300e+02 4.650181e-258 -7.211898e+01 4.776661e-32 -6.646490e+02 2.221234e-289
-5.920412e+02 7.581992e-258 -7.528319e+01 2.018019e-33 -6.673244e+02 1.530061e-290
-5.924492e+02 5.041943e-258 -6.633219e+01 1.557021e-29 -6.587814e+02 7.850411e-287
-5.917361e+02 1.028660e-257 -5.897836e+01 2.432340e-26 -6.507145e+02 2.502051e-283
-5.921819e+02 6.586555e-258 -5.891883e+01 2.581542e-26 -6.511007e+02 1.700347e-283
-5.912426e+02 1.684954e-257 -5.787682e+01 7.318386e-26 -6.491195e+02 1.233114e-282
-5.927441e+02 3.754177e-258 -6.197803e+01 1.211384e-27 -6.547221e+02 4.547749e-285
-5.924851e+02 4.864152e-258 -6.699846e+01 7.997222e-30 -6.594835e+02 3.889970e-287
-5.920034e+02 7.874269e-258 -6.857875e+01 1.646749e-30 -6.605821e+02 1.296694e-287
-5.937221e+02 1.411823e-258 -6.646457e+01 1.363965e-29 -6.601866e+02 1.925678e-287
-5.930122e+02 2.871141e-258 -6.674727e+01 1.028083e-29 -6.597595e+02 2.951770e-287
-5.914656e+02 1.348229e-257 -6.401872e+01 1.574068e-28 -6.554843e+02 2.122204e-285
-5.922412e+02 6.207695e-258 -5.738079e+01 1.201816e-25 -6.496220e+02 7.460509e-283
-5.941223e+02 9.462023e-259 -6.782046e+01 3.515170e-30 -6.619427e+02 3.326062e-288
-5.918254e+02 9.407900e-258 -6.035478e+01 6.141170e-27 -6.521802e+02 5.777551e-284
-5.921472e+02 6.819351e-258 -5.626859e+01 3.654797e-25 -6.484158e+02 2.492334e-282
-5.934211e+02 1.907536e-258 -5.319335e+01 7.914449e-24 -6.466145e+02 1.509710e-281
-5.950718e+02 3.661122e-259 -5.150760e+01 4.271055e-23 -6.465794e+02 1.563686e-281
-5.939161e+02 1.162793e-258 -4.767405e+01 1.974341e-21 -6.415902e+02 2.295750e-279
-5.920893e+02 7.225683e-258 -5.451149e+01 2.118164e-24 -6.466008e+02 1.530518e-281
-5.921957e+02 6.496374e-258 -5.249463e+01 1.591746e-23 -6.446903e+02 1.034058e-280
-5.904855e+02 3.592736e-257 -5.821862e+01 5.199671e-26 -6.487041e+02 1.868105e-282
-5.903426e+02 4.144280e-257 -6.014952e+01 7.540443e-27 -6.504922e+02 3.124971e-283
-5.925541e+02 4.539876e-258 -6.489003e+01 6.585915e-29 -6.574441e+02 2.989924e-286
-5.899583e+02 6.086393e-257 -5.871655e+01 3.160285e-26 -6.486749e+02 1.923474e-282
-5.890372e+02 1.528907e-256 -5.880193e+01 2.901671e-26 -6.478392e+02 4.436385e-282
-5.894135e+02 1.049449e-256 -5.867130e+01 3.306583e-26 -6.480848e+02 3.470090e-282
-5.894559e+02 1.005927e-256 -6.362565e+01 2.332025e-28 -6.530815e+02 2.345848e-284
-5.885394e+02 2.515235e-256 -6.474060e+01 7.647405e-29 -6.532800e+02 1.923502e-284
-5.881142e+02 3.848223e-256 -6.542996e+01 3.838210e-29 -6.535441e+02 1.477029e-284
-5.883711e+02 2.976444e-256 -6.536718e+01 4.086910e-29 -6.537382e+02 1.216446e-284
-5.900262e+02 5.686727e-257 -7.098562e+01 1.483670e-31 -6.610119e+02 8.437226e-288
-5.905478e+02 3.375423e-257 -6.993344e+01 4.249065e-31 -6.604813e+02 1.434239e-287
-5.888232e+02 1.893830e-256 -7.595607e+01 1.029671e-33 -6.647793e+02 1.950022e-289
-5.885348e+02 2.526764e-256 -7.359933e+01 1.086973e-32 -6.621342e+02 2.746526e-288
-5.879610e+02 4.485352e-256 -7.440789e+01 4.842450e-33 -6.623689e+02 2.172009e-288
-5.884752e+02 2.681924e-256 -7.255876e+01 3.077038e-32 -6.610340e+02 8.252381e-288
-5.891236e+02 1.402347e-256 -6.974213e+01 5.144894e-31 -6.588658e+02 7.214924e-287
-5.885384e+02 2.517831e-256 -7.413625e+01 6.353843e-33 -6.626746e+02 1.599790e-288
-5.877089e+02 5.771219e-256 -7.611364e+01 8.795575e-34 -6.638225e+02 5.076119e-289
-5.894617e+02 1.000063e-256 -7.176994e+01 6.771942e-32 -6.612317e+02 6.772365e-288
-5.878689e+02 4.917688e-256 -7.685715e+01 4.181792e-34 -6.647261e+02 2.056475e-289
-5.879322e+02 4.616323e-256 -7.521753e+01 2.154979e-33 -6.631497e+02 9.948082e-289
-5.888952e+02 1.762211e-256 -7.080487e+01 1.777599e-31 -6.597001e+02 3.132504e-287
-5.903108e+02 4.278224e-257 -6.753373e+01 4.682454e-30 -6.578446e+02 2.003259e-286
-5.885570e+02 2.471477e-256 -7.230706e+01 3.957687e-32 -6.608640e+02 9.781332e-288
-5.895581e+02 9.081952e-257 -7.837189e+01 9.194387e-35 -6.679300e+02 8.350299e-291
-5.894468e+02 1.015066e-256 -8.493914e+01 1.292415e-37 -6.743860e+02 1.311887e-293
-5.893688e+02 1.097447e-256 -7.929206e+01 3.663511e-35 -6.686609e+02 4.020511e-291
-5.899956e+02 5.863844e-257 -8.113809e+01 5.783306e-36 -6.711337e+02 3.391241e-292
-5.894291e+02 1.033187e-256 -8.673042e+01 2.155047e-38 -6.761596e+02 2.226567e-294
-5.873967e+02 7.885910e-256 -8.896700e+01 2.302082e-39 -6.763637e+02 1.815401e-294
-5.861822e+02 2.656539e-255 -9.271819e+01 5.407552e-41 -6.789004e+02 1.436537e-295
-5.859184e+02 3.458240e-255 -8.639777e+01 3.005566e-38 -6.723162e+02 1.039397e-292
-5.882287e+02 3.431948e-256 -9.069753e+01 4.079095e-40 -6.789262e+02 1.399924e-295
-5.867509e+02 1.504327e-255 -8.663947e+01 2.360241e-38 -6.733903e+02 3.550573e-293
-5.866987e+02 1.584848e-255 -8.677088e+01 2.069592e-38 -6.734696e+02 3.279989e-293
-5.871083e+02 1.052195e-255 -8.834643e+01 4.281863e-39 -6.754548e+02 4.505355e-294
-5.876084e+02 6.381523e-256 -9.071730e+01 3.999250e-40 -6.783257e+02 2.552131e-295
-5.872517e+02 9.116346e-256 -8.457871e+01 1.853253e-37 -6.718304e+02 1.689489e-292
-5.894083e+02 1.054959e-256 -9.308809e+01 3.735555e-41 -6.824964e+02 3.940858e-297
-5.896591e+02 8.209617e-257 -9.921957e+01 8.118724e-44 -6.888786e+02 6.665161e-300
-5.869444e+02 1.239590e-255 -9.921408e+01 8.163427e-44 -6.861585e+02 1.011930e-298
-5.868991e+02 1.297015e-255 -8.538346e+01 8.287691e-38 -6.722826e+02 1.074926e-292
-5.874557e+02 7.434274e-256 -8.851794e+01 3.607008e-39 -6.759736e+02 2.681548e-294
-5.884332e+02 2.797154e-256 -8.543189e+01 7.895880e-38 -6.738651e+02 2.208599e-293
-5.881889e+02 3.571037e-256 -9.175250e+01 1.420356e-40 -6.799414e+02 5.072144e-296
-5.896661e+02 8.151745e-257 -9.606091e+01 1.911079e-42 -6.857270e+02 1.557863e-298
-5.884430e+02 2.769842e-256 -1.077034e+02 1.678785e-47 -6.961464e+02 4.649971e-303
-5.894042e+02 1.059294e-256 -1.038712e+02 7.750515e-46 -6.932753e+02 8.210073e-302
-5.901875e+02 4.839841e-257 -1.154669e+02 7.134251e-51 -7.056544e+02 3.452864e-307
-5.896265e+02 8.481196e-257 -1.192347e+02 1.648285e-52 -7.088612e+02 1.397943e-308
-5.886517e+02 2.248165e-256 -1.100290e+02 1.640674e-48 -6.986806e+02 3.688506e-304
-5.896792e+02 8.046101e-257 -1.043689e+02 4.711761e-46 -6.940480e+02 3.791131e-302
-5.893632e+02 1.103608e-256 -9.626700e+01 1.555150e-42 -6.856302e+02 1.716276e-298
-5.902548e+02 4.524605e-257 -9.021530e+01 6.606844e-40 -6.804701e+02 2.989336e-296
-5.902937e+02 4.352321e-257 -7.961837e+01 2.643523e-35 -6.699120e+02 1.150546e-291
-5.905540e+02 3.354757e-257 -8.332205e+01 6.511701e-37 -6.738760e+02 2.184518e-293
-5.909656e+02 2.222857e-257 -8.394111e+01 3.506222e-37 -6.749067e+02 7.793832e-294
-5.911207e+02 1.903523e-257 -7.971471e+01 2.400714e-35 -6.708354e+02 4.569815e-292
-5.918777e+02 8.928836e-258 -7.853403e+01 7.818172e-35 -6.704117e+02 6.980718e-292
-5.914341e+02 1.391290e-257 -8.360953e+01 4.884728e-37 -6.750437e+02 6.796072e-294
-5.916581e+02 1.112096e-257 -7.901046e+01 4.855066e-35 -6.706686e+02 5.399298e-292
-5.905936e+02 3.224567e-257 -8.851301e+01 3.624819e-39 -6.791066e+02 1.168847e-295
-5.910736e+02 1.995232e-257 -9.155046e+01 1.738361e-40 -6.826241e+02 3.468435e-297
-5.895516e+02 9.141047e-257 -1.075896e+02 1.881173e-47 -6.971412e+02 1.719589e-303
-5.900134e+02 5.760122e-257 -1.018326e+02 5.952046e-45 -6.918460e+02 3.428451e-301
-5.904859e+02 3.591161e-257 -9.440315e+01 1.002845e-41 -6.848890e+02 3.601378e-298
-5.927525e+02 3.722872e-258 -8.825509e+01 4.691401e-39 -6.810075e+02 1.746548e-296
-5.919568e+02 8.249847e-258 -9.540108e+01 3.696890e-42 -6.873578e+02 3.049878e-299
-5.919063e+02 8.677041e-258 -9.741481e+01 4.934994e-43 -6.893211e+02 4.282115e-300
-5.909296e+02 2.304206e-257 -8.666281e+01 2.305788e-38 -6.775924e+02 5.313010e-295
-5.914390e+02 1.384555e-257 -8.480294e+01 1.480990e-37 -6.762419e+02 2.050512e-294
-5.898945e+02 6.487711e-257 -9.227213e+01 8.447413e-41 -6.821666e+02 5.480437e-297
-5.912885e+02 1.609429e-257 -9.125746e+01 2.330182e-40 -6.825459e+02 3.750262e-297
-5.922386e+02 6.223914e-258 -8.729630e+01 1.223769e-38 -6.795349e+02 7.616633e-296
-5.915370e+02 1.255308e-257 -8.746652e+01 1.032221e-38 -6.790035e+02 1.295755e-295
-5.907397e+02 2.786229e-257 -9.862674e+01 1.468767e-43 -6.893664e+02 4.092323e-300
-5.900880e+02 5.345975e-257 -1.126880e+02 1.148716e-49 -7.027760e+02 6.141009e-306
-5.893126e+02 1.160886e-256 -1.108356e+02 7.323214e-49 -7.001482e+02 8.501419e-305
-5.918549e+02 9.134255e-258 -1.006603e+02 1.922121e-44 -6.925152e+02 1.755715e-301
-5.918668e+02 9.026313e-258 -1.048124e+02 3.023824e-46 -6.966792e+02 2.729399e-303
-5.920330e+02 7.644341e-258 -9.685530e+01 8.635300e-43 -6.888883e+02 6.601117e-300
-5.923708e+02 5.452688e-258 -1.049835e+02 2.548214e-46 -6.973544e+02 1.389462e-303
-5.890356e+02 1.531348e-256 -1.106510e+02 8.807696e-49 -6.996867e+02 1.348765e-304
-5.905241e+02 3.456636e-257 -1.114194e+02 4.084959e-49 -7.019434e+02 1.412022e-305
-5.907338e+02 2.802738e-257 -1.205532e+02 4.409767e-53 -7.112870e+02 1.235942e-309
-5.904594e+02 3.687549e-257 -1.213312e+02 2.025399e-53 -7.117907e+02 7.468758e-310
-5.903341e+02 4.179991e-257 -1.254912e+02 3.161196e-55 -7.158253e+02 1.321377e-311
-5.906300e+02 3.109287e-257 -1.207963e+02 3.458207e-53 -7.114262e+02 1.075256e-309
-5.886894e+02 2.164852e-256 -1.172071e+02 1.252055e-51 -7.058965e+02 2.710515e-307
-5.898558e+02 6.743317e-257 -1.238443e+02 1.640915e-54 -7.137002e+02 1.106521e-310
-5.901801e+02 4.875734e-257 -1.239596e+02 1.462285e-54 -7.141397e+02 7.129713e-311
-5.897752e+02 7.309724e-257 -1.153977e+02 7.645661e-51 -7.051729e+02 5.588767e-307
-5.901190e+02 5.182895e-257 -1.051992e+02 2.053936e-46 -6.953182e+02 1.064533e-302
-5.892938e+02 1.182928e-256 -1.003651e+02 2.582189e-44 -6.896589e+02 3.054544e-300
-5.897916e+02 7.190209e-257 -9.787823e+01 3.104747e-43 -6.876699e+02 2.232378e-299
-5.897770e+02 7.295955e-257 -9.939047e+01 6.843343e-44 -6.891675e+02 4.992872e-300
-5.910248e+02 2.095097e-257 -9.683738e+01 8.791472e-43 -6.878621e+02 1.841899e-299
-5.901582e+02 4.983898e-257 -9.528993e+01 4.131508e-42 -6.854481e+02 2.059102e-298
-5.907601e+02 2.729838e-257 -8.925328e+01 1.728999e-39 -6.800134e+02 4.719886e-296
-5.920787e+02 7.302457e-258 -8.577923e+01 5.578989e-38 -6.778580e+02 4.074033e-295
-5.911499e+02 1.848613e-257 -9.606454e+01 1.904142e-42 -6.872145e+02 3.520022e-299
-5.900082e+02 5.790144e-257 -9.936951e+01 6.988264e-44 -6.893777e+02 4.046306e-300
-5.899774e+02 5.971117e-257 -9.134953e+01 2.125224e-40 -6.813270e+02 1.268996e-296
-5.900685e+02 5.451266e-257 -9.764098e+01 3.936044e-43 -6.877095e+02 2.145642e-299
-5.896149e+02 8.580144e-257 -1.100963e+02 1.533905e-48 -6.997112e+02 1.316113e-304
-5.900265e+02 5.685030e-257 -1.122010e+02 1.869586e-49 -7.022275e+02 1.062865e-305
-5.903362e+02 4.171034e-257 -1.172459e+02 1.204356e-51 -7.075821e+02 5.023409e-308
-5.910514e+02 2.040086e-257 -1.117616e+02 2.900954e-49 -7.028130e+02 5.918194e-306
-5.932129e+02 2.349192e-258 -1.213995e+02 1.891786e-53 -7.146124e+02 4.444167e-311
-5.909541e+02 2.248426e-257 -1.249362e+02 5.506975e-55 -7.158903e+02 1.238203e-311
-5.900678e+02 5.455270e-257 -1.190355e+02 2.011664e-52 -7.091032e+02 1.097417e-308
-5.901047e+02 5.257540e-257 -1.024728e+02 3.137709e-45 -6.925775e+02 1.649663e-301
-5.901217e+02 5.168853e-257 -9.160129e+01 1.652210e-40 -6.817230e+02 8.540031e-297
-5.895028e+02 9.597979e-257 -8.971912e+01 1.085132e-39 -6.792219e+02 1.041508e-295
-5.893854e+02 1.079422e-256 -8.129595e+01 4.938732e-36 -6.706813e+02 5.330977e-292
-5.924366e+02 5.105506e-258 -8.081230e+01 8.010604e-36 -6.732489e+02 4.089818e-293
-5.914415e+02 1.381038e-257 -8.590710e+01 4.909298e-38 -6.773486e+02 6.779925e-295
-5.901347e+02 5.102388e-257 -7.808550e+01 1.224332e-34 -6.682202e+02 6.247016e-291
-5.907995e+02 2.624519e-257 -7.928967e+01 3.672277e-35 -6.700891e+02 9.637961e-292
-5.896030e+02 8.682635e-257 -7.680427e+01 4.408913e-34 -6.664073e+02 3.828098e-290
-5.896861e+02 7.990449e-257 -8.119000e+01 5.490757e-36 -6.708761e+02 4.387362e-292
-5.906543e+02 3.034551e-257 -9.122614e+01 2.404307e-40 -6.818804e+02 7.295993e-297
-5.916975e+02 1.069196e-257 -1.002188e+02 2.988923e-44 -6.919163e+02 3.195745e-301
-5.921527e+02 6.781795e-258 -9.838738e+01 1.865961e-43 -6.905401e+02 1.265457e-300
-5.920493e+02 7.520587e-258 -1.001353e+02 3.249350e-44 -6.921846e+02 2.443702e-301
-5.922830e+02 5.953219e-258 -1.019465e+02 5.311209e-45 -6.942295e+02 3.161879e-302
-5.903802e+02 3.991644e-257 -1.012815e+02 1.032760e-44 -6.916617e+02 4.122412e-301
-5.897981e+02 7.144303e-257 -1.070321e+02 3.285095e-47 -6.968302e+02 2.346971e-303
-5.899801e+02 5.955310e-257 -1.080745e+02 1.158341e-47 -6.980546e+02 6.898278e-304
-5.901798e+02 4.877236e-257 -1.195589e+02 1.191855e-52 -7.097387e+02 5.812960e-309
-5.892061e+02 1.291377e-256 -1.245587e+02 8.032196e-55 -7.137648e+02 1.037259e-310
-5.896390e+02 8.375863e-257 -1.085363e+02 7.299389e-48 -6.981753e+02 6.113869e-304
-5.895232e+02 9.404438e-257 -1.079420e+02 1.322408e-47 -6.974652e+02 1.243651e-303
-5.888888e+02 1.773513e-256 -1.200846e+02 7.045866e-53 -7.089734e+02 1.249594e-308
-5.894770e+02 9.848594e-257 -1.324431e+02 3.024873e-58 -7.219201e+02 2.979075e-314
-5.888339e+02 1.873561e-256 -1.439956e+02 2.907276e-63 -7.328296e+02 5.446975e-319
-5.886230e+02 2.313467e-256 -1.504276e+02 4.678754e-66 -7.390506e+02 1.082004e-321
-5.894813e+02 9.806715e-257 -1.449289e+02 1.143300e-63 -7.344102e+02 1.121183e-319
-5.892345e+02 1.255167e-256 -1.600484e+02 3.103574e-70 -7.492829e+02 0.000000e+00
-5.871897e+02 9.699668e-256 -1.491420e+02 1.692191e-65 -7.363317e+02 1.641286e-320
-5.868095e+02 1.418584e-255 -1.306250e+02 1.863373e-57 -7.174345e+02 2.643350e-312
-5.868603e+02 1.348324e-255 -1.284657e+02 1.614575e-56 -7.153260e+02 2.176971e-311
-5.871852e+02 9.743093e-256 -1.214051e+02 1.881278e-53 -7.085903e+02 1.832947e-308
-5.895420e+02 9.228873e-257 -1.284994e+02 1.561004e-56 -7.180415e+02 1.440631e-312
-5.888392e+02 1.863683e-256 -1.510062e+02 2.623310e-66 -7.398454e+02 4.891250e-322
-5.878508e+02 5.007938e-256 -1.402024e+02 1.290806e-61 -7.280532e+02 6.464277e-317
-5.868335e+02 1.385037e-255 -1.428416e+02 9.218650e-63 -7.296751e+02 1.276817e-317
-5.906472e+02 3.056144e-257 -1.432476e+02 6.142729e-63 -7.338948e+02 1.877301e-319
-5.859723e+02 3.276913e-255 -1.514838e+02 1.627175e-66 -7.374561e+02 5.330968e-321
-5.868279e+02 1.392834e-255 -1.495864e+02 1.085101e-65 -7.364142e+02 1.511347e-320
-5.862241e+02 2.547360e-255 -1.639278e+02 6.412895e-72 -7.501520e+02 0.000000e+00
-5.864025e+02 2.131134e-255 -1.656916e+02 1.099143e-72 -7.520941e+02 0.000000e+00
-5.863595e+02 2.224908e-255 -1.544156e+02 8.672468e-68 -7.407751e+02 1.926856e-322
-5.866648e+02 1.639575e-255 -1.442380e+02 2.281519e-63 -7.309028e+02 3.740724e-318
-5.872012e+02 9.588721e-256 -1.377000e+02 1.576364e-60 -7.249012e+02 1.511532e-315
-5.858832e+02 3.582403e-255 -1.364420e+02 5.546337e-60 -7.223251e+02 1.986922e-314
-5.856204e+02 4.658962e-255 -1.275443e+02 4.057209e-56 -7.131647e+02 1.890239e-310
-5.889464e+02 1.674292e-256 -1.351574e+02 2.004023e-59 -7.241038e+02 3.355320e-315
-5.915233e+02 1.272641e-257 -1.407566e+02 7.416477e-62 -7.322798e+02 9.438531e-319
-5.848428e+02 1.013885e-254 -1.396195e+02 2.312092e-61 -7.244624e+02 2.344197e-315
-5.855510e+02 4.993680e-255 -1.471787e+02 1.205312e-64 -7.327297e+02 6.018955e-319
-5.865379e+02 1.861406e-255 -1.446069e+02 1.577724e-63 -7.311447e+02 2.936785e-318
-5.879652e+02 4.466288e-256 -1.578866e+02 2.696003e-69 -7.458518e+02 0.000000e+00
-5.853559e+02 6.069732e-255 -1.568290e+02 7.763229e-69 -7.421849e+02 4.940656e-323
-5.857636e+02 4.037496e-255 -1.396929e+02 2.148559e-61 -7.254565e+02 8.674799e-316
-5.879475e+02 4.546076e-256 -1.586893e+02 1.208093e-69 -7.466368e+02 0.000000e+00
-5.880993e+02 3.905803e-256 -1.672636e+02 2.282196e-73 -7.553629e+02 0.000000e+00
-5.868509e+02 1.361097e-255 -1.733153e+02 5.371873e-76 -7.601662e+02 0.000000e+00
-5.845729e+02 1.328058e-254 -1.674056e+02 1.979981e-73 -7.519785e+02 0.000000e+00
-5.852515e+02 6.737429e-255 -1.568329e+02 7.733034e-69 -7.420844e+02 5.434722e-323
-5.844901e+02 1.442651e-254 -1.577154e+02 3.199545e-69 -7.422055e+02 4.446591e-323
-5.850220e+02 8.475892e-255 -1.612052e+02 9.760539e-71 -7.462272e+02 0.000000e+00
-5.839288e+02 2.529070e-254 -1.562715e+02 1.355637e-68 -7.402003e+02 3.409053e-322
-5.840077e+02 2.337051e-254 -1.546620e+02 6.778509e-68 -7.386698e+02 1.585951e-321
-5.848409e+02 1.015863e-254 -1.610882e+02 1.097198e-70 -7.459291e+02 0.000000e+00
-5.840526e+02 2.234576e-254 -1.576265e+02 3.496839e-69 -7.416791e+02 7.905050e-323
-5.854696e+02 5.417170e-255 -1.489256e+02 2.100987e-65 -7.343952e+02 1.138130e-319
-5.852022e+02 7.078360e-255 -1.461231e+02 3.463749e-64 -7.313253e+02 2.451766e-318
-5.848740e+02 9.827148e-255 -1.485134e+02 3.172713e-65 -7.333875e+02 3.117851e-319
-5.840894e+02 2.153654e-254 -1.511587e+02 2.252271e-66 -7.352481e+02 4.850737e-320
-5.844866e+02 1.447750e-254 -1.476980e+02 7.170888e-65 -7.321846e+02 1.038165e-318
-5.845331e+02 1.381935e-254 -1.343090e+02 4.681218e-59 -7.188421e+02 6.469137e-313
-5.838778e+02 2.661240e-254 -1.324589e+02 2.977312e-58 -7.163367e+02 7.923341e-312
-5.841585e+02 2.009924e-254 -1.300170e+02 3.422318e-57 -7.141755e+02 6.878600e-311
-5.836294e+02 3.411798e-254 -1.323739e+02 3.241385e-58 -7.160033e+02 1.105895e-311
-5.835508e+02 3.690802e-254 -1.278327e+02 3.040588e-56 -7.113835e+02 1.122221e-309
-5.837500e+02 3.024009e-254 -1.285186e+02 1.531401e-56 -7.122686e+02 4.630969e-310
-5.839363e+02 2.510128e-254 -1.316191e+02 6.895496e-58 -7.155553e+02 1.730858e-311
-5.821663e+02 1.473701e-253 -1.513353e+02 1.887679e-66 -7.335015e+02 2.781886e-319
-5.825353e+02 1.018893e-253 -1.491574e+02 1.666383e-65 -7.316927e+02 1.697866e-318
-5.830657e+02 5.994708e-254 -1.431582e+02 6.716813e-63 -7.262240e+02 4.026533e-316
-5.827388e+02 8.313220e-254 -1.442973e+02 2.150274e-63 -7.270360e+02 1.787570e-316
-5.824080e+02 1.157189e-253 -1.419236e+02 2.308579e-62 -7.243317e+02 2.671462e-315
-5.847303e+02 1.134619e-254 -1.415915e+02 3.218087e-62 -7.263218e+02 3.651302e-316
-5.853630e+02 6.026671e-255 -1.372649e+02 2.435519e-60 -7.226279e+02 1.467807e-314
-5.847609e+02 1.100404e-254 -1.397803e+02 1.968825e-61 -7.245412e+02 2.166502e-315
-5.829935e+02 6.443993e-254 -1.396520e+02 2.238134e-61 -7.226455e+02 1.442252e-314
-5.830753e+02 5.937382e-254 -1.361231e+02 7.629727e-60 -7.191984e+02 4.530060e-313
-5.866147e+02 1.723688e-255 -1.301074e+02 3.126687e-57 -7.167221e+02 5.389432e-312
-5.833532e+02 4.497236e-254 -1.339618e+02 6.624086e-59 -7.173150e+02 2.979007e-312
-5.835608e+02 3.653860e-254 -1.296811e+02 4.788446e-57 -7.132420e+02 1.749631e-310
-5.840695e+02 2.197129e-254 -1.352932e+02 1.749561e-59 -7.193626e+02 3.844011e-313
-5.833724e+02 4.411576e-254 -1.219422e+02 1.099422e-53 -7.053146e+02 4.850185e-307
-5.834584e+02 4.048039e-254 -1.253854e+02 3.514236e-55 -7.088437e+02 1.422577e-308
-5.835537e+02 3.680095e-254 -1.326272e+02 2.516206e-58 -7.161809e+02 9.259877e-312
-5.831683e+02 5.410528e-254 -1.245929e+02 7.762203e-55 -7.077612e+02 4.199762e-308
-5.835498e+02 3.694250e-254 -1.245884e+02 7.797308e-55 -7.081382e+02 2.880521e-308
-5.818134e+02 2.097253e-253 -1.168925e+02 1.714938e-51 -6.987059e+02 3.596659e-304
-5.816393e+02 2.496202e-253 -1.282775e+02 1.948804e-56 -7.099168e+02 4.864607e-309
-5.829569e+02 6.683694e-254 -1.155263e+02 6.722776e-51 -6.984833e+02 4.493298e-304
-5.836732e+02 3.265455e-254 -1.008480e+02 1.593166e-44 -6.845212e+02 5.202413e-298
-5.841828e+02 1.961674e-254 -9.196128e+01 1.152722e-40 -6.761441e+02 2.261265e-294
-5.838569e+02 2.717498e-254 -1.021496e+02 4.335122e-45 -6.860065e+02 1.178068e-298
-5.834184e+02 4.213288e-254 -1.106199e+02 9.086755e-49 -6.940382e+02 3.828511e-302
-5.836619e+02 3.302707e-254 -1.180231e+02 5.536500e-52 -7.016849e+02 1.828544e-305
-5.832545e+02 4.963498e-254 -1.231366e+02 3.330103e-54 -7.063911e+02 1.652896e-307
-5.812882e+02 3.545996e-253 -1.310200e+02 1.255302e-57 -7.123082e+02 4.451295e-310
-5.809138e+02 5.156328e-253 -1.257731e+02 2.384706e-55 -7.066869e+02 1.229633e-307
-5.814738e+02 2.945282e-253 -1.287431e+02 1.223487e-56 -7.102169e+02 3.603514e-309
-5.803210e+02 9.327935e-253 -1.338425e+02 7.463746e-59 -7.141635e+02 6.962133e-311
-5.806000e+02 7.057281e-253 -1.268883e+02 7.818578e-56 -7.074882e+02 5.517790e-308
-5.805243e+02 7.611935e-253 -1.319703e+02 4.853428e-58 -7.124946e+02 3.694398e-310
-5.814496e+02 3.017568e-253 -1.387722e+02 5.395198e-61 -7.202218e+02 1.628038e-313
-5.808979e+02 5.239205e-253 -1.297353e+02 4.535916e-57 -7.106332e+02 2.376460e-309
-5.815821e+02 2.643034e-253 -1.159673e+02 4.325669e-51 -6.975494e+02 1.143289e-303
-5.805285e+02 7.580006e-253 -1.178094e+02 6.855038e-52 -6.983380e+02 5.196122e-304
-5.815762e+02 2.658740e-253 -1.130561e+02 7.949802e-50 -6.946323e+02 2.113646e-302
-5.840640e+02 2.209087e-254 -1.131276e+02 7.401233e-50 -6.971916e+02 1.634997e-303
-5.831169e+02 5.695848e-254 -1.189784e+02 2.129745e-52 -7.020953e+02 1.213070e-305
-5.814128e+02 3.130655e-253 -1.131438e+02 7.282253e-50 -6.945566e+02 2.279822e-302
-5.812359e+02 3.736521e-253 -1.181689e+02 4.785179e-52 -6.994048e+02 1.787992e-304
-5.814587e+02 2.990164e-253 -1.179469e+02 5.974914e-52 -6.994056e+02 1.786598e-304
-5.816439e+02 2.484647e-253 -1.161244e+02 3.696677e-51 -6.977683e+02 9.184935e-304
-5.809800e+02 4.825950e-253 -1.212601e+02 2.174722e-53 -7.022401e+02 1.049510e-305
-5.811928e+02 3.900975e-253 -1.115311e+02 3.653023e-49 -6.927239e+02 1.425035e-301
-5.837509e+02 3.021281e-254 -1.066789e+02 4.676641e-47 -6.904299e+02 1.412944e-300
-5.826003e+02 9.548146e-254 -1.059205e+02 9.984419e-47 -6.885207e+02 9.533269e-300
-5.839026e+02 2.596128e-254 -1.065985e+02 5.068370e-47 -6.905011e+02 1.315814e-300
-5.838741e+02 2.671097e-254 -1.161512e+02 3.599006e-51 -7.000253e+02 9.613295e-305
-5.852344e+02 6.854054e-255 -1.229324e+02 4.084293e-54 -7.081668e+02 2.799397e-308
-5.870419e+02 1.124423e-255 -1.160265e+02 4.077017e-51 -7.030684e+02 4.584292e-306
-5.853736e+02 5.963232e-255 -1.120972e+02 2.073935e-49 -6.974708e+02 1.236736e-303
-5.847069e+02 1.161451e-254 -1.081205e+02 1.106273e-47 -6.928274e+02 1.284882e-301
-5.843971e+02 1.583379e-254 -1.040676e+02 6.368277e-46 -6.884646e+02 1.008340e-299
-5.831779e+02 5.358675e-254 -1.160759e+02 3.880507e-51 -6.992538e+02 2.079438e-304
-5.817364e+02 2.265121e-253 -1.137766e+02 3.867613e-50 -6.955130e+02 8.760613e-303
-5.830197e+02 6.277246e-254 -1.175673e+02 8.733338e-52 -7.005870e+02 5.482131e-305
-5.850962e+02 7.869628e-255 -1.061325e+02 8.077147e-47 -6.912286e+02 6.356414e-301
-5.836418e+02 3.369581e-254 -1.195300e+02 1.226770e-52 -7.031719e+02 4.133702e-306
-5.845925e+02 1.302326e-254 -1.193953e+02 1.403671e-52 -7.039878e+02 1.828038e-306
-5.833089e+02 4.700666e-254 -1.069862e+02 3.439502e-47 -6.902951e+02 1.616795e-300
-5.831286e+02 5.629349e-254 -1.013165e+02 9.972325e-45 -6.844451e+02 5.613769e-298
-5.838640e+02 2.698353e-254 -1.022150e+02 4.060558e-45 -6.860790e+02 1.095682e-298
-5.831956e+02 5.264845e-254 -9.866852e+01 1.408661e-43 -6.818641e+02 7.416383e-297
-5.838069e+02 2.856924e-254 -9.442500e+01 9.811711e-42 -6.782319e+02 2.803132e-295
-5.853064e+02 6.377783e-255 -1.017895e+02 6.214157e-45 -6.870959e+02 3.963255e-299
-5.830204e+02 6.272573e-254 -9.668540e+01 1.023449e-42 -6.797058e+02 6.419661e-296
-5.834112e+02 4.243724e-254 -1.025731e+02 2.838378e-45 -6.859843e+02 1.204530e-298
-5.828047e+02 7.782451e-254 -1.032484e+02 1.444794e-45 -6.860531e+02 1.124404e-298
-5.826662e+02 8.938472e-254 -1.161854e+02 3.477890e-51 -6.988517e+02 3.108702e-304
-5.830953e+02 5.820193e-254 -1.078550e+02 1.442745e-47 -6.909502e+02 8.397054e-301
-5.832573e+02 4.949526e-254 -1.047442e+02 3.237354e-46 -6.880015e+02 1.602337e-299
-5.835981e+02 3.520337e-254 -1.025081e+02 3.029078e-45 -6.861061e+02 1.066338e-298
-5.826401e+02 9.175560e-254 -1.009179e+02 1.485629e-44 -6.835580e+02 1.363148e-297
-5.842159e+02 1.897926e-254 -1.129576e+02 8.773208e-50 -6.971734e+02 1.665090e-303
-5.840790e+02 2.176370e-254 -1.137578e+02 3.941079e-50 -6.978368e+02 8.577247e-304
-5.881034e+02 3.890000e-256 -1.170122e+02 1.521370e-51 -7.051156e+02 5.918129e-307
-5.840698e+02 2.196452e-254 -1.114487e+02 3.966760e-49 -6.955185e+02 8.712799e-303
-5.848951e+02 9.622119e-255 -1.040047e+02 6.781611e-46 -6.888998e+02 6.525347e-300
-5.842338e+02 1.864178e-254 -1.065412e+02 5.367097e-47 -6.907750e+02 1.000523e-300
-5.836452e+02 3.358396e-254 -1.076615e+02 1.750726e-47 -6.913066e+02 5.879629e-301
-5.845600e+02 1.345247e-254 -1.020321e+02 4.875536e-45 -6.865921e+02 6.558801e-299
-5.844778e+02 1.460590e-254 -1.074639e+02 2.133080e-47 -6.919417e+02 3.115555e-301
-5.840076e+02 2.337272e-254 -1.034517e+02 1.178931e-45 -6.874594e+02 2.755482e-299
-5.829661e+02 6.622896e-254 -1.193791e+02 1.426631e-52 -7.023452e+02 9.448430e-306
-5.828680e+02 7.305133e-254 -1.234026e+02 2.552399e-54 -7.062706e+02 1.864561e-307
-5.848885e+02 9.686598e-255 -1.206196e+02 4.126487e-53 -7.055080e+02 3.997162e-307
-5.837185e+02 3.120879e-254 -1.240784e+02 1.298459e-54 -7.077969e+02 4.052334e-308
-5.847223e+02 1.143701e-254 -1.174568e+02 9.753952e-52 -7.021791e+02 1.115560e-305
-5.836399e+02 3.376240e-254 -1.241539e+02 1.204113e-54 -7.077937e+02 4.065374e-308
-5.839429e+02 2.493516e-254 -1.232190e+02 3.066675e-54 -7.071619e+02 7.646801e-308
-5.831913e+02 5.287330e-254 -1.306897e+02 1.746494e-57 -7.138810e+02 9.234288e-311
-5.846104e+02 1.279203e-254 -1.216101e+02 1.532529e-53 -7.062205e+02 1.960415e-307
-5.850141e+02 8.542636e-255 -1.111564e+02 5.313520e-49 -6.961705e+02 4.539147e-303
-5.851200e+02 7.684796e-255 -1.078027e+02 1.520168e-47 -6.929226e+02 1.168218e-301
-5.864213e+02 2.091530e-255 -1.130501e+02 7.997428e-50 -6.994714e+02 1.672686e-304
-5.885000e+02 2.616474e-256 -1.194863e+02 1.281557e-52 -7.079863e+02 3.353160e-308
-5.860460e+02 3.044143e-255 -1.221769e+02 8.694395e-54 -7.082229e+02 2.646698e-308
-5.860150e+02 3.140055e-255 -1.048797e+02 2.827057e-46 -6.908946e+02 8.877115e-301
-5.858169e+02 3.827801e-255 -1.085513e+02 7.190626e-48 -6.943682e+02 2.752429e-302
-5.846972e+02 1.172780e-254 -1.122241e+02 1.826859e-49 -6.969213e+02 2.142505e-303
-5.858513e+02 3.698386e-255 -1.096202e+02 2.469175e-48 -6.954715e+02 9.131961e-303
-5.872682e+02 8.967667e-256 -9.680852e+01 9.048853e-43 -6.840767e+02 8.114709e-298
-5.856925e+02 4.334725e-255 -1.007681e+02 1.725643e-44 -6.864607e+02 7.480188e-299
-5.868350e+02 1.382863e-255 -1.033485e+02 1.307109e-45 -6.901836e+02 1.807552e-300
-5.871865e+02 9.730525e-256 -1.011940e+02 1.127246e-44 -6.883805e+02 1.096869e-299
-5.860682e+02 2.977346e-255 -9.824676e+01 2.147703e-43 -6.843149e+02 6.394454e-298
-5.858077e+02 3.863097e-255 -1.133317e+02 6.035130e-50 -6.991394e+02 2.331429e-304
-5.854093e+02 5.754074e-255 -1.133317e+02 6.035027e-50 -6.987410e+02 3.472599e-304
-5.856751e+02 4.411206e-255 -1.200605e+02 7.217378e-53 -7.057356e+02 3.183734e-307
-5.889815e+02 1.616597e-256 -1.352783e+02 1.775721e-59 -7.242598e+02 2.870626e-315
-5.841387e+02 2.050111e-254 -1.367488e+02 4.080710e-60 -7.208876e+02 8.365908e-314
-5.839784e+02 2.406623e-254 -1.334474e+02 1.108025e-58 -7.174257e+02 2.666600e-312
-5.834894e+02 3.924521e-254 -1.307376e+02 1.664825e-57 -7.142270e+02 6.533641e-311
-5.836383e+02 3.381346e-254 -1.218470e+02 1.209233e-53 -7.054854e+02 4.088836e-307
-5.830437e+02 6.128482e-254 -1.227397e+02 4.952735e-54 -7.057833e+02 3.035275e-307
-5.814697e+02 2.957520e-253 -1.344846e+02 3.927207e-59 -7.159543e+02 1.161479e-311
-5.824893e+02 1.066824e-253 -1.331130e+02 1.548000e-58 -7.156023e+02 1.651443e-311
-5.826939e+02 8.694794e-254 -1.488647e+02 2.232987e-65 -7.315586e+02 1.941535e-318
-5.818293e+02 2.064091e-253 -1.410420e+02 5.574637e-62 -7.228714e+02 1.150656e-314
-5.815827e+02 2.641569e-253 -1.283053e+02 1.895500e-56 -7.098879e+02 5.007094e-309
-5.825683e+02 9.857969e-254 -1.359584e+02 8.995023e-60 -7.185268e+02 8.867265e-313
-5.833999e+02 4.291891e-254 -1.395018e+02 2.600905e-61 -7.229017e+02 1.116280e-314
-5.818869e+02 1.948544e-253 -1.421579e+02 1.826451e-62 -7.240448e+02 3.558920e-315
-5.820553e+02 1.646562e-253 -1.364417e+02 5.548056e-60 -7.184970e+02 9.135218e-313
-5.839852e+02 2.390333e-254 -1.395936e+02 2.372761e-61 -7.235788e+02 5.671689e-315
-5.820499e+02 1.655567e-253 -1.338362e+02 7.510664e-59 -7.158861e+02 1.243441e-311
-5.839010e+02 2.600209e-254 -1.195818e+02 1.164847e-52 -7.034829e+02 3.028846e-306
-5.833096e+02 4.697511e-254 -1.082831e+02 9.402939e-48 -6.915926e+02 4.417041e-301
-5.837220e+02 3.110085e-254 -9.270954e+01 5.454541e-41 -6.764315e+02 1.696409e-294
-5.845795e+02 1.319368e-254 -8.911142e+01 1.992525e-39 -6.736909e+02 2.628873e-293
-5.855395e+02 5.051583e-255 -8.062352e+01 9.675029e-36 -6.661630e+02 4.887422e-290
-5.865175e+02 1.899769e-255 -7.637862e+01 6.748175e-34 -6.628961e+02 1.281997e-288
-5.865243e+02 1.886781e-255 -8.281804e+01 1.077910e-36 -6.693424e+02 2.033780e-291
-5.869778e+02 1.198917e-255 -8.298664e+01 9.106651e-37 -6.699644e+02 1.091812e-291
-5.868776e+02 1.325284e-255 -9.513410e+01 4.828189e-42 -6.820117e+02 6.398723e-297
-5.887865e+02 1.964672e-256 -8.783504e+01 7.140453e-39 -6.766215e+02 1.402865e-294
-5.909606e+02 2.234037e-257 -8.924576e+01 1.742034e-39 -6.802063e+02 3.891769e-296
-5.900075e+02 5.794020e-257 -8.428825e+01 2.477875e-37 -6.742958e+02 1.435686e-293
-5.883388e+02 3.073953e-256 -8.076497e+01 8.398810e-36 -6.691038e+02 2.581755e-291
-5.891895e+02 1.312922e-256 -7.043984e+01 2.560752e-31 -6.596294e+02 3.362068e-287
-5.905850e+02 3.252302e-257 -7.883225e+01 5.802144e-35 -6.694173e+02 1.887032e-291
-5.875735e+02 6.607783e-256 -7.714206e+01 3.145053e-34 -6.647156e+02 2.078183e-289
-5.852514e+02 6.738285e-255 -7.732452e+01 2.620516e-34 -6.625759e+02 1.765778e-288
-5.858972e+02 3.532606e-255 -7.465049e+01 3.799299e-33 -6.605477e+02 1.342143e-287
-5.859642e+02 3.303601e-255 -8.037704e+01 1.237924e-35 -6.663412e+02 4.089607e-290
-5.856405e+02 4.566228e-255 -8.332008e+01 6.524521e-37 -6.689606e+02 2.979245e-291
-5.864927e+02 1.947452e-255 -9.560310e+01 3.020658e-42 -6.820958e+02 5.882587e-297
-5.870019e+02 1.170377e-255 -8.393153e+01 3.539966e-37 -6.709334e+02 4.143096e-292
-5.864151e+02 2.104636e-255 -8.133372e+01 4.755702e-36 -6.677488e+02 1.000902e-290
-5.867203e+02 1.550972e-255 -8.393783e+01 3.517735e-37 -6.706581e+02 5.455908e-292
-5.864661e+02 2.000003e-255 -9.089253e+01 3.356405e-40 -6.773586e+02 6.712820e-295
-5.858265e+02 3.791124e-255 -9.265990e+01 5.732167e-41 -6.784864e+02 2.173135e-295
-5.862039e+02 2.599403e-255 -8.310370e+01 8.100706e-37 -6.693076e+02 2.105700e-291
-5.855261e+02 5.119894e-255 -9.886715e+01 1.154890e-43 -6.843932e+02 5.912915e-298
-5.901320e+02 5.115871e-257 -9.880497e+01 1.228987e-43 -6.889370e+02 6.287340e-300
-5.879948e+02 4.336021e-256 -1.003217e+02 2.696832e-44 -6.883165e+02 1.169352e-299
-5.867891e+02 1.447928e-255 -9.984372e+01 4.349360e-44 -6.866328e+02 6.297559e-299
-5.869023e+02 1.292950e-255 -9.641354e+01 1.343171e-42 -6.833158e+02 1.736653e-297
-5.866557e+02 1.654567e-255 -1.037058e+02 9.143935e-46 -6.903615e+02 1.512925e-300
-5.889306e+02 1.700938e-256 -9.802818e+01 2.672413e-43 -6.869588e+02 4.545610e-299
-5.876525e+02 6.105991e-256 -9.921013e+01 8.195725e-44 -6.868626e+02 5.004303e-299
-5.873608e+02 8.174177e-256 -9.448899e+01 9.203503e-42 -6.818498e+02 7.523106e-297
-5.876687e+02 6.007866e-256 -9.695423e+01 7.821896e-43 -6.846229e+02 4.699290e-298
-5.875436e+02 6.808465e-256 -1.018270e+02 5.985519e-45 -6.893706e+02 4.075220e-300
-5.871168e+02 1.043338e-255 -1.019541e+02 5.271075e-45 -6.890709e+02 5.499515e-300
-5.877308e+02 5.646270e-256 -1.141490e+02 2.665215e-50 -7.018798e+02 1.504852e-305
-5.864494e+02 2.033641e-255 -1.072693e+02 2.591395e-47 -6.937187e+02 5.269969e-302
-5.865156e+02 1.903337e-255 -1.112888e+02 4.654820e-49 -6.978044e+02 8.859693e-304
-5.861617e+02 2.711482e-255 -1.191329e+02 1.824901e-52 -7.052946e+02 4.948186e-307
-5.877271e+02 5.666921e-256 -1.092401e+02 3.611166e-48 -6.969672e+02 2.046419e-303
-5.873821e+02 8.001903e-256 -1.076280e+02 1.810301e-47 -6.950101e+02 1.448585e-302
-5.867011e+02 1.581066e-255 -9.971220e+01 4.960695e-44 -6.864133e+02 7.843185e-299
-5.857955e+02 3.910760e-255 -1.071227e+02 3.000633e-47 -6.929181e+02 1.173476e-301
-5.852387e+02 6.824070e-255 -1.131229e+02 7.436439e-50 -6.983616e+02 5.074678e-304
-5.851167e+02 7.710182e-255 -1.224491e+02 6.622484e-54 -7.075658e+02 5.106055e-308
-5.861805e+02 2.661113e-255 -1.148320e+02 1.346194e-50 -7.010124e+02 3.582375e-305
-5.860255e+02 3.107146e-255 -1.185891e+02 3.143556e-52 -7.046146e+02 9.767489e-307
-5.850730e+02 8.053885e-255 -1.413716e+02 4.009630e-62 -7.264446e+02 3.229310e-316
-5.855078e+02 5.214427e-255 -1.466845e+02 1.975765e-64 -7.321923e+02 1.030250e-318
-5.848616e+02 9.949784e-255 -1.326201e+02 2.534020e-58 -7.174818e+02 2.521295e-312
-5.853717e+02 5.974191e-255 -1.358692e+02 9.834337e-60 -7.212410e+02 5.875221e-314
-5.847198e+02 1.146656e-254 -1.358095e+02 1.043910e-59 -7.205293e+02 1.197006e-313
-5.839624e+02 2.445307e-254 -1.472317e+02 1.143145e-64 -7.311941e+02 2.795339e-318
-5.856994e+02 4.305194e-255 -1.446212e+02 1.555275e-63 -7.303206e+02 6.695760e-318
-5.846405e+02 1.241208e-254 -1.483080e+02 3.896497e-65 -7.329485e+02 4.836359e-319
-5.846706e+02 1.204480e-254 -1.443313e+02 2.078256e-63 -7.290019e+02 2.503218e-317
-5.891039e+02 1.430304e-256 -1.377864e+02 1.445838e-60 -7.268903e+02 2.067988e-316
-5.848170e+02 1.040389e-254 -1.330777e+02 1.603571e-58 -7.178947e+02 1.668338e-312
-5.847355e+02 1.128780e-254 -1.403880e+02 1.072149e-61 -7.251235e+02 1.210220e-315
-5.841642e+02 1.998542e-254 -1.696144e+02 2.174625e-74 -7.537786e+02 0.000000e+00
-5.838048e+02 2.862756e-254 -1.576205e+02 3.518001e-69 -7.414253e+02 9.881313e-323
-5.846320e+02 1.251810e-254 -1.416314e+02 3.092203e-62 -7.262634e+02 3.870851e-316
-5.853727e+02 5.968430e-255 -1.465690e+02 2.217616e-64 -7.319417e+02 1.323567e-318
-5.844958e+02 1.434521e-254 -1.410421e+02 5.574266e-62 -7.255379e+02 7.996404e-316
-5.848010e+02 1.057223e-254 -1.409522e+02 6.098527e-62 -7.257532e+02 6.447500e-316
-5.852754e+02 6.578756e-255 -1.465310e+02 2.303551e-64 -7.318063e+02 1.515448e-318
-5.851489e+02 7.465204e-255 -1.409327e+02 6.218792e-62 -7.260816e+02 4.642455e-316
-5.860618e+02 2.996309e-255 -1.434325e+02 5.105565e-63 -7.294943e+02 1.529785e-317
-5.860237e+02 3.112811e-255 -1.321222e+02 4.169345e-58 -7.181458e+02 1.297838e-312
-5.855679e+02 4.910047e-255 -1.278531e+02 2.979229e-56 -7.134210e+02 1.462815e-310
-5.847848e+02 1.074405e-254 -1.268414e+02 8.193401e-56 -7.116263e+02 8.803028e-310
-5.875396e+02 6.835589e-256 -1.189039e+02 2.294527e-52 -7.064435e+02 1.568444e-307
-5.881768e+02 3.614617e-256 -1.200477e+02 7.310489e-53 -7.082245e+02 2.642462e-308
-5.863122e+02 2.332608e-255 -1.117196e+02 3.025529e-49 -6.980318e+02 7.057376e-304
-5.851211e+02 7.676134e-255 -1.168176e+02 1.848178e-51 -7.019387e+02 1.418686e-305
-5.864482e+02 2.036107e-255 -1.245614e+02 8.010665e-55 -7.110096e+02 1.631057e-309
-5.852590e+02 6.687292e-255 -1.322642e+02 3.617271e-58 -7.175232e+02 2.418975e-312
-5.823635e+02 1.209835e-253 -1.419235e+02 2.308899e-62 -7.242870e+02 2.793388e-315
-5.835129e+02 3.833340e-254 -1.515816e+02 1.475531e-66 -7.350945e+02 5.656064e-320
-5.833681e+02 4.430428e-254 -1.438960e+02 3.212032e-63 -7.272641e+02 1.423068e-316
-5.836578e+02 3.316037e-254 -1.561657e+02 1.506909e-68 -7.398236e+02 4.990063e-322
-5.851133e+02 7.736179e-255 -1.592713e+02 6.751033e-70 -7.443846e+02 4.940656e-324
-5.839882e+02 2.383127e-254 -1.537101e+02 1.756172e-67 -7.376983e+02 4.184736e-321
-5.831334e+02 5.602444e-254 -1.628384e+02 1.906169e-71 -7.459719e+02 0.000000e+00
-5.833923e+02 4.324782e-254 -1.635152e+02 9.688107e-72 -7.469075e+02 0.000000e+00
-5.835579e+02 3.664637e-254 -1.703046e+02 1.090512e-74 -7.538625e+02 0.000000e+00
-5.825435e+02 1.010634e-253 -1.658815e+02 9.090222e-73 -7.484250e+02 0.000000e+00
-5.827901e+02 7.897401e-254 -1.755793e+02 5.582936e-77 -7.583694e+02 0.000000e+00
-5.831580e+02 5.466404e-254 -1.764516e+02 2.333795e-77 -7.596095e+02 0.000000e+00
-5.847740e+02 1.086082e-254 -1.755351e+02 5.835511e-77 -7.603091e+02 0.000000e+00
-5.839645e+02 2.440176e-254 -1.785692e+02 2.807952e-78 -7.625337e+02 0.000000e+00
-5.834626e+02 4.030874e-254 -1.748634e+02 1.142300e-76 -7.583261e+02 0.000000e+00
-5.837632e+02 2.984425e-254 -1.731500e+02 6.337547e-76 -7.569132e+02 0.000000e+00
-5.835480e+02 3.700993e-254 -1.690382e+02 3.869352e-74 -7.525862e+02 0.000000e+00
-5.835531e+02 3.682143e-254 -1.587290e+02 1.161139e-69 -7.422821e+02 4.446591e-323
-5.849608e+02 9.010857e-255 -1.604902e+02 1.995293e-70 -7.454509e+02 0.000000e+00
-5.854741e+02 5.393001e-255 -1.524224e+02 6.365032e-67 -7.378965e+02 3.433756e-321
-5.869691e+02 1.209396e-255 -1.365316e+02 5.070948e-60 -7.235007e+02 6.132784e-315
-5.854571e+02 5.485401e-255 -1.403950e+02 1.064710e-61 -7.258521e+02 5.840361e-316
-5.862797e+02 2.409794e-255 -1.369951e+02 3.189896e-60 -7.232748e+02 7.686991e-315
-5.865960e+02 1.756219e-255 -1.451665e+02 9.015237e-64 -7.317626e+02 1.583273e-318
-5.857728e+02 4.000390e-255 -1.584934e+02 1.469619e-69 -7.442662e+02 4.940656e-324
-5.862961e+02 2.370452e-255 -1.741934e+02 2.232348e-76 -7.604895e+02 0.000000e+00
-5.861033e+02 2.874652e-255 -1.655542e+02 1.261068e-72 -7.516574e+02 0.000000e+00
-5.853908e+02 5.861379e-255 -1.779945e+02 4.988598e-78 -7.633853e+02 0.000000e+00
-5.826086e+02 9.468468e-254 -1.907180e+02 1.486671e-83 -7.733267e+02 0.000000e+00
-5.844755e+02 1.463921e-254 -2.032278e+02 5.486256e-89 -7.877033e+02 0.000000e+00
-5.853763e+02 5.947129e-255 -1.954116e+02 1.360945e-85 -7.807878e+02 0.000000e+00
-5.841131e+02 2.103231e-254 -2.133718e+02 2.156827e-93 -7.974849e+02 0.000000e+00
-5.831448e+02 5.538725e-254 -2.157978e+02 1.906379e-94 -7.989426e+02 0.000000e+00
-5.828915e+02 7.135892e-254 -1.957305e+02 9.893029e-86 -7.786220e+02 0.000000e+00
-5.842079e+02 1.913170e-254 -1.791533e+02 1.565651e-78 -7.633612e+02 0.000000e+00
-5.827043e+02 8.604724e-254 -1.865969e+02 9.162415e-82 -7.693012e+02 0.000000e+00
-5.826140e+02 9.418263e-254 -1.833309e+02 2.400939e-80 -7.659449e+02 0.000000e+00
-5.840728e+02 2.189769e-254 -1.709817e+02 5.541284e-75 -7.550545e+02 0.000000e+00
-5.846543e+02 1.224293e-254 -1.701092e+02 1.325893e-74 -7.547635e+02 0.000000e+00
-5.830373e+02 6.167702e-254 -1.604647e+02 2.046701e-70 -7.435020e+02 1.482197e-323
-5.843253e+02 1.701092e-254 -1.531737e+02 3.002648e-67 -7.374990e+02 5.108639e-321
-5.837431e+02 3.045177e-254 -1.573133e+02 4.782945e-69 -7.410564e+02 1.432790e-322
-5.875480e+02 6.778619e-256 -1.483479e+02 3.743865e-65 -7.358959e+02 2.538015e-320
-5.872091e+02 9.513645e-256 -1.578034e+02 2.930037e-69 -7.450124e+02 4.940656e-324
-5.855687e+02 4.906000e-255 -1.428075e+02 9.538324e-63 -7.283763e+02 4.679502e-317
-5.863453e+02 2.256672e-255 -1.533795e+02 2.444271e-67 -7.397248e+02 5.533535e-322
-5.858731e+02 3.618558e-255 -1.506734e+02 3.659011e-66 -7.365465e+02 1.324096e-320
-5.846116e+02 1.277619e-254 -1.519325e+02 1.038876e-66 -7.365441e+02 1.327060e-320
-5.840209e+02 2.306352e-254 -1.503657e+02 4.977407e-66 -7.343867e+02 1.147962e-319
-5.840025e+02 2.349374e-254 -1.496160e+02 1.053419e-65 -7.336185e+02 2.474874e-319
-5.840991e+02 2.132996e-254 -1.430185e+02 7.723996e-63 -7.271176e+02 1.647525e-316
-5.845663e+02 1.336817e-254 -1.413486e+02 4.102993e-62 -7.259149e+02 5.484950e-316
-5.852371e+02 6.835432e-255 -1.474933e+02 8.800232e-65 -7.327303e+02 6.015348e-319
-5.850247e+02 8.453065e-255 -1.440269e+02 2.817703e-63 -7.290516e+02 2.381822e-317
-5.855511e+02 4.993469e-255 -1.494696e+02 1.219542e-65 -7.350206e+02 6.089853e-320
-5.856989e+02 4.307428e-255 -1.586831e+02 1.215619e-69 -7.443820e+02 4.940656e-324
-5.842844e+02 1.772138e-254 -1.435407e+02 4.581936e-63 -7.278252e+02 8.119824e-317
-5.834566e+02 4.055275e-254 -1.412109e+02 4.708484e-62 -7.246675e+02 1.909420e-315
-5.853401e+02 6.166512e-255 -1.439751e+02 2.967723e-63 -7.293151e+02 1.830050e-317
-5.848325e+02 1.024379e-254 -1.427901e+02 9.706602e-63 -7.276226e+02 9.943241e-317
-5.840026e+02 2.348968e-254 -1.445908e+02 1.603360e-63 -7.285934e+02 3.766241e-317
-5.840660e+02 2.204809e-254 -1.432269e+02 6.271433e-63 -7.272928e+02 1.382731e-316
-5.871225e+02 1.037396e-255 -1.405513e+02 9.106536e-62 -7.276738e+02 9.447082e-317
-5.869008e+02 1.294908e-255 -1.548873e+02 5.411447e-68 -7.417880e+02 6.916919e-323
-5.866374e+02 1.684986e-255 -1.426009e+02 1.172747e-62 -7.292384e+02 1.976062e-317
-5.912359e+02 1.696285e-257 -1.514702e+02 1.649431e-66 -7.427061e+02 2.964394e-323
-5.911601e+02 1.829925e-257 -1.690558e+02 3.802032e-74 -7.602159e+02 0.000000e+00
-5.924567e+02 5.004286e-258 -1.682314e+02 8.670067e-74 -7.606881e+02 0.000000e+00
-5.892872e+02 1.190715e-256 -1.544876e+02 8.070157e-68 -7.437748e+02 9.881313e-324
-5.886901e+02 2.163392e-256 -1.508970e+02 2.925927e-66 -7.395871e+02 6.324040e-322
-5.863668e+02 2.208769e-255 -1.381325e+02 1.022899e-60 -7.244992e+02 2.259348e-315
-5.864971e+02 1.938954e-255 -1.445294e+02 1.704834e-63 -7.310264e+02 3.305596e-318
-5.862053e+02 2.595741e-255 -1.416323e+02 3.089262e-62 -7.278377e+02 8.018924e-317
-5.851009e+02 7.832730e-255 -1.347590e+02 2.984718e-59 -7.198599e+02 2.337849e-313
-5.857633e+02 4.038538e-255 -1.446366e+02 1.531562e-63 -7.303999e+02 6.185272e-318
-5.860174e+02 3.132499e-255 -1.447776e+02 1.330144e-63 -7.307949e+02 4.166673e-318
-5.860030e+02 3.177937e-255 -1.341727e+02 5.364416e-59 -7.201757e+02 1.704777e-313
-5.886936e+02 2.155762e-256 -1.455283e+02 6.278448e-64 -7.342220e+02 1.353493e-319
-5.898161e+02 7.016293e-257 -1.462881e+02 2.936952e-64 -7.361042e+02 2.060748e-320
-5.913067e+02 1.580368e-257 -1.266271e+02 1.015211e-55 -7.179338e+02 1.604407e-312
-5.921204e+02 7.004348e-258 -1.275335e+02 4.101059e-56 -7.196539e+02 2.872524e-313
-5.917452e+02 1.019314e-257 -1.313610e+02 8.925948e-58 -7.231062e+02 9.098344e-315
-5.872688e+02 8.961729e-256 -1.311932e+02 1.055688e-57 -7.184620e+02 9.460787e-313
-5.867420e+02 1.517711e-255 -1.392931e+02 3.204580e-61 -7.260351e+02 4.863628e-316
-5.870381e+02 1.128728e-255 -1.386282e+02 6.230852e-61 -7.256663e+02 7.032939e-316
-5.872512e+02 9.120846e-256 -1.381417e+02 1.013494e-60 -7.253929e+02 9.243927e-316
-5.872316e+02 9.301207e-256 -1.209341e+02 3.013019e-53 -7.081657e+02 2.802471e-308
-5.865436e+02 1.850829e-255 -1.194823e+02 1.286800e-52 -7.060258e+02 2.381646e-307
-5.871733e+02 9.859718e-256 -1.258173e+02 2.281691e-55 -7.129906e+02 2.249683e-310
-5.875219e+02 6.958085e-256 -1.123103e+02 1.675961e-49 -6.998322e+02 1.166148e-304
-5.869215e+02 1.268301e-255 -1.122544e+02 1.772215e-49 -6.991760e+02 2.247702e-304
-5.847169e+02 1.149910e-254 -1.099506e+02 1.774401e-48 -6.946676e+02 2.040401e-302
-5.853987e+02 5.815162e-255 -1.094505e+02 2.925928e-48 -6.948492e+02 1.701475e-302
-5.852695e+02 6.617194e-255 -1.074280e+02 2.211040e-47 -6.926976e+02 1.463088e-301
-5.862532e+02 2.474401e-255 -1.123826e+02 1.559113e-49 -6.986358e+02 3.857871e-304
-5.866964e+02 1.588564e-255 -1.029991e+02 1.853767e-45 -6.896955e+02 2.944827e-300
-5.883786e+02 2.954132e-256 -9.919980e+01 8.280873e-44 -6.875784e+02 2.446279e-299
-5.891866e+02 1.316819e-256 -9.484290e+01 6.460287e-42 -6.840295e+02 8.507027e-298
-5.888213e+02 1.897435e-256 -8.670521e+01 2.210073e-38 -6.755265e+02 4.193469e-294
-5.901603e+02 4.973399e-257 -9.085785e+01 3.474875e-40 -6.810181e+02 1.728194e-296
-5.902499e+02 4.547205e-257 -8.837294e+01 4.169853e-39 -6.786228e+02 1.896118e-295
-5.902379e+02 4.601939e-257 -9.440088e+01 1.005118e-41 -6.846388e+02 4.625493e-298
-5.890091e+02 1.572458e-256 -9.057974e+01 4.589023e-40 -6.795889e+02 7.216048e-296
-5.886849e+02 2.174726e-256 -8.725770e+01 1.271925e-38 -6.759426e+02 2.766089e-294
-5.881059e+02 3.880001e-256 -8.503160e+01 1.178268e-37 -6.731376e+02 4.571680e-293
-5.897021e+02 7.863487e-257 -8.343102e+01 5.839377e-37 -6.731332e+02 4.591786e-293
-5.897752e+02 7.309200e-257 -8.296685e+01 9.288684e-37 -6.727421e+02 6.789285e-293
-5.885483e+02 2.493057e-256 -8.705964e+01 1.550529e-38 -6.756079e+02 3.865557e-294
-5.889084e+02 1.739198e-256 -8.964601e+01 1.167440e-39 -6.785544e+02 2.030409e-295
-5.891800e+02 1.325524e-256 -7.877428e+01 6.148411e-35 -6.679543e+02 8.149869e-291
-5.881683e+02 3.645637e-256 -7.091226e+01 1.596602e-31 -6.590805e+02 5.820629e-287
-5.884831e+02 2.661032e-256 -7.665931e+01 5.096635e-34 -6.651424e+02 1.356231e-289
-5.880212e+02 4.223298e-256 -8.165105e+01 3.462575e-36 -6.696722e+02 1.462349e-291
-5.882439e+02 3.380188e-256 -8.449020e+01 2.024745e-37 -6.727341e+02 6.844019e-293
-5.882143e+02 3.481472e-256 -8.333614e+01 6.420550e-37 -6.715505e+02 2.235296e-292
-5.878370e+02 5.077263e-256 -9.720180e+01 6.106518e-43 -6.850388e+02 3.100440e-298
-5.864992e+02 1.934729e-255 -9.515355e+01 4.735220e-42 -6.816528e+02 9.161365e-297
-5.863152e+02 2.325635e-255 -1.141197e+02 2.744477e-50 -7.004349e+02 6.382653e-305
-5.857022e+02 4.293203e-255 -1.092325e+02 3.638573e-48 -6.949347e+02 1.562114e-302
-5.861743e+02 2.677477e-255 -9.980299e+01 4.530133e-44 -6.859773e+02 1.212933e-298
-5.869229e+02 1.266512e-255 -9.959135e+01 5.597921e-44 -6.865143e+02 7.089834e-299
-5.860727e+02 2.963930e-255 -1.009073e+02 1.501507e-44 -6.869800e+02 4.450361e-299
-5.867325e+02 1.532231e-255 -9.555709e+01 3.162870e-42 -6.822896e+02 4.846248e-297
-5.864717e+02 1.988818e-255 -9.223225e+01 8.791077e-41 -6.787039e+02 1.748385e-295
-5.872211e+02 9.399661e-256 -8.506433e+01 1.140325e-37 -6.722854e+02 1.071867e-292
-5.892604e+02 1.223141e-256 -8.357435e+01 5.059642e-37 -6.728347e+02 6.188657e-293
-5.883786e+02 2.954032e-256 -8.259604e+01 1.345845e-36 -6.709747e+02 3.975668e-292
-5.877102e+02 5.763702e-256 -8.296612e+01 9.295488e-37 -6.706763e+02 5.357642e-292
-5.876535e+02 6.100078e-256 -8.071010e+01 8.872561e-36 -6.683636e+02 5.412331e-291
-5.884563e+02 2.733165e-256 -7.620992e+01 7.988269e-34 -6.646662e+02 2.183326e-289
-5.887925e+02 1.952911e-256 -7.539932e+01 1.796771e-33 -6.641918e+02 3.508934e-289
-5.888776e+02 1.793480e-256 -7.059073e+01 2.202098e-31 -6.594684e+02 3.949418e-287
-5.898329e+02 6.899555e-257 -6.929322e+01 8.060027e-31 -6.591261e+02 5.561060e-287
-5.900007e+02 5.833724e-257 -7.134877e+01 1.031864e-31 -6.613495e+02 6.019608e-288
-5.901606e+02 4.971828e-257 -7.751206e+01 2.172400e-34 -6.676726e+02 1.080080e-290
-5.899287e+02 6.269517e-257 -8.041628e+01 1.190294e-35 -6.703449e+02 7.462567e-292
-5.913190e+02 1.561010e-257 -7.802733e+01 1.297656e-34 -6.693464e+02 2.025654e-291
-5.901981e+02 4.788619e-257 -7.565980e+01 1.384728e-33 -6.658579e+02 6.630935e-290
-5.898662e+02 6.673943e-257 -7.016992e+01 3.354229e-31 -6.600361e+02 2.238594e-287
-5.916995e+02 1.067046e-257 -7.674052e+01 4.699092e-34 -6.684400e+02 5.014147e-291
-5.914672e+02 1.346028e-257 -7.240870e+01 3.575218e-32 -6.638759e+02 4.812342e-289
-5.903551e+02 4.093150e-257 -7.714445e+01 3.137553e-34 -6.674995e+02 1.284247e-290
-5.930873e+02 2.663484e-258 -6.995177e+01 4.171884e-31 -6.630391e+02 1.111175e-288
-5.936945e+02 1.451321e-258 -6.618513e+01 1.803701e-29 -6.598796e+02 2.617749e-287
-5.937804e+02 1.331847e-258 -7.623679e+01 7.776474e-34 -6.700172e+02 1.035707e-291
-5.921411e+02 6.861248e-258 -7.240402e+01 3.591992e-32 -6.645451e+02 2.464555e-289
-5.923748e+02 5.431011e-258 -8.039305e+01 1.218271e-35 -6.727679e+02 6.616445e-293
-5.907872e+02 2.656894e-257 -8.869564e+01 3.019761e-39 -6.794829e+02 8.023185e-296
-5.903004e+02 4.322913e-257 -9.856465e+01 1.562842e-43 -6.888651e+02 6.756028e-300
-5.908239e+02 2.561076e-257 -1.074049e+02 2.262759e-47 -6.982289e+02 5.795098e-304
-5.911900e+02 1.776090e-257 -1.174844e+02 9.488208e-52 -7.086743e+02 1.685191e-308
-5.923569e+02 5.529404e-258 -1.155773e+02 6.388971e-51 -7.079341e+02 3.532720e-308
-5.927908e+02 3.582670e-258 -1.133334e+02 6.024787e-50 -7.061242e+02 2.158483e-307
-5.925592e+02 4.516698e-258 -1.139092e+02 3.387418e-50 -7.064684e+02 1.529994e-307
-5.917394e+02 1.025324e-257 -1.088627e+02 5.266638e-48 -7.006021e+02 5.400011e-305
-5.914001e+02 1.439475e-257 -1.175245e+02 9.114919e-52 -7.089246e+02 1.312070e-308
-5.923311e+02 5.673720e-258 -1.027435e+02 2.393667e-45 -6.950746e+02 1.358100e-302
-5.921287e+02 6.946511e-258 -1.012919e+02 1.022118e-44 -6.934206e+02 7.100156e-302
-5.907580e+02 2.735620e-257 -1.017673e+02 6.353477e-45 -6.925253e+02 1.738070e-301
-5.913839e+02 1.462951e-257 -9.235561e+01 7.770869e-41 -6.837395e+02 1.136840e-297
-5.921775e+02 6.616065e-258 -9.517879e+01 4.617202e-42 -6.873562e+02 3.054771e-299
-5.920363e+02 7.619251e-258 -8.839529e+01 4.077685e-39 -6.804316e+02 3.106890e-296
-5.939066e+02 1.173928e-258 -9.641782e+01 1.337429e-42 -6.903244e+02 1.570045e-300
-5.930907e+02 2.654455e-258 -7.700769e+01 3.597378e-34 -6.700984e+02 9.549076e-292
-5.952099e+02 3.188907e-259 -8.569040e+01 6.097251e-38 -6.809003e+02 1.944357e-296
-5.970241e+02 5.196540e-260 -8.014268e+01 1.564866e-35 -6.771668e+02 8.131889e-295
-5.941899e+02 8.843074e-259 -7.974023e+01 2.340234e-35 -6.739301e+02 2.069486e-293
-5.927524e+02 3.722984e-258 -7.367872e+01 1.004011e-32 -6.664311e+02 3.737917e-290
-5.931287e+02 2.555625e-258 -7.989901e+01 1.996649e-35 -6.730277e+02 5.102686e-293
-5.915448e+02 1.245514e-257 -7.866839e+01 6.835242e-35 -6.702132e+02 8.513389e-292
-5.927810e+02 3.618286e-258 -7.087725e+01 1.653493e-31 -6.636582e+02 5.982810e-289
-5.930786e+02 2.686702e-258 -7.232777e+01 3.876588e-32 -6.654064e+02 1.041524e-289
-5.918268e+02 9.394830e-258 -7.641599e+01 6.500671e-34 -6.682428e+02 6.107269e-291
-5.918076e+02 9.576882e-258 -6.853015e+01 1.728758e-30 -6.603378e+02 1.655611e-287
-5.915434e+02 1.247265e-257 -6.528669e+01 4.429463e-29 -6.568301e+02 5.524715e-286
-5.912423e+02 1.685575e-257 -6.210154e+01 1.070638e-27 -6.533438e+02 1.804639e-284
-5.917751e+02 9.892941e-258 -7.025641e+01 3.076288e-31 -6.620315e+02 3.043354e-288
-5.927047e+02 3.904942e-258 -6.712183e+01 7.069012e-30 -6.598265e+02 2.760408e-287
-5.927817e+02 3.615466e-258 -6.833983e+01 2.091165e-30 -6.611216e+02 7.560537e-288
-5.930036e+02 2.896082e-258 -6.777695e+01 3.671522e-30 -6.607805e+02 1.063303e-287
-5.928861e+02 3.257179e-258 -7.107891e+01 1.351519e-31 -6.639650e+02 4.402140e-289
-5.916370e+02 1.135875e-257 -7.212473e+01 4.749263e-32 -6.637617e+02 5.394571e-289
-5.914519e+02 1.366842e-257 -6.635355e+01 1.524118e-29 -6.578054e+02 2.083229e-286
-5.912449e+02 1.681207e-257 -6.227027e+01 9.044087e-28 -6.535151e+02 1.520498e-284
-5.909396e+02 2.281463e-257 -6.913083e+01 9.481184e-31 -6.600704e+02 2.163097e-287
-5.917455e+02 1.019047e-257 -6.149406e+01 1.965473e-27 -6.532396e+02 2.002910e-284
-5.922778e+02 5.984200e-258 -6.092713e+01 3.464856e-27 -6.532050e+02 2.073439e-284
-5.932429e+02 2.279806e-258 -5.906383e+01 2.233078e-26 -6.523067e+02 5.090984e-284
-5.921040e+02 7.120609e-258 -5.279240e+01 1.181818e-23 -6.448964e+02 8.415267e-281
-5.933464e+02 2.055517e-258 -4.995757e+01 2.012349e-22 -6.433040e+02 4.136419e-280
-5.931026e+02 2.623031e-258 -4.919905e+01 4.296574e-22 -6.423017e+02 1.127004e-279
-5.928878e+02 3.251713e-258 -4.555746e+01 1.639250e-20 -6.384452e+02 5.330371e-278
-5.943685e+02 7.396721e-259 -4.159071e+01 8.657299e-19 -6.359592e+02 6.403562e-277
-5.924405e+02 5.085991e-258 -4.431198e+01 5.695759e-20 -6.367524e+02 2.896858e-277
-5.917895e+02 9.751701e-258 -5.104804e+01 6.762695e-23 -6.428375e+02 6.594778e-280
-5.909444e+02 2.270430e-257 -4.625393e+01 8.169087e-21 -6.371983e+02 1.854734e-277
-5.903973e+02 3.923715e-257 -4.849078e+01 8.724122e-22 -6.388881e+02 3.423096e-278
-5.907267e+02 2.822676e-257 -5.220038e+01 2.136297e-23 -6.429271e+02 6.030073e-280
-5.906863e+02 2.939024e-257 -5.092566e+01 7.643066e-23 -6.416119e+02 2.246316e-279
-5.901569e+02 4.990111e-257 -5.892277e+01 2.571377e-26 -6.490797e+02 1.283146e-282
-5.904385e+02 3.765519e-257 -6.014076e+01 7.606775e-27 -6.505792e+02 2.864346e-283
-5.904827e+02 3.602745e-257 -5.769450e+01 8.782051e-26 -6.481772e+02 3.163949e-282
-5.900959e+02 5.304304e-257 -6.049289e+01 5.349014e-27 -6.505887e+02 2.837279e-283
-5.888415e+02 1.859487e-256 -5.896473e+01 2.465720e-26 -6.478062e+02 4.584973e-282
-5.884189e+02 2.837345e-256 -6.314442e+01 3.773337e-28 -6.515633e+02 1.070626e-283
-5.884771e+02 2.676857e-256 -6.388349e+01 1.801985e-28 -6.523606e+02 4.823656e-284
-5.886823e+02 2.180346e-256 -6.985169e+01 4.611015e-31 -6.585340e+02 1.005361e-286
-5.895479e+02 9.174850e-257 -6.894440e+01 1.142424e-30 -6.584923e+02 1.048157e-286
-5.884844e+02 2.657534e-256 -8.067289e+01 9.208923e-36 -6.691573e+02 2.447303e-291
-5.892525e+02 1.232795e-256 -7.462188e+01 3.909571e-33 -6.638744e+02 4.819700e-289
-5.900627e+02 5.483153e-257 -8.178226e+01 3.036812e-36 -6.718449e+02 1.665131e-292
-5.914687e+02 1.344065e-257 -8.106111e+01 6.246085e-36 -6.725298e+02 8.395144e-293
-5.897959e+02 7.159673e-257 -8.562984e+01 6.477897e-38 -6.754257e+02 4.637963e-294
-5.894088e+02 1.054403e-256 -9.361373e+01 2.208387e-41 -6.830225e+02 2.328530e-297
-5.902202e+02 4.683851e-257 -9.497633e+01 5.653352e-42 -6.851966e+02 2.647946e-298
-5.900884e+02 5.344139e-257 -9.360752e+01 2.222136e-41 -6.836959e+02 1.187540e-297
-5.904817e+02 3.606266e-257 -9.199549e+01 1.113948e-40 -6.824772e+02 4.017191e-297
-5.905039e+02 3.527048e-257 -8.811559e+01 5.393678e-39 -6.786195e+02 1.902376e-295
-5.910508e+02 2.041233e-257 -8.418163e+01 2.756646e-37 -6.752324e+02 5.626957e-294
-5.907709e+02 2.700478e-257 -7.856070e+01 7.612374e-35 -6.693316e+02 2.055705e-291
-5.891545e+02 1.359728e-256 -8.412585e+01 2.914801e-37 -6.732803e+02 3.963336e-293
-5.898388e+02 6.859300e-257 -8.264625e+01 1.279938e-36 -6.724850e+02 8.779478e-293
-5.875851e+02 6.532064e-256 -8.941247e+01 1.474543e-39 -6.769975e+02 9.631813e-295
-5.875785e+02 6.575264e-256 -9.661539e+01 1.097659e-42 -6.841939e+02 7.217399e-298
-5.875190e+02 6.978125e-256 -1.023789e+02 3.446780e-45 -6.898979e+02 2.405206e-300
-5.876648e+02 6.031293e-256 -9.447494e+01 9.333754e-42 -6.821398e+02 5.629460e-297
-5.887219e+02 2.095704e-256 -9.178294e+01 1.377765e-40 -6.805048e+02 2.887387e-296
-5.861192e+02 2.829103e-255 -9.791511e+01 2.992333e-43 -6.840343e+02 8.465620e-298
-5.877868e+02 5.338565e-256 -1.000311e+02 3.606211e-44 -6.878179e+02 1.925199e-299
-5.868198e+02 1.404130e-255 -9.666749e+01 1.041943e-42 -6.834873e+02 1.463024e-297
-5.877909e+02 5.317121e-256 -9.303338e+01 3.945634e-41 -6.808242e+02 2.097941e-296
-5.904790e+02 3.615938e-257 -8.477736e+01 1.519355e-37 -6.752564e+02 5.493894e-294
-5.889032e+02 1.748204e-256 -8.432072e+01 2.398711e-37 -6.732239e+02 4.193436e-293
-5.868617e+02 1.346528e-255 -8.983629e+01 9.651460e-40 -6.766980e+02 1.299597e-294
-5.874221e+02 7.688545e-256 -8.154593e+01 3.846380e-36 -6.689680e+02 2.957307e-291
-5.896527e+02 8.262419e-257 -7.996861e+01 1.862401e-35 -6.696213e+02 1.538794e-291
-5.894705e+02 9.912838e-257 -6.650233e+01 1.313430e-29 -6.559729e+02 1.301982e-285
-5.890840e+02 1.459004e-256 -6.744003e+01 5.142436e-30 -6.565241e+02 7.502836e-286
-5.885643e+02 2.453543e-256 -6.676205e+01 1.012998e-29 -6.553263e+02 2.485434e-285
-5.902378e+02 4.602307e-257 -6.162553e+01 1.723350e-27 -6.518633e+02 7.931387e-284
-5.891287e+02 1.395308e-256 -6.509444e+01 5.368404e-29 -6.542231e+02 7.490577e-285
-5.908438e+02 2.510697e-257 -7.130416e+01 1.078942e-31 -6.621480e+02 2.708895e-288
-5.926509e+02 4.120746e-258 -6.109066e+01 2.942149e-27 -6.537416e+02 1.212385e-284
-5.914350e+02 1.390099e-257 -6.295211e+01 4.573465e-28 -6.543871e+02 6.357569e-285
-5.896499e+02 8.284980e-257 -6.732345e+01 5.778276e-30 -6.569734e+02 4.787290e-286
-5.895667e+02 9.004059e-257 -6.322043e+01 3.497170e-28 -6.527871e+02 3.148872e-284
-5.904297e+02 3.798901e-257 -5.894711e+01 2.509546e-26 -6.493768e+02 9.533517e-283
-5.903595e+02 4.074951e-257 -5.401963e+01 3.463972e-24 -6.443791e+02 1.411552e-280
-5.895535e+02 9.123383e-257 -5.646183e+01 3.012570e-25 -6.460154e+02 2.748483e-281
-5.904601e+02 3.685081e-257 -5.478283e+01 1.614808e-24 -6.452429e+02 5.950699e-281
-5.913390e+02 1.530079e-257 -5.069281e+01 9.646986e-23 -6.420319e+02 1.476065e-279
-5.908043e+02 2.611896e-257 -4.600086e+01 1.052160e-20 -6.368051e+02 2.748131e-277
-5.918287e+02 9.377268e-258 -4.787543e+01 1.614220e-21 -6.397041e+02 1.513698e-278
-5.939113e+02 1.168465e-258 -4.729469e+01 2.885205e-21 -6.412060e+02 3.371261e-279
-5.941687e+02 9.032739e-259 -4.394290e+01 8.238344e-20 -6.381116e+02 7.441480e-278
-5.934851e+02 1.789277e-258 -4.950456e+01 3.165497e-22 -6.429897e+02 5.663951e-280
-5.960035e+02 1.441979e-259 -5.371915e+01 4.678096e-24 -6.497227e+02 6.745718e-283
-5.928637e+02 3.330877e-258 -5.525382e+01 1.008259e-24 -6.481175e+02 3.358385e-282
-5.912734e+02 1.633931e-257 -5.684805e+01 2.047414e-25 -6.481214e+02 3.345334e-282
-5.918798e+02 8.909807e-258 -6.707282e+01 7.424139e-30 -6.589526e+02 6.614765e-287
-5.911633e+02 1.824149e-257 -6.217114e+01 9.986559e-28 -6.533344e+02 1.821697e-284
-5.909201e+02 2.326213e-257 -5.977718e+01 1.094211e-26 -6.506973e+02 2.545369e-283
-5.906860e+02 2.940007e-257 -6.218991e+01 9.800859e-28 -6.528759e+02 2.881460e-284
-5.889964e+02 1.592553e-256 -6.729497e+01 5.945184e-30 -6.562914e+02 9.468022e-286
-5.885533e+02 2.480496e-256 -6.960913e+01 5.876777e-31 -6.581625e+02 1.457732e-286
-5.872632e+02 9.011965e-256 -7.439533e+01 4.903648e-33 -6.616586e+02 4.419151e-288
-5.870460e+02 1.119843e-255 -8.641092e+01 2.966305e-38 -6.734569e+02 3.321797e-293
-5.855458e+02 5.019630e-255 -8.044568e+01 1.155806e-35 -6.659915e+02 5.801719e-290
-5.868324e+02 1.386578e-255 -8.117210e+01 5.589895e-36 -6.680045e+02 7.750826e-291
-5.869428e+02 1.241618e-255 -9.033268e+01 5.875117e-40 -6.772755e+02 7.294648e-295
-5.875757e+02 6.593270e-256 -1.041962e+02 5.599457e-46 -6.917720e+02 3.691873e-301
-5.885883e+02 2.395314e-256 -9.981341e+01 4.483176e-44 -6.884017e+02 1.073861e-299
-5.866863e+02 1.604670e-255 -8.790717e+01 6.643553e-39 -6.745935e+02 1.066071e-293
-5.863403e+02 2.267918e-255 -7.926017e+01 3.782227e-35 -6.656005e+02 8.577782e-290
-5.863224e+02 2.308875e-255 -7.804519e+01 1.274684e-34 -6.643676e+02 2.943086e-289
-5.857786e+02 3.977269e-255 -6.746506e+01 5.015297e-30 -6.532437e+02 1.994718e-284
-5.897448e+02 7.534844e-257 -6.748221e+01 4.930017e-30 -6.572270e+02 3.714691e-286
-5.869957e+02 1.177610e-255 -6.786101e+01 3.375491e-30 -6.548567e+02 3.975011e-285
-5.875718e+02 6.619287e-256 -6.876444e+01 1.367675e-30 -6.563362e+02 9.053036e-286
-5.872686e+02 8.964046e-256 -8.040981e+01 1.198020e-35 -6.676784e+02 1.073911e-290
-5.871186e+02 1.041403e-255 -7.590238e+01 1.086467e-33 -6.630210e+02 1.131450e-288
-5.874111e+02 7.773299e-256 -7.943479e+01 3.176196e-35 -6.668459e+02 2.468952e-290
-5.860356e+02 3.075770e-255 -8.246997e+01 1.526680e-36 -6.685056e+02 4.695718e-291
-5.857856e+02 3.949625e-255 -8.418714e+01 2.741506e-37 -6.699727e+02 1.082792e-291
-5.859980e+02 3.193897e-255 -7.489611e+01 2.971897e-33 -6.608941e+02 9.491933e-288
-5.855573e+02 4.962451e-255 -7.735248e+01 2.548273e-34 -6.629098e+02 1.264568e-288
-5.863113e+02 2.334737e-255 -6.636549e+01 1.506032e-29 -6.526768e+02 3.516189e-284
-5.865378e+02 1.861477e-255 -6.322935e+01 3.466102e-28 -6.497672e+02 6.452067e-283
-5.862640e+02 2.447876e-255 -6.642538e+01 1.418483e-29 -6.526894e+02 3.472272e-284
-5.868032e+02 1.427656e-255 -6.503790e+01 5.680667e-29 -6.518411e+02 8.110036e-284
-5.872007e+02 9.593340e-256 -6.440824e+01 1.066246e-28 -6.516090e+02 1.022886e-283
-5.875559e+02 6.725231e-256 -6.420049e+01 1.312442e-28 -6.517564e+02 8.826476e-284
-5.867427e+02 1.516603e-255 -6.689026e+01 8.911067e-30 -6.536330e+02 1.351455e-284
-5.871678e+02 9.914021e-256 -7.479821e+01 3.277570e-33 -6.619660e+02 3.249390e-288
-5.871959e+02 9.639182e-256 -7.161702e+01 7.890837e-32 -6.588130e+02 7.606122e-287
-5.892574e+02 1.226779e-256 -6.844292e+01 1.886323e-30 -6.577003e+02 2.314102e-286
-5.874312e+02 7.618430e-256 -5.996772e+01 9.043743e-27 -6.473989e+02 6.889913e-282
-5.869796e+02 1.196720e-255 -6.175286e+01 1.517302e-27 -6.487325e+02 1.815786e-282
-5.865996e+02 1.749989e-255 -5.557543e+01 7.309630e-25 -6.421750e+02 1.279177e-279
-5.872263e+02 9.350700e-256 -5.814674e+01 5.587155e-26 -6.453731e+02 5.224381e-281
-5.888991e+02 1.755399e-256 -6.112827e+01 2.833534e-27 -6.500274e+02 4.973981e-283
-5.860753e+02 2.956257e-255 -6.784770e+01 3.420715e-30 -6.539230e+02 1.011251e-284
-5.866799e+02 1.614910e-255 -5.896681e+01 2.460594e-26 -6.456467e+02 3.973638e-281
-5.866444e+02 1.673334e-255 -5.668278e+01 2.415365e-25 -6.433272e+02 4.041712e-280
-5.866080e+02 1.735322e-255 -5.258099e+01 1.460052e-23 -6.391890e+02 2.533660e-278
-5.870795e+02 1.082985e-255 -5.225405e+01 2.024677e-23 -6.393335e+02 2.192696e-278
-5.865568e+02 1.826462e-255 -5.163719e+01 3.751913e-23 -6.381940e+02 6.852727e-278
-5.862579e+02 2.462920e-255 -5.040890e+01 1.281426e-22 -6.366667e+02 3.156050e-277
-5.864943e+02 1.944284e-255 -5.211726e+01 2.321451e-23 -6.386116e+02 4.513561e-278
-5.863762e+02 2.188064e-255 -5.286121e+01 1.103232e-23 -6.392374e+02 2.413942e-278
-5.869066e+02 1.287404e-255 -4.953757e+01 3.062730e-22 -6.364441e+02 3.942971e-277
-5.855648e+02 4.925449e-255 -5.635893e+01 3.339081e-25 -6.419237e+02 1.644647e-279
-5.856081e+02 4.716483e-255 -5.841851e+01 4.257572e-26 -6.440266e+02 2.008076e-280
-5.860554e+02 3.015514e-255 -6.972282e+01 5.245221e-31 -6.557782e+02 1.581703e-285
-5.861901e+02 2.635477e-255 -7.235823e+01 3.760261e-32 -6.585484e+02 9.910080e-287
-5.860787e+02 2.946152e-255 -6.973463e+01 5.183618e-31 -6.558133e+02 1.527173e-285
-5.855551e+02 4.973340e-255 -6.708875e+01 7.306788e-30 -6.526439e+02 3.633914e-284
-5.857771e+02 3.983074e-255 -6.598197e+01 2.210009e-29 -6.517591e+02 8.802631e-284
-5.852544e+02 6.718370e-255 -7.079648e+01 1.792575e-31 -6.560508e+02 1.204319e-285
-5.867767e+02 1.465927e-255 -7.305224e+01 1.878515e-32 -6.598290e+02 2.753765e-287
-5.855068e+02 5.219310e-255 -6.708386e+01 7.342623e-30 -6.525907e+02 3.832343e-284
-5.860691e+02 2.974451e-255 -7.421199e+01 5.890378e-33 -6.602811e+02 1.752064e-287
-5.849404e+02 9.196387e-255 -7.423557e+01 5.753083e-33 -6.591760e+02 5.290758e-287
-5.864491e+02 2.034247e-255 -7.835127e+01 9.385917e-35 -6.648003e+02 1.909328e-289
-5.860161e+02 3.136381e-255 -7.678712e+01 4.485151e-34 -6.628033e+02 1.406714e-288
-5.863393e+02 2.270361e-255 -6.883334e+01 1.276619e-30 -6.551726e+02 2.898384e-285
-5.860296e+02 3.094458e-255 -7.386003e+01 8.375239e-33 -6.598896e+02 2.591682e-287
-5.854442e+02 5.556648e-255 -8.192757e+01 2.626077e-36 -6.673718e+02 1.459218e-290
-5.852132e+02 7.000464e-255 -8.827859e+01 4.582414e-39 -6.734918e+02 3.207902e-293
-5.848663e+02 9.903653e-255 -8.694850e+01 1.732796e-38 -6.718148e+02 1.716101e-292
-5.847429e+02 1.120406e-254 -8.907247e+01 2.071646e-39 -6.738154e+02 2.321085e-293
-5.848561e+02 1.000553e-254 -9.014294e+01 7.102612e-40 -6.749990e+02 7.106542e-294
-5.851025e+02 7.819815e-255 -8.268771e+01 1.227962e-36 -6.677902e+02 9.602439e-291
-5.856492e+02 4.526674e-255 -8.942989e+01 1.449073e-39 -6.750791e+02 6.559483e-294
-5.852148e+02 6.989342e-255 -8.891308e+01 2.429636e-39 -6.741279e+02 1.698156e-293
-5.861737e+02 2.679052e-255 -8.666143e+01 2.308976e-38 -6.728352e+02 6.185868e-293
-5.844175e+02 1.551338e-254 -8.704253e+01 1.577281e-38 -6.714600e+02 2.446896e-292
-5.851546e+02 7.422957e-255 -7.976050e+01 2.293268e-35 -6.649151e+02 1.702283e-289
-5.850337e+02 8.376994e-255 -7.488318e+01 3.010560e-33 -6.599169e+02 2.521944e-287
-5.848415e+02 1.015267e-254 -7.881853e+01 5.882313e-35 -6.636600e+02 5.972116e-289
-5.871135e+02 1.046808e-255 -7.466991e+01 3.726231e-33 -6.617834e+02 3.900651e-288
-5.860682e+02 2.977280e-255 -7.354965e+01 1.142337e-32 -6.596178e+02 3.401057e-287
-5.872124e+02 9.482236e-256 -7.099613e+01 1.468160e-31 -6.582085e+02 1.392144e-286
-5.863537e+02 2.237720e-255 -7.498172e+01 2.728063e-33 -6.613355e+02 6.104642e-288
-5.871108e+02 1.049586e-255 -7.568436e+01 1.351136e-33 -6.627952e+02 1.418134e-288
-5.884310e+02 2.803268e-256 -7.697693e+01 3.709756e-34 -6.654079e+02 1.039944e-289
-5.877484e+02 5.547859e-256 -7.680992e+01 4.384072e-34 -6.645583e+02 2.432222e-289
-5.889498e+02 1.668643e-256 -7.227925e+01 4.069316e-32 -6.612290e+02 6.790235e-288
-5.882849e+02 3.244297e-256 -7.240043e+01 3.604900e-32 -6.606853e+02 1.169536e-287
-5.869852e+02 1.190061e-255 -7.444367e+01 4.672238e-33 -6.614289e+02 5.560247e-288
-5.876963e+02 5.844538e-256 -7.623128e+01 7.819407e-34 -6.639276e+02 4.570082e-289
-5.873705e+02 8.095511e-256 -7.120265e+01 1.194211e-31 -6.585731e+02 9.667748e-287
-5.875194e+02 6.975269e-256 -7.776466e+01 1.687474e-34 -6.652841e+02 1.177059e-289
-5.873510e+02 8.254384e-256 -8.313663e+01 7.838298e-37 -6.704877e+02 6.470032e-292
-5.857866e+02 3.945713e-255 -8.483864e+01 1.429049e-37 -6.706252e+02 5.638616e-292
-5.886831e+02 2.178710e-256 -8.298280e+01 9.141682e-37 -6.716659e+02 1.991708e-292
-5.879048e+02 4.744513e-256 -8.288797e+01 1.005106e-36 -6.707928e+02 4.768740e-292
-5.863216e+02 2.310794e-255 -8.033682e+01 1.288737e-35 -6.666584e+02 2.978005e-290
-5.929413e+02 3.082247e-258 -7.273948e+01 2.568292e-32 -6.656808e+02 7.916110e-290
-5.885726e+02 2.433156e-256 -6.721564e+01 6.436014e-30 -6.557882e+02 1.565983e-285
-5.881647e+02 3.658713e-256 -6.505817e+01 5.566650e-29 -6.532228e+02 2.036677e-284
-5.892598e+02 1.223767e-256 -7.456907e+01 4.121567e-33 -6.638289e+02 5.043839e-289
-5.885804e+02 2.414288e-256 -7.385978e+01 8.377356e-33 -6.624402e+02 2.022535e-288
-5.884894e+02 2.644208e-256 -6.946541e+01 6.785083e-31 -6.579548e+02 1.794117e-286
-5.889381e+02 1.688206e-256 -6.995826e+01 4.144890e-31 -6.588964e+02 6.997430e-287
-5.894691e+02 9.927314e-257 -6.828552e+01 2.207890e-30 -6.577546e+02 2.191841e-286
-5.899349e+02 6.230618e-257 -6.179217e+01 1.458818e-27 -6.517271e+02 9.089336e-284
-5.905188e+02 3.474951e-257 -5.621504e+01 3.855818e-25 -6.467338e+02 1.339878e-281
-5.910170e+02 2.111441e-257 -5.430230e+01 2.611021e-24 -6.453193e+02 5.513019e-281
-5.926233e+02 4.236286e-258 -5.135204e+01 4.989908e-23 -6.439753e+02 2.113868e-280
-5.950212e+02 3.851015e-259 -5.252179e+01 1.549083e-23 -6.475430e+02 5.965542e-282
-5.950682e+02 3.674079e-259 -5.307993e+01 8.864968e-24 -6.481482e+02 3.257060e-282
-5.919556e+02 8.259506e-258 -5.493024e+01 1.393482e-24 -6.468858e+02 1.150947e-281
-5.930369e+02 2.801314e-258 -5.298060e+01 9.790761e-24 -6.460175e+02 2.742699e-281
-5.934873e+02 1.785486e-258 -4.566964e+01 1.465305e-20 -6.391569e+02 2.616281e-278
-5.927532e+02 3.720261e-258 -5.211236e+01 2.332871e-23 -6.448655e+02 8.678889e-281
-5.926755e+02 4.020697e-258 -4.674635e+01 4.992479e-21 -6.394219e+02 2.007324e-278
-5.924269e+02 5.155646e-258 -5.121467e+01 5.724682e-23 -6.436415e+02 2.951444e-280
-5.913811e+02 1.467120e-257 -5.509922e+01 1.176825e-24 -6.464803e+02 1.726542e-281
-5.916246e+02 1.150011e-257 -5.218562e+01 2.168062e-23 -6.438102e+02 2.493294e-280
-5.916280e+02 1.146089e-257 -5.147145e+01 4.428251e-23 -6.430995e+02 5.075169e-280
-5.940635e+02 1.003431e-258 -4.901044e+01 5.188428e-22 -6.430740e+02 5.206228e-280
-5.937214e+02 1.412773e-258 -5.255199e+01 1.503013e-23 -6.462734e+02 2.123417e-281
-5.942968e+02 7.946893e-259 -4.467838e+01 3.948458e-20 -6.389751e+02 3.137797e-278
-5.950897e+02 3.595967e-259 -4.032357e+01 3.073943e-18 -6.354133e+02 1.105380e-276
-5.954958e+02 2.395865e-259 -4.032992e+01 3.054475e-18 -6.358257e+02 7.318111e-277
-5.943512e+02 7.525527e-259 -3.978806e+01 5.251294e-18 -6.341393e+02 3.951876e-276
-5.935631e+02 1.655112e-258 -4.132925e+01 1.124431e-18 -6.348923e+02 1.861059e-276
-5.935672e+02 1.648347e-258 -4.320357e+01 1.725552e-19 -6.367708e+02 2.844308e-277
-5.930690e+02 2.712594e-258 -4.846286e+01 8.971105e-22 -6.415319e+02 2.433497e-279
-5.925335e+02 4.634255e-258 -4.340845e+01 1.405884e-19 -6.359419e+02 6.515225e-277
-5.929554e+02 3.038978e-258 -4.495345e+01 2.998923e-20 -6.379089e+02 9.113663e-278
-5.918995e+02 8.735821e-258 -4.105437e+01 1.480176e-18 -6.329539e+02 1.293056e-275
-5.912096e+02 1.741611e-257 -4.569057e+01 1.434959e-20 -6.369001e+02 2.499141e-277
-5.912153e+02 1.731701e-257 -4.726718e+01 2.965681e-21 -6.384824e+02 5.135674e-278
-5.944324e+02 6.938877e-259 -4.477608e+01 3.580916e-20 -6.392085e+02 2.484754e-278
-5.934259e+02 1.898552e-258 -5.025511e+01 1.494449e-22 -6.436810e+02 2.837289e-280
-5.914071e+02 1.429396e-257 -5.083791e+01 8.344026e-23 -6.422450e+02 1.192691e-279
-5.890224e+02 1.551741e-256 -5.650620e+01 2.881836e-25 -6.455286e+02 4.471864e-281
-5.899023e+02 6.437106e-257 -5.672974e+01 2.304560e-25 -6.466320e+02 1.483470e-281
-5.905719e+02 3.295164e-257 -6.736709e+01 5.531515e-30 -6.579390e+02 1.822725e-286
-5.904853e+02 3.593236e-257 -6.713489e+01 6.977320e-30 -6.576202e+02 2.507116e-286
-5.911346e+02 1.877260e-257 -6.690458e+01 8.784318e-30 -6.580391e+02 1.649045e-286
-5.915772e+02 1.205809e-257 -6.802282e+01 2.871207e-30 -6.596000e+02 3.462128e-287
-5.914353e+02 1.389712e-257 -6.691499e+01 8.693428e-30 -6.583503e+02 1.208136e-286
-5.898410e+02 6.844174e-257 -6.548648e+01 3.627284e-29 -6.553275e+02 2.482576e-285
-5.903855e+02 3.970558e-257 -6.970656e+01 5.331220e-31 -6.600920e+02 2.116792e-287
-5.900732e+02 5.425954e-257 -7.849091e+01 8.162661e-35 -6.685641e+02 4.429022e-291
-5.889541e+02 1.661398e-256 -9.577148e+01 2.552553e-42 -6.847256e+02 4.240808e-298
-5.901946e+02 4.805558e-257 -9.933572e+01 7.228444e-44 -6.895303e+02 3.473671e-300
-5.890196e+02 1.556079e-256 -9.985716e+01 4.291276e-44 -6.888768e+02 6.677567e-300
-5.897226e+02 7.704063e-257 -8.779409e+01 7.438911e-39 -6.775167e+02 5.730984e-295
-5.901325e+02 5.113423e-257 -8.955955e+01 1.272864e-39 -6.796920e+02 6.508690e-296
-5.906553e+02 3.031673e-257 -8.579182e+01 5.509160e-38 -6.764471e+02 1.670197e-294
-5.908590e+02 2.472776e-257 -8.668450e+01 2.256306e-38 -6.775435e+02 5.579340e-295
-5.905145e+02 3.489920e-257 -8.658780e+01 2.485408e-38 -6.771023e+02 8.673876e-295
-5.910928e+02 1.957320e-257 -8.493903e+01 1.292551e-37 -6.760318e+02 2.529936e-294
-5.903943e+02 3.935639e-257 -8.674980e+01 2.113682e-38 -6.771441e+02 8.318690e-295
-5.910489e+02 2.045054e-257 -8.629567e+01 3.328628e-38 -6.773446e+02 6.807224e-295
-5.915147e+02 1.283593e-257 -7.939314e+01 3.311291e-35 -6.709078e+02 4.250350e-292
-5.919354e+02 8.427679e-258 -8.046259e+01 1.136430e-35 -6.723980e+02 9.577468e-293
-5.911091e+02 1.925693e-257 -8.723876e+01 1.296253e-38 -6.783478e+02 2.496185e-295
-5.908478e+02 2.500767e-257 -8.425376e+01 2.564828e-37 -6.751015e+02 6.414036e-294
-5.910553e+02 2.032155e-257 -8.807674e+01 5.607357e-39 -6.791320e+02 1.139502e-295
-5.912710e+02 1.637874e-257 -8.896505e+01 2.306577e-39 -6.802360e+02 3.777882e-296
-5.907319e+02 2.807852e-257 -8.368102e+01 4.547713e-37 -6.744130e+02 1.276930e-293
-5.907775e+02 2.682924e-257 -7.850009e+01 8.088080e-35 -6.692775e+02 2.169970e-291
-5.913564e+02 1.503784e-257 -7.959935e+01 2.694280e-35 -6.709557e+02 4.051616e-292
-5.895796e+02 8.888849e-257 -8.458657e+01 1.838728e-37 -6.741661e+02 1.634417e-293
-5.895230e+02 9.406040e-257 -9.860059e+01 1.507683e-43 -6.881236e+02 1.418132e-299
-5.895365e+02 9.280403e-257 -9.808001e+01 2.537418e-43 -6.876165e+02 2.354826e-299
-5.880878e+02 3.951058e-256 -9.081785e+01 3.616681e-40 -6.789056e+02 1.428972e-295
-5.862194e+02 2.559426e-255 -8.935620e+01 1.559901e-39 -6.755756e+02 3.992451e-294
-5.869668e+02 1.212155e-255 -8.935121e+01 1.567702e-39 -6.763180e+02 1.900298e-294
-5.863380e+02 2.273292e-255 -8.867627e+01 3.078831e-39 -6.750142e+02 6.999082e-294
-5.863684e+02 2.205202e-255 -8.769534e+01 8.211041e-39 -6.740637e+02 1.810700e-293
-5.870403e+02 1.126203e-255 -8.138386e+01 4.523109e-36 -6.684242e+02 5.093938e-291
-5.852990e+02 6.425007e-255 -7.829615e+01 9.917794e-35 -6.635951e+02 6.372189e-289
-5.848139e+02 1.043627e-254 -7.967534e+01 2.497116e-35 -6.644893e+02 2.606056e-289
-5.876277e+02 6.259396e-256 -8.051437e+01 1.079083e-35 -6.681421e+02 6.754408e-291
-5.869873e+02 1.187607e-255 -8.747590e+01 1.022582e-38 -6.744632e+02 1.214426e-293
-5.854840e+02 5.339831e-255 -8.261873e+01 1.315658e-36 -6.681027e+02 7.025393e-291
-5.879377e+02 4.590886e-256 -7.727776e+01 2.745974e-34 -6.652155e+02 1.260645e-289
-5.872559e+02 9.078175e-256 -8.528771e+01 9.120502e-38 -6.725436e+02 8.279752e-293
-5.841781e+02 1.970895e-254 -8.675654e+01 2.099486e-38 -6.709347e+02 4.137865e-292
-5.835687e+02 3.625324e-254 -8.244898e+01 1.559060e-36 -6.660177e+02 5.652096e-290
-5.839828e+02 2.395950e-254 -8.171502e+01 3.248015e-36 -6.656979e+02 7.782082e-290
-5.838341e+02 2.780307e-254 -7.679865e+01 4.433743e-34 -6.606327e+02 1.232716e-287
-5.839960e+02 2.364529e-254 -8.060623e+01 9.843719e-36 -6.646023e+02 2.327576e-289
-5.839047e+02 2.590562e-254 -8.418416e+01 2.749678e-37 -6.680889e+02 7.123211e-291
-5.841044e+02 2.121768e-254 -8.522273e+01 9.732839e-38 -6.693271e+02 2.065083e-291
-5.836514e+02 3.337345e-254 -8.410512e+01 2.975848e-37 -6.677566e+02 9.931433e-291
-5.835282e+02 3.775096e-254 -9.275675e+01 5.203000e-41 -6.762849e+02 1.964183e-294
-5.838646e+02 2.696790e-254 -9.684682e+01 8.708858e-43 -6.807114e+02 2.348596e-296
-5.829459e+02 6.758048e-254 -1.004886e+02 2.282209e-44 -6.834345e+02 1.542328e-297
-5.832693e+02 4.890743e-254 -1.040860e+02 6.252317e-46 -6.873552e+02 3.057848e-299
-5.843319e+02 1.690029e-254 -1.043440e+02 4.830098e-46 -6.886759e+02 8.163007e-300
-5.847550e+02 1.106948e-254 -1.111189e+02 5.516725e-49 -6.958739e+02 6.106728e-303
-5.845691e+02 1.333146e-254 -1.037169e+02 9.043115e-46 -6.882860e+02 1.205579e-299
-5.843507e+02 1.658567e-254 -9.401076e+01 1.484723e-41 -6.783614e+02 2.462512e-295
-5.847058e+02 1.162820e-254 -9.635755e+01 1.420525e-42 -6.810633e+02 1.651815e-296
-5.845183e+02 1.402578e-254 -1.039259e+02 7.337640e-46 -6.884442e+02 1.029162e-299
-5.839699e+02 2.427046e-254 -9.703227e+01 7.234691e-43 -6.810022e+02 1.755893e-296
-5.841424e+02 2.042516e-254 -9.600341e+01 2.024170e-42 -6.801458e+02 4.134400e-296
-5.836484e+02 3.347346e-254 -8.948928e+01 1.365528e-39 -6.731377e+02 4.570894e-293
-5.844370e+02 1.521396e-254 -8.824077e+01 4.759034e-39 -6.726778e+02 7.240377e-293
-5.836048e+02 3.496648e-254 -9.015044e+01 7.049558e-40 -6.737552e+02 2.464982e-293
-5.842453e+02 1.842777e-254 -8.827129e+01 4.616003e-39 -6.725166e+02 8.506262e-293
-5.832702e+02 4.886356e-254 -8.252228e+01 1.448864e-36 -6.657925e+02 7.079664e-290
-5.842503e+02 1.833731e-254 -7.892636e+01 5.281008e-35 -6.631766e+02 9.683946e-289
-5.849375e+02 9.222972e-255 -8.584406e+01 5.228733e-38 -6.707816e+02 4.822445e-292
-5.831834e+02 5.329397e-254 -8.438124e+01 2.257840e-37 -6.675646e+02 1.203293e-290
-5.835913e+02 3.544081e-254 -8.664257e+01 2.352925e-38 -6.702339e+02 8.338958e-292
-5.848448e+02 1.011884e-254 -8.115048e+01 5.712074e-36 -6.659953e+02 5.779956e-290
-5.840762e+02 2.182348e-254 -7.865689e+01 6.914273e-35 -6.627331e+02 1.508935e-288
-5.841050e+02 2.120371e-254 -7.674957e+01 4.656796e-34 -6.608546e+02 9.874134e-288
-5.887575e+02 2.022310e-256 -6.745327e+01 5.074796e-30 -6.562108e+02 1.026281e-285
-5.875970e+02 6.454540e-256 -7.956677e+01 2.783495e-35 -6.671638e+02 1.796618e-290
-5.870225e+02 1.146461e-255 -7.070548e+01 1.963360e-31 -6.577280e+02 2.250916e-286
-5.867755e+02 1.467694e-255 -7.161857e+01 7.878588e-32 -6.583941e+02 1.156336e-286
-5.863699e+02 2.201812e-255 -7.272154e+01 2.614794e-32 -6.590915e+02 5.757283e-287
-5.866538e+02 1.657570e-255 -7.695051e+01 3.809046e-34 -6.636044e+02 6.313762e-289
-5.874788e+02 7.264547e-256 -7.583644e+01 1.160514e-33 -6.633152e+02 8.430610e-289
-5.874657e+02 7.360461e-256 -7.547762e+01 1.661445e-33 -6.629433e+02 1.222900e-288
-5.862967e+02 2.369052e-255 -7.091058e+01 1.599281e-31 -6.572073e+02 3.788781e-286
-5.862439e+02 2.497519e-255 -7.735517e+01 2.541409e-34 -6.635991e+02 6.347216e-289
-5.858378e+02 3.748735e-255 -7.292413e+01 2.135268e-32 -6.587619e+02 8.004555e-287
-5.860925e+02 2.905669e-255 -7.703379e+01 3.504678e-34 -6.631263e+02 1.018343e-288
-5.851991e+02 7.100025e-255 -8.009646e+01 1.638896e-35 -6.652956e+02 1.163620e-289
-5.851903e+02 7.162987e-255 -8.226365e+01 1.876506e-36 -6.674539e+02 1.344139e-290
-5.851641e+02 7.353018e-255 -8.119274e+01 5.475736e-36 -6.663568e+02 4.026318e-290
-5.866664e+02 1.636895e-255 -7.585546e+01 1.138657e-33 -6.625219e+02 1.863862e-288
-5.859661e+02 3.297299e-255 -8.176952e+01 3.075742e-36 -6.677356e+02 1.014164e-290
-5.886430e+02 2.267803e-256 -8.147390e+01 4.133678e-36 -6.701169e+02 9.374365e-292
-5.884255e+02 2.818714e-256 -8.329998e+01 6.657004e-37 -6.717255e+02 1.876419e-292
-5.890895e+02 1.450986e-256 -7.929454e+01 3.654416e-35 -6.683841e+02 5.302505e-291
-5.897703e+02 7.345088e-257 -6.857615e+01 1.651029e-30 -6.583465e+02 1.212696e-286
-5.899898e+02 5.897576e-257 -6.447895e+01 9.934501e-29 -6.544688e+02 5.858947e-285
-5.925704e+02 4.466461e-258 -6.705958e+01 7.523074e-30 -6.596299e+02 3.360152e-287
-5.886548e+02 2.241137e-256 -6.281360e+01 5.252886e-28 -6.514684e+02 1.177244e-283
-5.883044e+02 3.181493e-256 -5.995625e+01 9.148136e-27 -6.482607e+02 2.910473e-282
-5.887412e+02 2.055637e-256 -6.493687e+01 6.284546e-29 -6.536781e+02 1.291875e-284
-5.889178e+02 1.722825e-256 -6.753091e+01 4.695683e-30 -6.564487e+02 8.089837e-286
-5.885977e+02 2.372847e-256 -7.125759e+01 1.130370e-31 -6.598553e+02 2.682194e-287
-5.894259e+02 1.036508e-256 -6.416470e+01 1.360267e-28 -6.535906e+02 1.409928e-284
-5.893257e+02 1.145804e-256 -6.671742e+01 1.059238e-29 -6.560431e+02 1.213679e-285
-5.883037e+02 3.183678e-256 -7.592915e+01 1.057760e-33 -6.642329e+02 3.367568e-289
-5.884220e+02 2.828633e-256 -7.766681e+01 1.860950e-34 -6.660888e+02 5.263943e-290
-5.903996e+02 3.914771e-257 -7.533540e+01 1.915364e-33 -6.657350e+02 7.498211e-290
-5.884823e+02 2.663101e-256 -7.200515e+01 5.352555e-32 -6.604874e+02 1.425440e-287
-5.884247e+02 2.820852e-256 -6.793112e+01 3.146959e-30 -6.563559e+02 8.877105e-286
-5.881758e+02 3.618288e-256 -7.295404e+01 2.072347e-32 -6.611298e+02 7.498348e-288
-5.871409e+02 1.018474e-255 -6.595547e+01 2.269361e-29 -6.530964e+02 2.311285e-284
-5.877726e+02 5.414903e-256 -6.237311e+01 8.160208e-28 -6.501457e+02 4.418673e-283
-5.881467e+02 3.725154e-256 -6.179013e+01 1.461793e-27 -6.499368e+02 5.445403e-283
-5.884871e+02 2.650399e-256 -6.058413e+01 4.882537e-27 -6.490712e+02 1.294067e-282
-5.884601e+02 2.722942e-256 -6.165242e+01 1.677618e-27 -6.501125e+02 4.568056e-283
-5.884802e+02 2.668601e-256 -5.741416e+01 1.162374e-25 -6.458944e+02 3.101911e-281
-5.885021e+02 2.610847e-256 -5.596462e+01 4.953076e-25 -6.444667e+02 1.293172e-280
-5.917519e+02 1.012596e-257 -5.419763e+01 2.899144e-24 -6.459495e+02 2.935661e-281
-5.913402e+02 1.528342e-257 -5.476631e+01 1.641695e-24 -6.461065e+02 2.509072e-281
-5.911060e+02 1.931728e-257 -5.032873e+01 1.388386e-22 -6.414347e+02 2.681984e-279
-5.894103e+02 1.052792e-256 -5.726229e+01 1.353017e-25 -6.466726e+02 1.424446e-281
-5.902561e+02 4.518727e-257 -5.664946e+01 2.497197e-25 -6.469056e+02 1.128415e-281
-5.916177e+02 1.158014e-257 -5.369327e+01 4.800761e-24 -6.453109e+02 5.559350e-281
-5.915890e+02 1.191666e-257 -5.410055e+01 3.194695e-24 -6.456896e+02 3.807009e-281
-5.909312e+02 2.300493e-257 -5.312935e+01 8.437546e-24 -6.440606e+02 1.941052e-280
-5.912412e+02 1.687406e-257 -4.862991e+01 7.590973e-22 -6.398711e+02 1.280906e-278
-5.925504e+02 4.556371e-258 -5.247246e+01 1.627426e-23 -6.450229e+02 7.415156e-281
-5.909055e+02 2.360544e-257 -5.473899e+01 1.687161e-24 -6.456445e+02 3.982618e-281
-5.917256e+02 1.039536e-257 -6.113145e+01 2.824555e-27 -6.528570e+02 2.936227e-284
-5.908408e+02 2.518369e-257 -6.451719e+01 9.561772e-29 -6.553580e+02 2.408007e-285
-5.915175e+02 1.279991e-257 -6.107666e+01 2.983628e-27 -6.525942e+02 3.819018e-284
-5.898873e+02 6.534231e-257 -6.053412e+01 5.132948e-27 -6.504214e+02 3.353987e-283
-5.891427e+02 1.375809e-256 -6.486552e+01 6.749362e-29 -6.540083e+02 9.285832e-285
-5.892269e+02 1.264743e-256 -5.860692e+01 3.526447e-26 -6.478338e+02 4.460049e-282
-5.876215e+02 6.298029e-256 -6.819486e+01 2.417393e-30 -6.558164e+02 1.522481e-285
-5.881340e+02 3.772553e-256 -7.399822e+01 7.294277e-33 -6.621322e+02 2.751805e-288
-5.880775e+02 3.991804e-256 -6.938637e+01 7.343157e-31 -6.574639e+02 2.931244e-286
-5.893384e+02 1.131293e-256 -6.685297e+01 9.249639e-30 -6.561914e+02 1.046405e-285
-5.876746e+02 5.972414e-256 -6.960207e+01 5.918400e-31 -6.572767e+02 3.534714e-286
-5.874376e+02 7.570163e-256 -7.265164e+01 2.804105e-32 -6.600892e+02 2.122753e-287
-5.887542e+02 2.029037e-256 -7.824462e+01 1.044220e-34 -6.669988e+02 2.118761e-290
-5.876825e+02 5.925779e-256 -7.833180e+01 9.570435e-35 -6.660143e+02 5.671229e-290
-5.883956e+02 2.904401e-256 -7.880066e+01 5.988382e-35 -6.671962e+02 1.739266e-290
-5.871331e+02 1.026486e-255 -8.605904e+01 4.217278e-38 -6.731921e+02 4.328976e-293
-5.883480e+02 3.045908e-256 -9.022779e+01 6.524827e-40 -6.785758e+02 1.987402e-295
-5.896578e+02 8.220290e-257 -9.001115e+01 8.103129e-40 -6.796689e+02 6.661007e-296
-5.880949e+02 3.923182e-256 -8.710425e+01 1.482877e-38 -6.751991e+02 5.817597e-294
-5.872699e+02 8.952227e-256 -8.732429e+01 1.189992e-38 -6.745942e+02 1.065308e-293
-5.867238e+02 1.545617e-255 -8.871408e+01 2.964600e-39 -6.754379e+02 4.582136e-294
-5.872914e+02 8.761758e-256 -8.819470e+01 4.983416e-39 -6.754861e+02 4.366348e-294
-5.877686e+02 5.436792e-256 -8.690466e+01 1.810453e-38 -6.746733e+02 9.843055e-294
-5.895742e+02 8.936885e-257 -9.515577e+01 4.724689e-42 -6.847300e+02 4.222401e-298
-5.885612e+02 2.461103e-256 -8.253315e+01 1.433210e-36 -6.710943e+02 3.527276e-292
-5.874587e+02 7.412127e-256 -9.067111e+01 4.188296e-40 -6.781298e+02 3.104418e-295
-5.884226e+02 2.826832e-256 -9.012230e+01 7.250755e-40 -6.785449e+02 2.049666e-295
-5.877836e+02 5.355864e-256 -9.092323e+01 3.254950e-40 -6.787068e+02 1.743307e-295
-5.876838e+02 5.917782e-256 -9.800817e+01 2.726410e-43 -6.856920e+02 1.613430e-298
-5.868013e+02 1.430250e-255 -1.030834e+02 1.703917e-45 -6.898847e+02 2.437027e-300
-5.873879e+02 7.955316e-256 -1.026929e+02 2.518030e-45 -6.900808e+02 2.003172e-300
