-7.089364e+00 8.339278e-04 -2.334031e+02 4.308659e-102 -2.404924e+02 3.593111e-105
-6.494941e+00 1.511065e-03 -2.008634e+02 5.836486e-88 -2.073583e+02 8.819307e-91
-7.954559e+00 3.510582e-04 -2.433352e+02 2.093425e-106 -2.512898e+02 7.349138e-110
-1.033582e+01 3.244971e-05 -3.221254e+02 1.266830e-140 -3.324612e+02 4.110827e-145
-1.251260e+01 3.679998e-06 -3.668617e+02 4.720302e-160 -3.793743e+02 1.737070e-165
-1.523281e+01 2.423687e-07 -3.885694e+02 1.763766e-169 -4.038022e+02 4.274815e-176
-1.631470e+01 8.215144e-08 -3.454321e+02 9.565989e-151 -3.617468e+02 7.858597e-158
-2.048563e+01 1.268242e-09 -4.123023e+02 8.697637e-180 -4.327879e+02 1.103071e-188
-1.790519e+01 1.674459e-08 -2.998032e+02 6.267714e-131 -3.177084e+02 1.049503e-138
-2.160122e+01 4.156341e-10 -3.478708e+02 8.349331e-152 -3.694720e+02 3.470267e-161
-2.418057e+01 3.151458e-11 -2.970391e+02 9.943832e-130 -3.212197e+02 3.133757e-140
-2.622590e+01 4.076037e-12 -2.770495e+02 4.774655e-121 -3.032754e+02 1.946167e-132
-2.572366e+01 6.735262e-12 -2.540527e+02 4.637911e-111 -2.797763e+02 3.123754e-122
-2.552357e+01 8.227229e-12 -2.609320e+02 4.771811e-114 -2.864555e+02 3.925878e-125
-2.466502e+01 1.941419e-11 -2.133700e+02 2.160583e-93 -2.380351e+02 4.194597e-104
-2.692379e+01 2.028360e-12 -1.760195e+02 3.595146e-77 -2.029433e+02 7.292250e-89
-2.579807e+01 6.252335e-12 -1.897357e+02 3.970388e-83 -2.155338e+02 2.482420e-94
-2.610724e+01 4.589545e-12 -1.843075e+02 9.042394e-81 -2.104147e+02 4.150048e-92
-2.007169e+01 1.918564e-09 -1.501275e+02 6.316171e-66 -1.701992e+02 1.211798e-74
-2.231386e+01 2.038045e-10 -1.545795e+02 7.361742e-68 -1.768933e+02 1.500357e-77
-3.050356e+01 5.655516e-14 -1.568980e+02 7.245455e-69 -1.874016e+02 4.097679e-82
-3.020658e+01 7.611104e-14 -1.725641e+02 1.138545e-75 -2.027707e+02 8.665587e-89
-2.525440e+01 1.076848e-11 -1.377384e+02 1.516953e-60 -1.629928e+02 1.633529e-71
-2.644953e+01 3.259224e-12 -1.496920e+02 9.763298e-66 -1.761415e+02 3.182077e-77
-2.395537e+01 3.947432e-11 -1.512378e+02 2.080879e-66 -1.751932e+02 8.214127e-77
-2.318811e+01 8.502236e-11 -1.491704e+02 1.644889e-65 -1.723585e+02 1.398524e-75
-2.290203e+01 1.131813e-10 -1.630921e+02 1.479117e-71 -1.859941e+02 1.674084e-81
-2.143564e+01 4.904787e-10 -1.412440e+02 4.555123e-62 -1.626797e+02 2.234191e-71
-2.871266e+01 3.390391e-13 -1.540020e+02 1.311522e-67 -1.827147e+02 4.446573e-80
-2.699084e+01 1.896827e-12 -1.395594e+02 2.455344e-61 -1.665503e+02 4.657363e-73
-2.811456e+01 6.165958e-13 -1.313001e+02 9.485819e-58 -1.594147e+02 5.848916e-70
-2.755297e+01 1.081178e-12 -1.256501e+02 2.696914e-55 -1.532030e+02 2.915845e-67
-2.687119e+01 2.137921e-12 -1.188481e+02 2.426095e-52 -1.457193e+02 5.186799e-64
-2.454452e+01 2.190042e-11 -1.304541e+02 2.210552e-57 -1.549986e+02 4.841202e-68
-2.414685e+01 3.259538e-11 -1.432488e+02 6.135097e-63 -1.673957e+02 1.999758e-73
-2.910174e+01 2.297604e-13 -1.757187e+02 4.856561e-77 -2.048205e+02 1.115846e-89
-2.671510e+01 2.499067e-12 -1.474034e+02 9.627622e-65 -1.741185e+02 2.406007e-76
-2.469506e+01 1.883969e-11 -1.395702e+02 2.429039e-61 -1.642653e+02 4.576235e-72
-2.715193e+01 1.614608e-12 -1.492963e+02 1.450221e-65 -1.764482e+02 2.341537e-77
-2.579323e+01 6.282649e-12 -1.480303e+02 5.143705e-65 -1.738235e+02 3.231609e-76
-2.580806e+01 6.190141e-12 -1.684405e+02 7.034631e-74 -1.942485e+02 4.354536e-85
-2.743843e+01 1.212391e-12 -1.737183e+02 3.589984e-76 -2.011567e+02 4.352465e-88
-2.836927e+01 4.779516e-13 -1.690962e+02 3.651316e-74 -1.974655e+02 1.745152e-86
-2.861831e+01 3.725860e-13 -1.772181e+02 1.084299e-77 -2.058364e+02 4.039946e-90
-2.882633e+01 3.026090e-13 -1.611462e+02 1.035350e-70 -1.899726e+02 3.133061e-83
-2.833261e+01 4.957948e-13 -1.595883e+02 4.916559e-70 -1.879210e+02 2.437604e-82
-2.446713e+01 2.366248e-11 -1.459327e+02 4.190299e-64 -1.703998e+02 9.915286e-75
-2.484683e+01 1.618673e-11 -1.426610e+02 1.104350e-62 -1.675078e+02 1.787581e-73
-2.434839e+01 2.664572e-11 -1.407658e+02 7.348494e-62 -1.651142e+02 1.958059e-72
-2.383537e+01 4.450730e-11 -1.331590e+02 1.478432e-58 -1.569943e+02 6.580103e-69
-2.394218e+01 3.999866e-11 -1.344509e+02 4.061876e-59 -1.583931e+02 1.624696e-69
-2.903569e+01 2.454485e-13 -1.662140e+02 6.518953e-73 -1.952497e+02 1.600067e-85
-2.821211e+01 5.592875e-13 -1.683057e+02 8.049269e-74 -1.965178e+02 4.501855e-86
-2.736314e+01 1.307185e-12 -1.672492e+02 2.315296e-73 -1.946123e+02 3.026522e-85
-2.544770e+01 8.875762e-12 -1.479504e+02 5.571351e-65 -1.733981e+02 4.944999e-76
-2.438994e+01 2.556124e-11 -1.362490e+02 6.726876e-60 -1.606389e+02 1.719473e-70
-2.380672e+01 4.580099e-11 -1.091654e+02 3.890985e-48 -1.329721e+02 1.782110e-58
-2.480045e+01 1.695516e-11 -1.117620e+02 2.899738e-49 -1.365625e+02 4.916551e-60
-2.434831e+01 2.664797e-11 -1.091316e+02 4.025023e-48 -1.334799e+02 1.072587e-58
-2.265062e+01 1.455331e-10 -1.143635e+02 2.150551e-50 -1.370141e+02 3.129763e-60
-2.031299e+01 1.507240e-09 -1.113479e+02 4.387463e-49 -1.316609e+02 6.612960e-58
-2.012408e+01 1.820638e-09 -1.016968e+02 6.818060e-45 -1.218208e+02 1.241322e-53
-2.147248e+01 4.727367e-10 -1.066867e+02 4.640315e-47 -1.281592e+02 2.193647e-56
-1.973523e+01 2.685941e-09 -1.072829e+02 2.556503e-47 -1.270181e+02 6.866617e-56
-2.148854e+01 4.652048e-10 -1.115181e+02 3.700868e-49 -1.330066e+02 1.721661e-58
-1.900932e+01 5.550806e-09 -1.133346e+02 6.017283e-50 -1.323439e+02 3.340077e-58
-1.974548e+01 2.658555e-09 -9.796436e+01 2.848528e-43 -1.177098e+02 7.572970e-52
-2.116673e+01 6.418116e-10 -9.494528e+01 5.831640e-42 -1.161120e+02 3.742814e-51
-2.191334e+01 3.041982e-10 -9.696145e+01 7.765630e-43 -1.188748e+02 2.362290e-52
-2.479375e+01 1.706919e-11 -8.730379e+01 1.214640e-38 -1.120975e+02 2.073292e-49
-2.528992e+01 1.039265e-11 -8.254110e+01 1.421857e-36 -1.078310e+02 1.477686e-47
-2.229313e+01 2.080738e-10 -9.020756e+01 6.658151e-40 -1.125007e+02 1.385387e-49
-2.111266e+01 6.774660e-10 -8.347090e+01 5.611083e-37 -1.045836e+02 3.801318e-46
-2.121427e+01 6.120098e-10 -9.110135e+01 2.723864e-40 -1.123156e+02 1.667031e-49
-2.480600e+01 1.686126e-11 -1.060390e+02 8.868090e-47 -1.308450e+02 1.495271e-57
-2.429038e+01 2.823734e-11 -1.079647e+02 1.292773e-47 -1.322551e+02 3.650447e-58
-2.356300e+01 5.844093e-11 -1.185488e+02 3.272828e-52 -1.421118e+02 1.912671e-62
-2.629559e+01 3.801622e-12 -1.265343e+02 1.113962e-55 -1.528299e+02 4.234863e-67
-2.561743e+01 7.490147e-12 -1.128141e+02 1.012600e-49 -1.384316e+02 7.584519e-61
-2.475515e+01 1.774095e-11 -1.042036e+02 5.558700e-46 -1.289587e+02 9.861663e-57
-2.350407e+01 6.198836e-11 -9.748436e+01 4.603435e-43 -1.209884e+02 2.853594e-53
-2.393412e+01 4.032234e-11 -9.604385e+01 1.943959e-42 -1.199780e+02 7.838499e-53
-3.117567e+01 2.887862e-14 -9.608998e+01 1.856323e-42 -1.272657e+02 5.360805e-56
-2.586643e+01 5.839165e-12 -8.464545e+01 1.733600e-37 -1.105119e+02 1.012278e-48
-2.419824e+01 3.096249e-11 -8.095131e+01 6.970960e-36 -1.051496e+02 2.158383e-46
-2.834138e+01 4.914657e-13 -8.765337e+01 8.562965e-39 -1.159948e+02 4.208403e-51
-2.797234e+01 7.108342e-13 -9.387922e+01 1.693451e-41 -1.218516e+02 1.203763e-53
-2.962212e+01 1.365457e-13 -1.032354e+02 1.463609e-45 -1.328575e+02 1.998495e-58
-2.860291e+01 3.783671e-13 -9.681926e+01 8.952231e-43 -1.254222e+02 3.387230e-55
-2.587067e+01 5.814507e-12 -9.147400e+01 1.876495e-40 -1.173447e+02 1.091089e-51
-2.368118e+01 5.192686e-11 -9.880106e+01 1.233799e-43 -1.224822e+02 6.406729e-54
-2.456538e+01 2.144818e-11 -1.070062e+02 3.371424e-47 -1.315715e+02 7.231089e-58
-2.416029e+01 3.216028e-11 -9.768505e+01 3.766378e-43 -1.218453e+02 1.211278e-53
-2.723165e+01 1.490885e-12 -1.021815e+02 4.199087e-45 -1.294131e+02 6.260354e-57
-2.645451e+01 3.243029e-12 -8.855049e+01 3.491498e-39 -1.150050e+02 1.132303e-50
-2.561594e+01 7.501357e-12 -8.680422e+01 2.001730e-38 -1.124202e+02 1.501569e-49
-2.484276e+01 1.625269e-11 -8.624418e+01 3.504523e-38 -1.110869e+02 5.695793e-49
-2.697579e+01 1.925583e-12 -9.120356e+01 2.459216e-40 -1.181794e+02 4.735422e-52
-2.726437e+01 1.442888e-12 -9.811552e+01 2.448889e-43 -1.253799e+02 3.533473e-55
-2.622832e+01 4.066182e-12 -1.054707e+02 1.565509e-46 -1.316990e+02 6.365644e-58
-2.728296e+01 1.416316e-12 -9.707112e+01 6.959035e-43 -1.243541e+02 9.856192e-55
-2.585983e+01 5.877850e-12 -9.278679e+01 5.049063e-41 -1.186466e+02 2.967764e-52
-2.755192e+01 1.082317e-12 -9.371596e+01 1.993769e-41 -1.212679e+02 2.157891e-53
-2.614793e+01 4.406540e-12 -9.235123e+01 7.804923e-41 -1.184992e+02 3.439270e-52
-2.601471e+01 5.034503e-12 -9.178419e+01 1.376041e-40 -1.177989e+02 6.927684e-52
-2.558835e+01 7.711150e-12 -9.238432e+01 7.550882e-41 -1.179727e+02 5.822598e-52
-2.609996e+01 4.623070e-12 -9.852209e+01 1.630800e-43 -1.246221e+02 7.539305e-55
-2.622301e+01 4.087806e-12 -1.153963e+02 7.656468e-51 -1.416193e+02 3.129815e-62
-2.637822e+01 3.500121e-12 -1.127624e+02 1.066384e-49 -1.391406e+02 3.732472e-61
-2.472566e+01 1.827186e-11 -1.200779e+02 7.093358e-53 -1.448035e+02 1.296088e-63
-2.622485e+01 4.080320e-12 -1.194179e+02 1.372338e-52 -1.456428e+02 5.599576e-64
-2.725970e+01 1.449649e-12 -1.245712e+02 7.932431e-55 -1.518309e+02 1.149924e-66
-2.737066e+01 1.297404e-12 -1.156123e+02 6.169104e-51 -1.429829e+02 8.003818e-63
-2.533765e+01 9.908272e-12 -1.230319e+02 3.697685e-54 -1.483695e+02 3.663767e-65
-2.450749e+01 2.272638e-11 -1.189978e+02 2.088881e-52 -1.435053e+02 4.747271e-63
-2.415596e+01 3.229981e-11 -1.127079e+02 1.126063e-49 -1.368639e+02 3.637163e-60
-2.377543e+01 4.725674e-11 -1.226035e+02 5.675334e-54 -1.463789e+02 2.681978e-64
-2.281916e+01 1.229601e-10 -1.173149e+02 1.124099e-51 -1.401340e+02 1.382193e-61
-2.390715e+01 4.142445e-11 -1.308040e+02 1.557964e-57 -1.547111e+02 6.453782e-68
-2.365291e+01 5.341621e-11 -1.208305e+02 3.341688e-53 -1.444834e+02 1.785003e-63
-2.227475e+01 2.119325e-10 -1.086293e+02 6.651353e-48 -1.309040e+02 1.409638e-57
-2.601216e+01 5.047341e-12 -1.070660e+02 3.175758e-47 -1.330781e+02 1.602913e-58
-2.666127e+01 2.637280e-12 -1.069059e+02 3.727087e-47 -1.335671e+02 9.829373e-59
-2.756342e+01 1.069938e-12 -1.141067e+02 2.780397e-50 -1.416701e+02 2.974852e-62
-2.693283e+01 2.010114e-12 -1.144673e+02 1.938626e-50 -1.414001e+02 3.896858e-62
-2.866576e+01 3.553191e-13 -1.270472e+02 6.669841e-56 -1.557129e+02 2.369922e-68
-2.705278e+01 1.782898e-12 -1.184647e+02 3.559867e-52 -1.455175e+02 6.346879e-64
-2.724538e+01 1.470551e-12 -1.234782e+02 2.366490e-54 -1.507236e+02 3.480043e-66
-2.744189e+01 1.208205e-12 -1.218652e+02 1.187451e-53 -1.493071e+02 1.434684e-65
-2.794305e+01 7.319596e-13 -1.264296e+02 1.236831e-55 -1.543727e+02 9.053100e-68
-2.632300e+01 3.698833e-12 -1.157975e+02 5.126140e-51 -1.421205e+02 1.896073e-62
-2.751241e+01 1.125932e-12 -1.120627e+02 2.146776e-49 -1.395751e+02 2.417125e-61
-2.518923e+01 1.149355e-11 -9.966386e+01 5.206368e-44 -1.248531e+02 5.983966e-55
-2.522043e+01 1.114058e-11 -9.678788e+01 9.237578e-43 -1.220083e+02 1.029120e-53
-2.600210e+01 5.098393e-12 -9.854058e+01 1.600922e-43 -1.245427e+02 8.162130e-55
-2.533621e+01 9.922517e-12 -1.002666e+02 2.849435e-44 -1.256028e+02 2.827357e-55
-2.229221e+01 2.082642e-10 -8.826084e+01 4.664501e-39 -1.105531e+02 9.714486e-49
-2.228167e+01 2.104716e-10 -9.156812e+01 1.707938e-40 -1.138498e+02 3.594725e-50
-2.057196e+01 1.163351e-09 -7.717845e+01 3.032672e-34 -9.775041e+01 3.528063e-43
-2.002915e+01 2.001941e-09 -8.026296e+01 1.387519e-35 -1.002921e+02 2.777731e-44
-1.969383e+01 2.799482e-09 -9.611439e+01 1.811548e-42 -1.158082e+02 5.071395e-51
-2.071423e+01 1.009077e-09 -9.729256e+01 5.576707e-43 -1.180068e+02 5.627325e-52
-2.096901e+01 7.821201e-10 -9.230695e+01 8.158291e-41 -1.132760e+02 6.380763e-50
-2.226816e+01 2.133339e-10 -1.032509e+02 1.441174e-45 -1.255190e+02 3.074513e-55
-2.549067e+01 8.502413e-12 -1.049410e+02 2.658949e-46 -1.304317e+02 2.260748e-57
-2.493304e+01 1.484965e-11 -1.109480e+02 6.544508e-49 -1.358811e+02 9.718368e-60
-2.192503e+01 3.006626e-10 -1.088433e+02 5.369584e-48 -1.307684e+02 1.614433e-57
-2.203750e+01 2.686792e-10 -1.070090e+02 3.362002e-47 -1.290465e+02 9.033002e-57
-2.209269e+01 2.542542e-10 -1.119819e+02 2.327358e-49 -1.340746e+02 5.917407e-59
-2.333531e+01 7.338456e-11 -1.285448e+02 1.491810e-56 -1.518801e+02 1.094758e-66
-2.239259e+01 1.883739e-10 -1.213974e+02 1.895733e-53 -1.437900e+02 3.571066e-63
-2.302152e+01 1.004338e-10 -1.195394e+02 1.215335e-52 -1.425609e+02 1.220607e-62
-2.160327e+01 4.147817e-10 -1.015985e+02 7.522062e-45 -1.232018e+02 3.120013e-54
-2.090444e+01 8.342936e-10 -9.250238e+01 6.710039e-41 -1.134068e+02 5.598142e-50
-2.258915e+01 1.547600e-10 -8.527548e+01 9.232760e-38 -1.078646e+02 1.428862e-47
-2.993992e+01 9.937081e-14 -9.142376e+01 1.973175e-40 -1.213637e+02 1.960760e-53
-2.340776e+01 6.825600e-11 -9.703825e+01 7.191535e-43 -1.204460e+02 4.908654e-53
-2.586839e+01 5.827736e-12 -9.777239e+01 3.451353e-43 -1.236408e+02 2.011357e-54
-2.400872e+01 3.742372e-11 -9.107714e+01 2.790610e-40 -1.150859e+02 1.044350e-50
-2.412666e+01 3.326027e-11 -8.933747e+01 1.589393e-39 -1.134641e+02 5.286365e-50
-2.435290e+01 2.652585e-11 -8.788538e+01 6.789912e-39 -1.122383e+02 1.801082e-49
-2.351630e+01 6.123510e-11 -9.661958e+01 1.093078e-42 -1.201359e+02 6.693473e-53
-2.324465e+01 8.034834e-11 -9.623913e+01 1.599108e-42 -1.194838e+02 1.284857e-52
-2.467091e+01 1.930019e-11 -1.023281e+02 3.626282e-45 -1.269990e+02 6.998794e-56
-2.290720e+01 1.125981e-10 -9.934945e+01 7.129850e-44 -1.222567e+02 8.028073e-54
-2.237514e+01 1.916913e-10 -1.005660e+02 2.112129e-44 -1.229412e+02 4.048766e-54
-2.241039e+01 1.850508e-10 -1.077307e+02 1.633579e-47 -1.301411e+02 3.022950e-57
-2.327956e+01 7.759189e-11 -1.064823e+02 5.693013e-47 -1.297618e+02 4.417316e-57
-2.137785e+01 5.196578e-10 -1.022472e+02 3.931949e-45 -1.236250e+02 2.043268e-54
-2.164096e+01 3.994384e-10 -9.961903e+01 5.445070e-44 -1.212600e+02 2.174970e-53
-2.132767e+01 5.464026e-10 -8.907380e+01 2.068901e-39 -1.104015e+02 1.130453e-48
-2.054338e+01 1.197085e-09 -9.033548e+01 5.858689e-40 -1.108789e+02 7.013351e-49
-2.283333e+01 1.212304e-10 -9.439451e+01 1.011541e-41 -1.172278e+02 1.226295e-51
-2.326723e+01 7.855457e-11 -1.016539e+02 7.116828e-45 -1.249211e+02 5.590594e-55
-2.432060e+01 2.739661e-11 -1.120635e+02 2.144992e-49 -1.363841e+02 5.876552e-60
-2.326294e+01 7.889241e-11 -9.864655e+01 1.439957e-43 -1.219095e+02 1.136017e-53
-2.434630e+01 2.670148e-11 -1.061644e+02 7.823086e-47 -1.305107e+02 2.088879e-57
-2.284320e+01 1.200391e-10 -1.060949e+02 8.386034e-47 -1.289381e+02 1.006652e-56
-2.317906e+01 8.579486e-11 -1.056160e+02 1.353732e-46 -1.287951e+02 1.161432e-56
-2.285169e+01 1.190245e-10 -1.138100e+02 3.740690e-50 -1.366617e+02 4.452339e-60
-2.454317e+01 2.192992e-11 -1.265017e+02 1.150842e-55 -1.510449e+02 2.523787e-66
-2.411422e+01 3.367646e-11 -1.262698e+02 1.451224e-55 -1.503840e+02 4.887209e-66
-2.287528e+01 1.162500e-10 -1.299228e+02 3.760578e-57 -1.527981e+02 4.371671e-67
-2.248219e+01 1.722308e-10 -1.234694e+02 2.387458e-54 -1.459516e+02 4.111939e-64
-2.476050e+01 1.764621e-11 -1.342628e+02 4.902482e-59 -1.590233e+02 8.651023e-70
-2.577524e+01 6.396694e-12 -1.401359e+02 1.379568e-61 -1.659112e+02 8.824677e-73
-2.448494e+01 2.324468e-11 -1.366721e+02 4.406084e-60 -1.611571e+02 1.024180e-70
-2.548074e+01 8.587267e-12 -1.407720e+02 7.303241e-62 -1.662527e+02 6.271488e-73
-2.422542e+01 3.013249e-11 -1.289419e+02 1.002915e-56 -1.531673e+02 3.022031e-67
-2.483878e+01 1.631752e-11 -1.204088e+02 5.094901e-53 -1.452476e+02 8.313616e-64
-2.498428e+01 1.410803e-11 -1.278081e+02 3.116407e-56 -1.527924e+02 4.396637e-67
-2.503083e+01 1.346631e-11 -1.328463e+02 2.021061e-58 -1.578771e+02 2.721624e-69
-2.396139e+01 3.923752e-11 -1.192443e+02 1.632441e-52 -1.432057e+02 6.405294e-63
-2.512377e+01 1.227118e-11 -1.210946e+02 2.566055e-53 -1.462184e+02 3.148853e-64
-2.335108e+01 7.223607e-11 -1.104636e+02 1.062317e-48 -1.338147e+02 7.673758e-59
-2.316857e+01 8.670008e-11 -1.179450e+02 5.986082e-52 -1.411136e+02 5.189938e-62
-2.199294e+01 2.809241e-10 -1.202735e+02 5.832703e-53 -1.422665e+02 1.638547e-62
-2.187031e+01 3.175745e-10 -1.148648e+02 1.302765e-50 -1.367351e+02 4.137248e-60
-2.195959e+01 2.904485e-10 -1.197549e+02 9.797266e-53 -1.417145e+02 2.845602e-62
-2.263817e+01 1.473552e-10 -1.197105e+02 1.024260e-52 -1.423486e+02 1.509300e-62
-2.350692e+01 6.181216e-11 -1.205218e+02 4.550287e-53 -1.440287e+02 2.812631e-63
-2.238073e+01 1.906222e-10 -1.071355e+02 2.962336e-47 -1.295162e+02 5.646872e-57
-2.323141e+01 8.141913e-11 -1.073790e+02 2.322092e-47 -1.306104e+02 1.890627e-57
-2.324814e+01 8.006867e-11 -1.015970e+02 7.533529e-45 -1.248451e+02 6.031997e-55
-2.489207e+01 1.547079e-11 -9.203976e+01 1.065713e-40 -1.169318e+02 1.648741e-51
-2.491574e+01 1.510893e-11 -1.037998e+02 8.323872e-46 -1.287155e+02 1.257648e-56
-2.533831e+01 9.901713e-12 -1.029907e+02 1.869479e-45 -1.283290e+02 1.851104e-56
-2.561112e+01 7.537571e-12 -1.091182e+02 4.079178e-48 -1.347293e+02 3.074709e-59
-2.522671e+01 1.107081e-11 -1.081805e+02 1.041878e-47 -1.334072e+02 1.153444e-58
-2.789595e+01 7.672612e-13 -1.182807e+02 4.278930e-52 -1.461767e+02 3.283057e-64
-2.723048e+01 1.492630e-12 -1.157029e+02 5.634916e-51 -1.429333e+02 8.410847e-63
-2.574233e+01 6.610690e-12 -1.177746e+02 7.098090e-52 -1.435169e+02 4.692328e-63
-2.493297e+01 1.485083e-11 -1.174531e+02 9.789702e-52 -1.423861e+02 1.453852e-62
-2.552396e+01 8.224075e-12 -1.141463e+02 2.672265e-50 -1.396703e+02 2.197691e-61
-2.591028e+01 5.588672e-12 -1.188440e+02 2.436166e-52 -1.447543e+02 1.361493e-63
-2.711241e+01 1.679686e-12 -1.268271e+02 8.311436e-56 -1.539395e+02 1.396061e-67
-2.476894e+01 1.749798e-11 -1.351307e+02 2.058123e-59 -1.598997e+02 3.601299e-70
-2.543067e+01 9.028170e-12 -1.313155e+02 9.341192e-58 -1.567462e+02 8.433388e-69
-2.571269e+01 6.809614e-12 -1.364375e+02 5.571181e-60 -1.621502e+02 3.793759e-71
-2.527870e+01 1.050998e-11 -1.276499e+02 3.650599e-56 -1.529286e+02 3.836772e-67
-2.420544e+01 3.074063e-11 -1.344241e+02 4.172054e-59 -1.586295e+02 1.282516e-69
-2.529838e+01 1.030517e-11 -1.359673e+02 8.915309e-60 -1.612657e+02 9.187373e-71
-2.373819e+01 4.904934e-11 -1.387570e+02 5.477888e-61 -1.624952e+02 2.686868e-71
-2.370019e+01 5.094923e-11 -1.293739e+02 6.510577e-57 -1.530741e+02 3.317089e-67
-2.520080e+01 1.136139e-11 -1.309667e+02 1.324030e-57 -1.561675e+02 1.504283e-68
-2.621449e+01 4.122789e-12 -1.258871e+02 2.127692e-55 -1.521016e+02 8.772026e-67
-2.504830e+01 1.323315e-11 -1.255235e+02 3.060758e-55 -1.505718e+02 4.050346e-66
-2.445711e+01 2.390090e-11 -1.245460e+02 8.135356e-55 -1.490031e+02 1.944423e-65
-2.979351e+01 1.150387e-13 -1.257636e+02 2.407390e-55 -1.555571e+02 2.769431e-68
-2.371798e+01 5.005097e-11 -1.206333e+02 4.070261e-53 -1.443513e+02 2.037205e-63
-2.282719e+01 1.219771e-10 -1.246881e+02 7.057448e-55 -1.475153e+02 8.608468e-65
-2.252675e+01 1.647233e-10 -1.207746e+02 3.534004e-53 -1.433013e+02 5.821328e-63
-2.366708e+01 5.266461e-11 -1.210005e+02 2.819271e-53 -1.446676e+02 1.484758e-63
-2.342933e+01 6.679908e-11 -1.241614e+02 1.195085e-54 -1.475907e+02 7.983059e-65
-2.249908e+01 1.693450e-10 -1.183123e+02 4.145810e-52 -1.408114e+02 7.020723e-62
-2.392328e+01 4.076177e-11 -1.217561e+02 1.324351e-53 -1.456794e+02 5.398290e-64
-2.424714e+01 2.948495e-11 -1.277140e+02 3.423736e-56 -1.519612e+02 1.009487e-66
-2.412788e+01 3.321969e-11 -1.210618e+02 2.651645e-53 -1.451897e+02 8.808684e-64
-2.445653e+01 2.391460e-11 -1.216096e+02 1.533226e-53 -1.460662e+02 3.666650e-64
-2.402571e+01 3.679301e-11 -1.174138e+02 1.018180e-51 -1.414395e+02 3.746190e-62
-2.246176e+01 1.757854e-10 -1.205480e+02 4.432678e-53 -1.430098e+02 7.792001e-63
-2.221418e+01 2.251656e-10 -1.197320e+02 1.002436e-52 -1.419462e+02 2.257141e-62
-2.174235e+01 3.609255e-10 -1.169295e+02 1.652598e-51 -1.386718e+02 5.964649e-61
-2.203072e+01 2.705091e-10 -1.199387e+02 8.152155e-53 -1.419694e+02 2.205232e-62
-2.172184e+01 3.684046e-10 -1.081735e+02 1.049119e-47 -1.298954e+02 3.865003e-57
-2.152038e+01 4.506274e-10 -1.185873e+02 3.149003e-52 -1.401077e+02 1.419027e-61
-2.104217e+01 7.269470e-10 -1.148805e+02 1.282467e-50 -1.359226e+02 9.322855e-60
-2.117126e+01 6.389058e-10 -1.050205e+02 2.455688e-46 -1.261918e+02 1.568953e-55
-2.351656e+01 6.121930e-11 -1.117740e+02 2.865377e-49 -1.352905e+02 1.754164e-59
-2.175392e+01 3.567743e-10 -1.175627e+02 8.773040e-52 -1.393167e+02 3.129995e-61
-2.092270e+01 8.191924e-10 -1.143588e+02 2.160747e-50 -1.352815e+02 1.770068e-59
-2.290460e+01 1.128906e-10 -1.205726e+02 4.324818e-53 -1.434772e+02 4.882315e-63
-2.222352e+01 2.230732e-10 -1.312766e+02 9.711885e-58 -1.535001e+02 2.166461e-67
-2.338662e+01 6.971367e-11 -1.368953e+02 3.524828e-60 -1.602819e+02 2.457287e-70
-2.385445e+01 4.366622e-11 -1.356023e+02 1.284304e-59 -1.594567e+02 5.608071e-70
-2.298094e+01 1.045938e-10 -1.292381e+02 7.457768e-57 -1.522190e+02 7.800365e-67
-2.313045e+01 9.006859e-11 -1.272355e+02 5.525098e-56 -1.503659e+02 4.976378e-66
-2.569737e+01 6.914716e-12 -1.190670e+02 1.949263e-52 -1.447643e+02 1.347860e-63
-2.527443e+01 1.055490e-11 -1.226195e+02 5.585121e-54 -1.478939e+02 5.895040e-65
-2.406054e+01 3.553358e-11 -1.281625e+02 2.186510e-56 -1.522230e+02 7.769453e-67
-2.427308e+01 2.872987e-11 -1.158485e+02 4.871310e-51 -1.401216e+02 1.399521e-61
-2.414918e+01 3.251956e-11 -1.202694e+02 5.856851e-53 -1.444186e+02 1.904623e-63
-2.246345e+01 1.754880e-10 -1.183305e+02 4.071206e-52 -1.407939e+02 7.144478e-62
-2.285908e+01 1.181487e-10 -1.208714e+02 3.207902e-53 -1.437305e+02 3.790096e-63
-2.190919e+01 3.054640e-10 -1.199364e+02 8.171128e-53 -1.418456e+02 2.495985e-62
-2.286923e+01 1.169550e-10 -1.181513e+02 4.869997e-52 -1.410206e+02 5.695705e-62
-2.240014e+01 1.869566e-10 -1.205705e+02 4.334268e-53 -1.429706e+02 8.103199e-63
-2.316310e+01 8.717526e-11 -1.209821e+02 2.871640e-53 -1.441452e+02 2.503359e-63
-2.351959e+01 6.103390e-11 -1.210141e+02 2.781382e-53 -1.445337e+02 1.697586e-63
-2.276977e+01 1.291857e-10 -1.277345e+02 3.354304e-56 -1.505043e+02 4.333283e-66
-2.199432e+01 2.805355e-10 -1.215513e+02 1.625386e-53 -1.435456e+02 4.559783e-63
-2.295829e+01 1.069899e-10 -1.222343e+02 8.209748e-54 -1.451926e+02 8.783600e-64
-2.334435e+01 7.272431e-11 -1.208065e+02 3.422927e-53 -1.441509e+02 2.489300e-63
-2.294686e+01 1.082190e-10 -1.183144e+02 4.137372e-52 -1.412612e+02 4.477422e-62
-2.257263e+01 1.573372e-10 -1.198944e+02 8.521655e-53 -1.424670e+02 1.340773e-62
-2.304111e+01 9.848590e-11 -1.132350e+02 6.647683e-50 -1.362761e+02 6.547031e-60
-2.411906e+01 3.351409e-11 -1.165229e+02 2.481650e-51 -1.406420e+02 8.317024e-62
-2.474773e+01 1.787303e-11 -1.252780e+02 3.912502e-55 -1.500257e+02 6.992827e-66
-2.412461e+01 3.332857e-11 -1.253311e+02 3.710348e-55 -1.494557e+02 1.236606e-65
-2.484009e+01 1.629617e-11 -1.327370e+02 2.254550e-58 -1.575771e+02 3.674052e-69
-2.364552e+01 5.381230e-11 -1.327374e+02 2.253578e-58 -1.563829e+02 1.212702e-68
-2.298902e+01 1.037515e-10 -1.227686e+02 4.811390e-54 -1.457576e+02 4.991891e-64
-2.349183e+01 6.275218e-11 -1.146933e+02 1.546398e-50 -1.381852e+02 9.703988e-61
-2.226076e+01 2.149187e-10 -1.238768e+02 1.588561e-54 -1.461375e+02 3.414114e-64
-2.241162e+01 1.848226e-10 -1.180276e+02 5.511679e-52 -1.404392e+02 1.018683e-61
-2.253298e+01 1.637014e-10 -1.188395e+02 2.447120e-52 -1.413725e+02 4.005969e-62
-2.221621e+01 2.247095e-10 -1.237697e+02 1.768092e-54 -1.459859e+02 3.973072e-64
-2.094470e+01 8.013664e-10 -1.210579e+02 2.661994e-53 -1.420026e+02 2.133232e-62
-2.159002e+01 4.203155e-10 -1.212576e+02 2.180195e-53 -1.428476e+02 9.163698e-63
-2.256203e+01 1.590145e-10 -1.203902e+02 5.190144e-53 -1.429523e+02 8.253080e-63
-2.153253e+01 4.451872e-10 -1.284932e+02 1.570805e-56 -1.500257e+02 6.993024e-66
-2.153340e+01 4.447992e-10 -1.237933e+02 1.726917e-54 -1.453267e+02 7.681310e-64
-2.176277e+01 3.536294e-10 -1.231091e+02 3.422986e-54 -1.448719e+02 1.210468e-63
-2.202686e+01 2.715536e-10 -1.236210e+02 2.051519e-54 -1.456479e+02 5.570974e-64
-2.111250e+01 6.775773e-10 -1.221625e+02 8.820324e-54 -1.432750e+02 5.976452e-63
-2.179122e+01 3.437121e-10 -1.264312e+02 1.234838e-55 -1.482225e+02 4.244289e-65
-2.163737e+01 4.008759e-10 -1.227627e+02 4.840143e-54 -1.444000e+02 1.940297e-63
-2.266459e+01 1.435136e-10 -1.230960e+02 3.467915e-54 -1.457606e+02 4.976929e-64
-2.202461e+01 2.721646e-10 -1.290109e+02 9.360233e-57 -1.510355e+02 2.547524e-66
-2.112576e+01 6.686496e-10 -1.319531e+02 4.937395e-58 -1.530789e+02 3.301387e-67
-2.113796e+01 6.605403e-10 -1.301581e+02 2.972100e-57 -1.512960e+02 1.963192e-66
-2.895879e+01 2.650691e-13 -1.268955e+02 7.761876e-56 -1.558543e+02 2.057433e-68
-2.228226e+01 2.103475e-10 -1.179893e+02 5.726478e-52 -1.402716e+02 1.204550e-61
-2.278562e+01 1.271539e-10 -1.136347e+02 4.457343e-50 -1.364203e+02 5.667687e-60
-2.292530e+01 1.105782e-10 -1.172504e+02 1.198928e-51 -1.401757e+02 1.325753e-61
-2.314290e+01 8.895409e-11 -1.211657e+02 2.390079e-53 -1.443086e+02 2.126073e-63
-2.373505e+01 4.920362e-11 -1.219850e+02 1.053427e-53 -1.457200e+02 5.183240e-64
-2.366016e+01 5.303015e-11 -1.251074e+02 4.640384e-55 -1.487675e+02 2.460802e-65
-2.341905e+01 6.748932e-11 -1.287990e+02 1.156915e-56 -1.522181e+02 7.807940e-67
-2.381180e+01 4.556860e-11 -1.360010e+02 8.620131e-60 -1.598128e+02 3.928073e-70
-2.362794e+01 5.476655e-11 -1.319527e+02 4.939172e-58 -1.555807e+02 2.705014e-68
-2.453755e+01 2.205346e-11 -1.369167e+02 3.450192e-60 -1.614542e+02 7.608866e-71
-2.488092e+01 1.564427e-11 -1.308336e+02 1.512455e-57 -1.557145e+02 2.366126e-68
-2.503731e+01 1.337929e-11 -1.371206e+02 2.813767e-60 -1.621579e+02 3.764620e-71
-2.452259e+01 2.238585e-11 -1.460327e+02 3.791500e-64 -1.705553e+02 8.487594e-75
-2.583425e+01 6.030144e-12 -1.512315e+02 2.094165e-66 -1.770657e+02 1.262812e-77
-2.645010e+01 3.257369e-12 -1.511581e+02 2.253484e-66 -1.776082e+02 7.340429e-78
-2.597366e+01 5.245430e-12 -1.542981e+02 9.753879e-68 -1.802718e+02 5.116329e-79
-2.712340e+01 1.661342e-12 -1.646739e+02 3.041242e-72 -1.917973e+02 5.052542e-84
-2.732080e+01 1.363728e-12 -1.632145e+02 1.308711e-71 -1.905353e+02 1.784725e-83
-2.901112e+01 2.515549e-13 -1.655100e+02 1.318051e-72 -1.945211e+02 3.315623e-85
-2.951758e+01 1.515921e-13 -1.634672e+02 1.016457e-71 -1.929848e+02 1.540869e-84
-2.924513e+01 1.990686e-13 -1.638179e+02 7.157704e-72 -1.930631e+02 1.424875e-84
-2.978681e+01 1.158113e-13 -1.654421e+02 1.410570e-72 -1.952289e+02 1.633600e-85
-3.051586e+01 5.586385e-14 -1.734322e+02 4.778998e-76 -2.039481e+02 2.669733e-89
-2.991223e+01 1.021602e-13 -1.779651e+02 5.137555e-78 -2.078773e+02 5.248539e-91
-2.949526e+01 1.550145e-13 -1.750907e+02 9.101047e-77 -2.045859e+02 1.410794e-89
-2.742907e+01 1.223785e-12 -1.726763e+02 1.017765e-75 -2.001053e+02 1.245525e-87
-2.744316e+01 1.206672e-12 -1.664283e+02 5.261316e-73 -1.938715e+02 6.348680e-85
-2.963990e+01 1.341387e-13 -1.736616e+02 3.799419e-76 -2.033015e+02 5.096491e-89
-2.848689e+01 4.249120e-13 -1.778615e+02 5.698366e-78 -2.063484e+02 2.421304e-90
-2.935147e+01 1.789850e-13 -1.803742e+02 4.618247e-79 -2.097257e+02 8.265969e-92
-2.885123e+01 2.951699e-13 -1.780807e+02 4.576719e-78 -2.069319e+02 1.350910e-90
-2.710801e+01 1.687098e-12 -1.662486e+02 6.297076e-73 -1.933566e+02 1.062378e-84
-2.774717e+01 8.903455e-13 -1.675742e+02 1.672858e-73 -1.953213e+02 1.489421e-85
-2.622261e+01 4.089467e-12 -1.719360e+02 2.133813e-75 -1.981586e+02 8.726158e-87
-2.482269e+01 1.658221e-11 -1.684512e+02 6.959198e-74 -1.932739e+02 1.153989e-84
-2.417150e+01 3.180176e-11 -1.647383e+02 2.851373e-72 -1.889098e+02 9.067870e-83
-2.369578e+01 5.117423e-11 -1.527160e+02 4.745525e-67 -1.764118e+02 2.428486e-77
-2.442513e+01 2.467747e-11 -1.500185e+02 7.043746e-66 -1.744436e+02 1.738218e-76
-2.499467e+01 1.396217e-11 -1.462763e+02 2.971635e-64 -1.712710e+02 4.149047e-75
-2.469405e+01 1.885859e-11 -1.454593e+02 6.727301e-64 -1.701533e+02 1.268674e-74
-2.493709e+01 1.478967e-11 -1.389071e+02 4.714290e-61 -1.638442e+02 6.972281e-72
-2.444194e+01 2.426612e-11 -1.399585e+02 1.647306e-61 -1.644005e+02 3.997373e-72
-2.559104e+01 7.690450e-12 -1.389618e+02 4.463338e-61 -1.645528e+02 3.432508e-72
-2.461819e+01 2.034488e-11 -1.297873e+02 4.306250e-57 -1.544055e+02 8.761011e-68
-2.573715e+01 6.645066e-12 -1.292067e+02 7.695285e-57 -1.549439e+02 5.113568e-68
-2.450539e+01 2.277417e-11 -1.265974e+02 1.045791e-55 -1.511028e+02 2.381702e-66
-2.291344e+01 1.118970e-10 -1.277219e+02 3.396978e-56 -1.506353e+02 3.801117e-66
-2.380434e+01 4.590973e-11 -1.304752e+02 2.164507e-57 -1.542795e+02 9.937191e-68
-2.481462e+01 1.671652e-11 -1.305751e+02 1.958647e-57 -1.553897e+02 3.274176e-68
-2.646305e+01 3.215476e-12 -1.309456e+02 1.352188e-57 -1.574087e+02 4.347927e-69
-2.571222e+01 6.812808e-12 -1.491848e+02 1.621353e-65 -1.748970e+02 1.104596e-76
-2.593572e+01 5.448294e-12 -1.447911e+02 1.312283e-63 -1.707268e+02 7.149705e-75
-2.606211e+01 4.801407e-12 -1.470784e+02 1.332464e-64 -1.731405e+02 6.397703e-76
-2.683402e+01 2.218881e-12 -1.430976e+02 7.136545e-63 -1.699317e+02 1.583514e-74
-2.590434e+01 5.621992e-12 -1.359399e+02 9.163174e-60 -1.618442e+02 5.151529e-71
-2.544771e+01 8.875687e-12 -1.392825e+02 3.238831e-61 -1.647302e+02 2.874685e-72
-2.659413e+01 2.820423e-12 -1.337162e+02 8.467922e-59 -1.603104e+02 2.388312e-70
-2.614163e+01 4.434406e-12 -1.313808e+02 8.750995e-58 -1.575224e+02 3.880546e-69
-2.634118e+01 3.632192e-12 -1.260881e+02 1.740255e-55 -1.524293e+02 6.320939e-67
-2.659352e+01 2.822143e-12 -1.285411e+02 1.497324e-56 -1.551346e+02 4.225663e-68
-2.503501e+01 1.341011e-11 -1.234499e+02 2.434474e-54 -1.484849e+02 3.264655e-65
-2.226248e+01 2.145489e-10 -1.231642e+02 3.239313e-54 -1.454267e+02 6.949911e-64
-2.332159e+01 7.439805e-11 -1.225794e+02 5.813439e-54 -1.459010e+02 4.325085e-64
-2.379626e+01 4.628245e-11 -1.231661e+02 3.233361e-54 -1.469623e+02 1.496479e-64
-2.453544e+01 2.210008e-11 -1.176933e+02 7.699175e-52 -1.422288e+02 1.701523e-62
-2.641038e+01 3.389356e-12 -1.103138e+02 1.233981e-48 -1.367242e+02 4.182402e-60
-2.664257e+01 2.687073e-12 -1.112655e+02 4.764626e-49 -1.379080e+02 1.280290e-60
-2.683543e+01 2.215759e-12 -1.117724e+02 2.869867e-49 -1.386078e+02 6.358934e-61
-2.698244e+01 1.912834e-12 -1.027261e+02 2.435617e-45 -1.297086e+02 4.658932e-57
-2.613682e+01 4.455779e-12 -1.079269e+02 1.342522e-47 -1.340638e+02 5.981984e-59
-2.698749e+01 1.903185e-12 -1.196745e+02 1.061729e-52 -1.466620e+02 2.020666e-64
-2.623281e+01 4.047950e-12 -1.206950e+02 3.826778e-53 -1.469278e+02 1.549060e-64
-2.449233e+01 2.307362e-11 -1.256363e+02 2.734366e-55 -1.501286e+02 6.309172e-66
-2.633126e+01 3.668431e-12 -1.224192e+02 6.823987e-54 -1.487504e+02 2.503333e-65
-2.327494e+01 7.795136e-11 -1.188124e+02 2.514408e-52 -1.420873e+02 1.960015e-62
-2.247146e+01 1.740881e-10 -1.193171e+02 1.517903e-52 -1.417886e+02 2.642488e-62
-2.265031e+01 1.455772e-10 -1.234612e+02 2.406975e-54 -1.461115e+02 3.504006e-64
-2.315644e+01 8.775823e-11 -1.223968e+02 6.978174e-54 -1.455532e+02 6.123922e-64
-2.312023e+01 9.099404e-11 -1.193642e+02 1.448037e-52 -1.424844e+02 1.317628e-62
-2.257632e+01 1.567571e-10 -1.113288e+02 4.472374e-49 -1.339051e+02 7.010764e-59
-2.174035e+01 3.616471e-10 -1.147463e+02 1.466662e-50 -1.364866e+02 5.304141e-60
-2.121671e+01 6.105206e-10 -1.041279e+02 5.995379e-46 -1.253446e+02 3.660302e-55
-2.066335e+01 1.061749e-09 -1.083067e+02 9.183235e-48 -1.289701e+02 9.750289e-57
-2.121190e+01 6.134664e-10 -1.063618e+02 6.422094e-47 -1.275737e+02 3.939739e-56
-2.126859e+01 5.796516e-10 -1.043166e+02 4.964661e-46 -1.255852e+02 2.877774e-55
-2.143660e+01 4.900055e-10 -1.135012e+02 5.094192e-50 -1.349378e+02 2.496182e-59
-2.122826e+01 6.035084e-10 -1.074450e+02 2.173846e-47 -1.286733e+02 1.311934e-56
-2.113553e+01 6.621477e-10 -1.147898e+02 1.404136e-50 -1.359254e+02 9.297451e-60
-2.019498e+01 1.696018e-09 -1.113252e+02 4.488167e-49 -1.315202e+02 7.612012e-58
-1.984843e+01 2.398482e-09 -1.054984e+02 1.522790e-46 -1.253468e+02 3.652384e-55
-2.052286e+01 1.221897e-09 -1.101722e+02 1.421674e-48 -1.306951e+02 1.737139e-57
-2.127451e+01 5.762300e-10 -1.138608e+02 3.555322e-50 -1.351353e+02 2.048683e-59
-2.072134e+01 1.001932e-09 -1.117508e+02 2.932636e-49 -1.324721e+02 2.938302e-58
-2.087184e+01 8.619399e-10 -1.073104e+02 2.487168e-47 -1.281822e+02 2.143789e-56
-2.106748e+01 7.087756e-10 -1.134432e+02 5.398403e-50 -1.345106e+02 3.826256e-59
-2.060213e+01 1.128784e-09 -1.134029e+02 5.620101e-50 -1.340050e+02 6.343879e-59
-1.980292e+01 2.510153e-09 -1.081664e+02 1.056696e-47 -1.279693e+02 2.652468e-56
-2.029714e+01 1.531313e-09 -1.138304e+02 3.664979e-50 -1.341276e+02 5.612230e-59
-2.104813e+01 7.226223e-10 -1.160830e+02 3.852969e-51 -1.371311e+02 2.784241e-60
-2.039253e+01 1.391994e-09 -1.159259e+02 4.508607e-51 -1.363184e+02 6.275956e-60
-1.973309e+01 2.691695e-09 -1.119224e+02 2.470185e-49 -1.316555e+02 6.648984e-58
-1.971000e+01 2.754593e-09 -1.050991e+02 2.269983e-46 -1.248091e+02 6.252877e-55
-1.969955e+01 2.783509e-09 -1.056836e+02 1.265345e-46 -1.253831e+02 3.522099e-55
-1.998972e+01 2.082450e-09 -1.033422e+02 1.315325e-45 -1.233320e+02 2.739098e-54
-2.066445e+01 1.060580e-09 -1.015317e+02 8.041643e-45 -1.221961e+02 8.528808e-54
-2.149561e+01 4.619296e-10 -1.024443e+02 3.228594e-45 -1.239399e+02 1.491383e-54
-2.105558e+01 7.172649e-10 -1.097697e+02 2.126337e-48 -1.308253e+02 1.525147e-57
-2.093022e+01 8.130591e-10 -1.073317e+02 2.434558e-47 -1.282620e+02 1.979440e-56
-1.966448e+01 2.882874e-09 -1.031079e+02 1.662695e-45 -1.227724e+02 4.793341e-54
-2.035446e+01 1.446010e-09 -1.054513e+02 1.596185e-46 -1.258058e+02 2.308100e-55
-2.295615e+01 1.072191e-10 -1.151313e+02 9.979990e-51 -1.380874e+02 1.070046e-60
-2.133126e+01 5.444393e-10 -1.076545e+02 1.763049e-47 -1.289857e+02 9.598734e-57
-2.107637e+01 7.025021e-10 -1.021478e+02 4.342808e-45 -1.232242e+02 3.050832e-54
-2.136698e+01 5.253373e-10 -1.009239e+02 1.476766e-44 -1.222909e+02 7.758002e-54
-2.185183e+01 3.234980e-10 -1.037204e+02 9.011431e-46 -1.255722e+02 2.915180e-55
-2.193640e+01 2.972649e-10 -9.817207e+01 2.314263e-43 -1.201085e+02 6.879491e-53
-2.139458e+01 5.110382e-10 -9.960235e+01 5.536687e-44 -1.209969e+02 2.829458e-53
-2.157959e+01 4.247199e-10 -9.927101e+01 7.711641e-44 -1.208506e+02 3.275288e-53
-2.092486e+01 8.174255e-10 -1.040140e+02 6.718620e-46 -1.249389e+02 5.491972e-55
-2.119119e+01 6.263014e-10 -1.107092e+02 8.310071e-49 -1.319004e+02 5.204609e-58
-2.095579e+01 7.925304e-10 -1.176256e+02 8.238857e-52 -1.385814e+02 6.529544e-61
-2.302344e+01 1.002418e-10 -1.211569e+02 2.411236e-53 -1.441803e+02 2.417066e-63
-2.324110e+01 8.063410e-11 -1.203101e+02 5.623315e-53 -1.435512e+02 4.534310e-63
-2.285671e+01 1.184285e-10 -1.169825e+02 1.567269e-51 -1.398392e+02 1.856094e-61
-2.310224e+01 9.264594e-11 -1.165554e+02 2.402304e-51 -1.396576e+02 2.225637e-61
-2.392162e+01 4.082919e-11 -1.127764e+02 1.051565e-49 -1.366980e+02 4.293456e-60
-2.351429e+01 6.135862e-11 -9.991989e+01 4.030337e-44 -1.234342e+02 2.472959e-54
-2.369776e+01 5.107333e-11 -9.685684e+01 8.621979e-43 -1.205546e+02 4.403532e-53
-2.325846e+01 7.924664e-11 -9.995044e+01 3.909090e-44 -1.232089e+02 3.097822e-54
-2.370069e+01 5.092365e-11 -9.923348e+01 8.006593e-44 -1.229342e+02 4.077250e-54
-2.333320e+01 7.353945e-11 -9.638118e+01 1.387342e-42 -1.197144e+02 1.020243e-52
-2.261730e+01 1.504640e-10 -9.760321e+01 4.087579e-43 -1.202205e+02 6.150337e-53
-2.232830e+01 2.008836e-10 -1.020994e+02 4.557993e-45 -1.244277e+02 9.156259e-55
-2.247218e+01 1.739631e-10 -9.672844e+01 9.803297e-43 -1.192006e+02 1.705412e-52
-2.239072e+01 1.887275e-10 -9.689893e+01 8.266612e-43 -1.192897e+02 1.560137e-52
-2.160359e+01 4.146477e-10 -1.004945e+02 2.268880e-44 -1.220980e+02 9.407858e-54
-2.243963e+01 1.797183e-10 -1.070705e+02 3.161250e-47 -1.295102e+02 5.681344e-57
-2.327514e+01 7.793524e-11 -1.051836e+02 2.086136e-46 -1.284587e+02 1.625835e-56
-2.254454e+01 1.618198e-10 -1.018282e+02 5.978281e-45 -1.243727e+02 9.674043e-55
-2.189802e+01 3.088942e-10 -1.015415e+02 7.963103e-45 -1.234395e+02 2.459756e-54
-2.140067e+01 5.079326e-10 -1.002041e+02 3.033185e-44 -1.216048e+02 1.540653e-53
-2.137058e+01 5.234505e-10 -9.885172e+01 1.172856e-43 -1.202223e+02 6.139319e-53
-2.180475e+01 3.390926e-10 -1.032795e+02 1.400551e-45 -1.250842e+02 4.749164e-55
-2.175756e+01 3.554783e-10 -1.097047e+02 2.269007e-48 -1.314623e+02 8.065827e-58
-2.150615e+01 4.570845e-10 -1.056990e+02 1.245976e-46 -1.272051e+02 5.695162e-56
-2.858753e+01 3.842302e-13 -9.961462e+01 5.469176e-44 -1.282022e+02 2.101423e-56
-2.307150e+01 9.553796e-11 -9.976106e+01 4.724138e-44 -1.228326e+02 4.513345e-54
-2.520223e+01 1.134521e-11 -1.022545e+02 3.903312e-45 -1.274567e+02 4.428389e-56
-2.384022e+01 4.429186e-11 -1.071328e+02 2.970361e-47 -1.309730e+02 1.315628e-57
-2.474723e+01 1.788203e-11 -1.105322e+02 9.918765e-49 -1.352795e+02 1.773676e-59
-2.196396e+01 2.891823e-10 -1.010399e+02 1.314962e-44 -1.230039e+02 3.802636e-54
-2.449705e+01 2.296506e-11 -1.014499e+02 8.726646e-45 -1.259470e+02 2.004079e-55
-2.285038e+01 1.191806e-10 -1.082186e+02 1.002951e-47 -1.310689e+02 1.195323e-57
-2.322046e+01 8.231599e-11 -1.128374e+02 9.893197e-50 -1.360579e+02 8.143683e-60
-2.335845e+01 7.170554e-11 -1.166388e+02 2.209998e-51 -1.399973e+02 1.584691e-61
-2.328152e+01 7.744010e-11 -1.155798e+02 6.372494e-51 -1.388614e+02 4.934866e-61
-2.398406e+01 3.835794e-11 -1.223227e+02 7.514603e-54 -1.463068e+02 2.882447e-64
-2.469392e+01 1.886114e-11 -1.207153e+02 3.749955e-53 -1.454092e+02 7.072844e-64
-2.359294e+01 5.671765e-11 -1.204968e+02 4.665394e-53 -1.440898e+02 2.646102e-63
-2.381440e+01 4.545028e-11 -1.164198e+02 2.751107e-51 -1.402342e+02 1.250386e-61
-2.506881e+01 1.296447e-11 -1.189920e+02 2.101085e-52 -1.440608e+02 2.723945e-63
-2.496365e+01 1.440201e-11 -1.155075e+02 6.850877e-51 -1.404711e+02 9.866639e-62
-2.503486e+01 1.341218e-11 -1.186971e+02 2.821587e-52 -1.437320e+02 3.784365e-63
-2.400383e+01 3.760702e-11 -1.213811e+02 1.926811e-53 -1.453850e+02 7.246160e-64
-2.331172e+01 7.513572e-11 -1.154582e+02 7.196683e-51 -1.387699e+02 5.407280e-61
-2.507557e+01 1.287716e-11 -1.206527e+02 3.992225e-53 -1.457282e+02 5.140851e-64
-2.382339e+01 4.504376e-11 -1.181897e+02 4.686505e-52 -1.420131e+02 2.110978e-62
-2.320672e+01 8.345472e-11 -1.085168e+02 7.443439e-48 -1.317235e+02 6.211901e-58
-2.344123e+01 6.600915e-11 -1.052786e+02 1.897156e-46 -1.287198e+02 1.252296e-56
-2.237442e+01 1.918285e-10 -1.000350e+02 3.592115e-44 -1.224094e+02 6.890702e-54
-2.243322e+01 1.808747e-10 -1.027959e+02 2.271475e-45 -1.252291e+02 4.108523e-55
-2.338361e+01 6.992390e-11 -9.955002e+01 5.834147e-44 -1.229336e+02 4.079463e-54
-2.398509e+01 3.831845e-11 -1.031859e+02 1.537842e-45 -1.271710e+02 5.892772e-56
-2.390729e+01 4.141849e-11 -9.733778e+01 5.330157e-43 -1.212451e+02 2.207671e-53
-2.454409e+01 2.190984e-11 -9.035818e+01 5.727160e-40 -1.149023e+02 1.254812e-50
-2.343200e+01 6.662086e-11 -9.352964e+01 2.402113e-41 -1.169616e+02 1.600308e-51
-2.329091e+01 7.671587e-11 -9.194242e+01 1.174662e-40 -1.152333e+02 9.011520e-51
-2.347942e+01 6.353587e-11 -9.540544e+01 3.680815e-42 -1.188849e+02 2.338638e-52
-2.392618e+01 4.064347e-11 -1.021815e+02 4.198962e-45 -1.261077e+02 1.706604e-55
-2.304100e+01 9.849644e-11 -9.424910e+01 1.169862e-41 -1.172901e+02 1.152273e-51
-2.301406e+01 1.011860e-10 -9.659887e+01 1.115953e-42 -1.196129e+02 1.129187e-52
-2.285619e+01 1.184902e-10 -9.327179e+01 3.108677e-41 -1.161280e+02 3.683479e-51
-2.511461e+01 1.238403e-11 -8.349724e+01 5.465237e-37 -1.086119e+02 6.768168e-48
-2.588736e+01 5.718236e-12 -8.127877e+01 5.024312e-36 -1.071661e+02 2.873020e-47
-2.674078e+01 2.435727e-12 -7.790732e+01 1.463130e-34 -1.046481e+02 3.563785e-46
-2.585708e+01 5.894024e-12 -8.049391e+01 1.101384e-35 -1.063510e+02 6.491584e-47
-2.467284e+01 1.926297e-11 -7.956346e+01 2.792716e-35 -1.042363e+02 5.379602e-46
-2.532415e+01 1.004300e-11 -7.681270e+01 4.371887e-34 -1.021368e+02 4.390685e-45
-2.511987e+01 1.231910e-11 -7.284068e+01 2.321107e-32 -9.796055e+01 2.859394e-43
-2.687374e+01 2.132473e-12 -7.123384e+01 1.157539e-31 -9.810758e+01 2.468422e-43
-2.593798e+01 5.436010e-12 -7.146565e+01 9.180406e-32 -9.740363e+01 4.990477e-43
-2.523202e+01 1.101215e-11 -7.175329e+01 6.885620e-32 -9.698531e+01 7.582546e-43
-2.562005e+01 7.470604e-12 -6.820444e+01 2.394348e-30 -9.382449e+01 1.788722e-41
-2.576271e+01 6.477325e-12 -7.394962e+01 7.657498e-33 -9.971234e+01 4.960010e-44
-2.673739e+01 2.443993e-12 -7.334815e+01 1.397346e-32 -1.000855e+02 3.415105e-44
-2.657748e+01 2.867796e-12 -7.749898e+01 2.201011e-34 -1.040765e+02 6.312050e-46
-2.706516e+01 1.760959e-12 -8.218839e+01 2.023190e-36 -1.092536e+02 3.562755e-48
-2.703408e+01 1.816550e-12 -8.348291e+01 5.544135e-37 -1.105170e+02 1.007120e-48
-2.777937e+01 8.621279e-13 -8.487633e+01 1.376191e-37 -1.126557e+02 1.186452e-49
-2.768922e+01 9.434655e-13 -8.397565e+01 3.387186e-37 -1.116649e+02 3.195693e-49
-2.795007e+01 7.268419e-13 -8.046425e+01 1.134546e-35 -1.084143e+02 8.246354e-48
-2.919918e+01 2.084291e-13 -8.768610e+01 8.287276e-39 -1.168853e+02 1.727310e-51
-2.928827e+01 1.906619e-13 -8.603599e+01 4.315644e-38 -1.153243e+02 8.228290e-51
-2.822101e+01 5.543311e-13 -8.686365e+01 1.886236e-38 -1.150847e+02 1.045599e-50
-2.776468e+01 8.748911e-13 -9.169172e+01 1.509351e-40 -1.194564e+02 1.320518e-52
-2.861427e+01 3.740934e-13 -9.069331e+01 4.096357e-40 -1.193076e+02 1.532420e-52
-2.826438e+01 5.308052e-13 -8.466882e+01 1.693559e-37 -1.129332e+02 8.989498e-50
-2.712437e+01 1.659728e-12 -8.632573e+01 3.230081e-38 -1.134501e+02 5.361054e-50
-2.576761e+01 6.445709e-12 -8.490085e+01 1.342856e-37 -1.106685e+02 8.655660e-49
-2.424595e+01 2.951997e-11 -8.069831e+01 8.977785e-36 -1.049443e+02 2.650240e-46
-2.521485e+01 1.120284e-11 -7.884050e+01 5.754477e-35 -1.040554e+02 6.446649e-46
-2.515913e+01 1.184483e-11 -7.906839e+01 4.581796e-35 -1.042275e+02 5.427058e-46
-2.574748e+01 6.576751e-12 -7.893208e+01 5.250869e-35 -1.046796e+02 3.453366e-46
-2.421810e+01 3.035392e-11 -8.031879e+01 1.312181e-35 -1.045369e+02 3.982985e-46
-2.434697e+01 2.668371e-11 -7.725957e+01 2.796368e-34 -1.016065e+02 7.461747e-45
-2.452264e+01 2.238468e-11 -8.324215e+01 7.053292e-37 -1.077648e+02 1.578857e-47
-2.351221e+01 6.148595e-11 -8.505220e+01 1.154249e-37 -1.085644e+02 7.097012e-48
-2.358344e+01 5.725904e-11 -8.246315e+01 1.537117e-36 -1.060466e+02 8.801385e-47
-2.980713e+01 1.134818e-13 -7.906147e+01 4.613590e-35 -1.088686e+02 5.235587e-48
-2.355323e+01 5.901485e-11 -8.154824e+01 3.837491e-36 -1.051015e+02 2.264689e-46
-2.253610e+01 1.631906e-10 -8.220839e+01 1.983118e-36 -1.047445e+02 3.236263e-46
-2.276099e+01 1.303246e-10 -8.403774e+01 3.183283e-37 -1.067987e+02 4.148602e-47
-2.279539e+01 1.259176e-10 -8.543169e+01 7.897508e-38 -1.082271e+02 9.944355e-48
-2.275601e+01 1.309754e-10 -8.298079e+01 9.160138e-37 -1.057368e+02 1.199753e-46
-2.218788e+01 2.311679e-10 -8.335786e+01 6.282644e-37 -1.055457e+02 1.452346e-46
-2.257141e+01 1.575298e-10 -8.562253e+01 6.525412e-38 -1.081939e+02 1.027947e-47
-2.292967e+01 1.100953e-10 -8.383862e+01 3.884625e-37 -1.067683e+02 4.276790e-47
-2.279634e+01 1.257984e-10 -8.623925e+01 3.521827e-38 -1.090356e+02 4.430402e-48
-2.453276e+01 2.215945e-11 -8.782056e+01 7.244583e-39 -1.123533e+02 1.605359e-49
-2.579443e+01 6.275083e-12 -8.861325e+01 3.279110e-39 -1.144077e+02 2.057669e-50
-2.667754e+01 2.594730e-12 -9.157900e+01 1.689444e-40 -1.182565e+02 4.383651e-52
-2.598339e+01 5.194666e-12 -8.688806e+01 1.840760e-38 -1.128714e+02 9.562132e-50
-2.606830e+01 4.771795e-12 -8.862789e+01 3.231434e-39 -1.146962e+02 1.541974e-50
-2.621306e+01 4.128706e-12 -8.955654e+01 1.276697e-39 -1.157696e+02 5.271105e-51
-2.422414e+01 3.017103e-11 -9.271477e+01 5.426079e-41 -1.169389e+02 1.637104e-51
-2.501470e+01 1.368530e-11 -9.586543e+01 2.323659e-42 -1.208801e+02 3.179998e-53
-2.204213e+01 2.674383e-10 -9.116599e+01 2.553381e-40 -1.132081e+02 6.828719e-50
-2.225444e+01 2.162812e-10 -9.125512e+01 2.335646e-40 -1.135096e+02 5.051563e-50
-2.439276e+01 2.548932e-11 -9.232039e+01 8.049434e-41 -1.167131e+02 2.051746e-51
-2.427992e+01 2.853405e-11 -9.345091e+01 2.598879e-41 -1.177308e+02 7.415653e-52
-2.324658e+01 8.019341e-11 -9.725673e+01 5.780155e-43 -1.205033e+02 4.635303e-53
-2.267501e+01 1.420266e-10 -1.001285e+02 3.271360e-44 -1.228035e+02 4.646202e-54
-2.213593e+01 2.434938e-10 -9.869842e+01 1.367164e-43 -1.208344e+02 3.328959e-53
-2.230613e+01 2.053863e-10 -9.626769e+01 1.554080e-42 -1.185738e+02 3.191867e-52
-2.288456e+01 1.151758e-10 -9.692744e+01 8.034255e-43 -1.198120e+02 9.253521e-53
-2.765093e+01 9.802892e-13 -1.008628e+02 1.569839e-44 -1.285137e+02 1.538896e-56
-2.383247e+01 4.463624e-11 -1.034317e+02 1.202759e-45 -1.272642e+02 5.368665e-56
-2.500938e+01 1.375834e-11 -1.113162e+02 4.528982e-49 -1.363255e+02 6.231125e-60
-2.473089e+01 1.817655e-11 -1.136944e+02 4.199022e-50 -1.384253e+02 7.632373e-61
-2.501370e+01 1.369898e-11 -1.052430e+02 1.965871e-46 -1.302567e+02 2.693042e-57
-2.474709e+01 1.788437e-11 -9.971841e+01 4.929985e-44 -1.244655e+02 8.816965e-55
-2.419605e+01 3.103041e-11 -1.078286e+02 1.481216e-47 -1.320247e+02 4.596274e-58
-2.370897e+01 5.050399e-11 -1.058169e+02 1.107443e-46 -1.295258e+02 5.593030e-57
-2.360762e+01 5.589071e-11 -1.118984e+02 2.530153e-49 -1.355060e+02 1.414121e-59
-2.400561e+01 3.754025e-11 -1.116048e+02 3.393686e-49 -1.356104e+02 1.273998e-59
-2.455703e+01 2.162806e-11 -1.095116e+02 2.752362e-48 -1.340687e+02 5.952827e-59
-2.553583e+01 8.127014e-12 -1.134315e+02 5.461507e-50 -1.389674e+02 4.438574e-61
-2.597317e+01 5.248009e-12 -1.030790e+02 1.711483e-45 -1.290521e+02 8.981880e-57
-2.654656e+01 2.957831e-12 -9.894458e+01 1.068845e-43 -1.254911e+02 3.161464e-55
-2.707811e+01 1.738304e-12 -1.077249e+02 1.643185e-47 -1.348030e+02 2.856355e-59
-2.636639e+01 3.541797e-12 -1.106827e+02 8.532825e-49 -1.370491e+02 3.022153e-60
-2.626418e+01 3.922921e-12 -1.102459e+02 1.320726e-48 -1.365101e+02 5.181103e-60
-2.517862e+01 1.161620e-11 -1.114066e+02 4.137459e-49 -1.365852e+02 4.806156e-60
-2.478645e+01 1.719418e-11 -1.100585e+02 1.592896e-48 -1.348450e+02 2.738855e-59
-2.552766e+01 8.193665e-12 -1.174160e+02 1.015918e-51 -1.429437e+02 8.324089e-63
-2.501688e+01 1.365547e-11 -1.148107e+02 1.375195e-50 -1.398275e+02 1.877894e-61
-2.407986e+01 3.485389e-11 -1.136169e+02 4.537518e-50 -1.376967e+02 1.581501e-60
-2.510962e+01 1.244604e-11 -1.147970e+02 1.394116e-50 -1.399066e+02 1.735123e-61
-2.519491e+01 1.142853e-11 -1.153098e+02 8.348338e-51 -1.405047e+02 9.540919e-62
-2.638004e+01 3.493779e-12 -1.157239e+02 5.517639e-51 -1.421039e+02 1.927741e-62
-2.629957e+01 3.786518e-12 -1.136812e+02 4.254912e-50 -1.399808e+02 1.611130e-61
-2.642446e+01 3.341982e-12 -1.103800e+02 1.155019e-48 -1.368044e+02 3.860052e-60
-2.713894e+01 1.635720e-12 -1.118310e+02 2.706595e-49 -1.389699e+02 4.427231e-61
-2.801615e+01 6.803634e-13 -1.152117e+02 9.208671e-51 -1.432278e+02 6.265243e-63
-2.893985e+01 2.701359e-13 -1.145531e+02 1.779241e-50 -1.434929e+02 4.806368e-63
-2.850082e+01 4.190345e-13 -1.139860e+02 3.136882e-50 -1.424868e+02 1.314462e-62
-2.757530e+01 1.057301e-12 -1.174102e+02 1.021889e-51 -1.449855e+02 1.080444e-63
-2.843903e+01 4.457455e-13 -1.144466e+02 1.979200e-50 -1.428856e+02 8.822197e-63
-2.826730e+01 5.292607e-13 -1.202869e+02 5.755313e-53 -1.485542e+02 3.046061e-65
-2.966679e+01 1.305802e-13 -1.285185e+02 1.531524e-56 -1.581853e+02 1.999868e-69
-2.913607e+01 2.220073e-13 -1.211456e+02 2.438662e-53 -1.502816e+02 5.414007e-66
-2.923261e+01 2.015752e-13 -1.244087e+02 9.332483e-55 -1.536413e+02 1.881197e-67
-2.984897e+01 1.088316e-13 -1.267845e+02 8.673158e-56 -1.566335e+02 9.439140e-69
-2.845885e+01 4.369965e-13 -1.192897e+02 1.560123e-52 -1.477485e+02 6.817685e-65
-2.994885e+01 9.848687e-14 -1.251357e+02 4.510738e-55 -1.550846e+02 4.442485e-68
-2.682625e+01 2.236184e-12 -1.218767e+02 1.173882e-53 -1.487029e+02 2.625016e-65
-2.662401e+01 2.737414e-12 -1.173323e+02 1.104665e-51 -1.439563e+02 3.023926e-63
-2.652003e+01 3.037364e-12 -1.197550e+02 9.796456e-53 -1.462750e+02 2.975541e-64
-2.682376e+01 2.241750e-12 -1.165935e+02 2.312609e-51 -1.434172e+02 5.184290e-63
-2.680810e+01 2.277132e-12 -1.155984e+02 6.255119e-51 -1.424065e+02 1.424373e-62
-2.627500e+01 3.880704e-12 -1.210505e+02 2.681936e-53 -1.473255e+02 1.040780e-64
-2.523507e+01 1.097863e-11 -1.173150e+02 1.123942e-51 -1.425501e+02 1.233934e-62
-2.643033e+01 3.322412e-12 -1.249670e+02 5.339494e-55 -1.513974e+02 1.774000e-66
-2.712763e+01 1.654323e-12 -1.234682e+02 2.390206e-54 -1.505958e+02 3.954172e-66
-2.721085e+01 1.522216e-12 -1.242634e+02 1.079155e-54 -1.514743e+02 1.642707e-66
-2.791950e+01 7.494032e-13 -1.252577e+02 3.992845e-55 -1.531772e+02 2.992251e-67
-2.940809e+01 1.691340e-13 -1.314814e+02 7.913547e-58 -1.608894e+02 1.338450e-70
-2.807727e+01 6.400263e-13 -1.296198e+02 5.091161e-57 -1.576971e+02 3.258477e-69
-2.805401e+01 6.550832e-13 -1.250443e+02 4.942580e-55 -1.530983e+02 3.237801e-67
-2.905347e+01 2.411225e-13 -1.277131e+02 3.427049e-56 -1.567665e+02 8.263384e-69
-2.926041e+01 1.960489e-13 -1.361315e+02 7.565506e-60 -1.653919e+02 1.483209e-72
-2.906349e+01 2.387196e-13 -1.297735e+02 4.366217e-57 -1.588369e+02 1.042302e-69
-2.891151e+01 2.779026e-13 -1.275826e+02 3.904752e-56 -1.564941e+02 1.085141e-68
-2.692174e+01 2.032529e-12 -1.233884e+02 2.588724e-54 -1.503102e+02 5.261658e-66
-2.709696e+01 1.705838e-12 -1.262351e+02 1.502362e-55 -1.533321e+02 2.562786e-67
-2.683045e+01 2.226810e-12 -1.221952e+02 8.536633e-54 -1.490257e+02 1.900946e-65
-2.676732e+01 2.371922e-12 -1.235555e+02 2.190419e-54 -1.503228e+02 5.195503e-66
-2.619687e+01 4.196093e-12 -1.194278e+02 1.358829e-52 -1.456247e+02 5.701773e-64
-2.579503e+01 6.271356e-12 -1.132058e+02 6.844663e-50 -1.390008e+02 4.292532e-61
-2.584063e+01 5.991788e-12 -1.112429e+02 4.873337e-49 -1.370835e+02 2.920000e-60
-2.665000e+01 2.667186e-12 -1.099776e+02 1.727223e-48 -1.366276e+02 4.606826e-60
-2.550872e+01 8.350322e-12 -1.053740e+02 1.724522e-46 -1.308827e+02 1.440031e-57
-2.509694e+01 1.260489e-11 -1.006839e+02 1.877312e-44 -1.257808e+02 2.366331e-55
-2.559937e+01 7.626672e-12 -1.025290e+02 2.966403e-45 -1.281283e+02 2.262378e-56
-2.756986e+01 1.063067e-12 -1.110024e+02 6.198413e-49 -1.385722e+02 6.589331e-61
-2.749557e+01 1.145048e-12 -1.141262e+02 2.726657e-50 -1.416218e+02 3.122155e-62
-2.853812e+01 4.036937e-13 -1.159748e+02 4.293058e-51 -1.445130e+02 1.733080e-63
-2.874802e+01 3.272609e-13 -1.163301e+02 3.009543e-51 -1.450781e+02 9.849058e-64
-3.143173e+01 2.235487e-14 -1.166819e+02 2.116857e-51 -1.481136e+02 4.732206e-65
-3.208047e+01 1.168498e-14 -1.210587e+02 2.660018e-53 -1.531391e+02 3.108226e-67
-3.325797e+01 3.599532e-15 -1.235323e+02 2.241925e-54 -1.567902e+02 8.069881e-69
-3.280241e+01 5.676686e-15 -1.136976e+02 4.185717e-50 -1.465000e+02 2.376100e-64
-3.195936e+01 1.318944e-14 -1.075183e+02 2.020206e-47 -1.394777e+02 2.664540e-61
-3.165047e+01 1.796285e-14 -1.058642e+02 1.056251e-46 -1.375147e+02 1.897328e-60
-3.090801e+01 3.774173e-14 -1.058673e+02 1.052937e-46 -1.367753e+02 3.973967e-60
-3.103197e+01 3.334157e-14 -1.035823e+02 1.034623e-45 -1.346143e+02 3.449597e-59
-3.138041e+01 2.353211e-14 -1.093548e+02 3.219528e-48 -1.407353e+02 7.576229e-62
-3.004661e+01 8.931490e-14 -1.053619e+02 1.745440e-46 -1.354085e+02 1.558938e-59
-3.032747e+01 6.744442e-14 -1.080869e+02 1.144023e-47 -1.384144e+02 7.715798e-61
-3.119697e+01 2.827023e-14 -1.100602e+02 1.590289e-48 -1.412571e+02 4.495785e-62
-3.177874e+01 1.580038e-14 -1.106539e+02 8.782883e-49 -1.424326e+02 1.387729e-62
-3.051481e+01 5.592264e-14 -1.021519e+02 4.325207e-45 -1.326667e+02 2.418770e-58
-3.062573e+01 5.005101e-14 -1.029660e+02 1.916258e-45 -1.335917e+02 9.591066e-59
-2.948902e+01 1.559852e-13 -9.577934e+01 2.532567e-42 -1.252684e+02 3.950430e-55
-2.868311e+01 3.492062e-13 -9.268884e+01 5.568607e-41 -1.213720e+02 1.944592e-53
-2.915537e+01 2.177633e-13 -9.196899e+01 1.143869e-40 -1.211244e+02 2.490927e-53
-2.867970e+01 3.504019e-13 -9.373044e+01 1.965108e-41 -1.224101e+02 6.885776e-54
-2.903804e+01 2.448727e-13 -9.146210e+01 1.898948e-40 -1.205001e+02 4.650006e-53
-2.940106e+01 1.703257e-13 -9.308075e+01 3.763071e-41 -1.224818e+02 6.409476e-54
-2.938139e+01 1.737095e-13 -9.391775e+01 1.629445e-41 -1.232991e+02 2.830501e-54
-2.803651e+01 6.666490e-13 -9.325733e+01 3.153948e-41 -1.212938e+02 2.102576e-53
-2.929360e+01 1.896487e-13 -8.968228e+01 1.125846e-39 -1.189759e+02 2.135152e-52
-2.873161e+01 3.326752e-13 -8.952447e+01 1.318308e-39 -1.182561e+02 4.385682e-52
-2.832228e+01 5.009475e-13 -9.172983e+01 1.452922e-40 -1.200521e+02 7.278377e-53
-2.756453e+01 1.068754e-12 -8.132601e+01 4.792482e-36 -1.088905e+02 5.121983e-48
-2.695093e+01 1.974066e-12 -8.052611e+01 1.066487e-35 -1.074770e+02 2.105316e-47
-2.816129e+01 5.884447e-13 -7.208453e+01 4.944108e-32 -1.002458e+02 2.909334e-44
-2.691550e+01 2.045258e-12 -7.587939e+01 1.111732e-33 -1.027949e+02 2.273779e-45
-2.724546e+01 1.470435e-12 -7.507684e+01 2.480512e-33 -1.023223e+02 3.647432e-45
-2.797365e+01 7.099035e-13 -7.176620e+01 6.797257e-32 -9.973985e+01 4.825396e-44
-2.817388e+01 5.810828e-13 -7.200798e+01 5.337416e-32 -1.001819e+02 3.101480e-44
-2.964522e+01 1.334278e-13 -7.586459e+01 1.128304e-33 -1.055098e+02 1.505472e-46
-2.952820e+01 1.499907e-13 -7.736951e+01 2.505244e-34 -1.068977e+02 3.757631e-47
-2.895100e+01 2.671404e-13 -8.003543e+01 1.742017e-35 -1.089864e+02 4.653632e-48
-2.706425e+01 1.762565e-12 -7.693336e+01 3.874946e-34 -1.039976e+02 6.829846e-46
-2.807803e+01 6.395389e-13 -7.778984e+01 1.645520e-34 -1.058679e+02 1.052374e-46
-2.786573e+01 7.908003e-13 -7.877086e+01 6.169514e-35 -1.066366e+02 4.878853e-47
-2.727497e+01 1.427674e-12 -8.042762e+01 1.176875e-35 -1.077026e+02 1.680194e-47
-2.605679e+01 4.827046e-12 -8.374719e+01 4.256559e-37 -1.098040e+02 2.054661e-48
-2.538924e+01 9.410089e-12 -8.495922e+01 1.266720e-37 -1.103485e+02 1.191995e-48
-2.569089e+01 6.959646e-12 -8.417477e+01 2.775645e-37 -1.098657e+02 1.931751e-48
-2.585733e+01 5.892590e-12 -8.458804e+01 1.836043e-37 -1.104454e+02 1.081905e-48
-2.559729e+01 7.642525e-12 -8.968013e+01 1.128269e-39 -1.152774e+02 8.622821e-51
-2.557564e+01 7.809784e-12 -9.014857e+01 7.062751e-40 -1.157242e+02 5.515856e-51
-2.556405e+01 7.900833e-12 -9.473545e+01 7.193125e-42 -1.202995e+02 5.683168e-53
-2.566394e+01 7.149744e-12 -9.366838e+01 2.090926e-41 -1.193323e+02 1.494959e-52
-2.572750e+01 6.709502e-12 -1.007980e+02 1.674920e-44 -1.265255e+02 1.123788e-55
-2.453959e+01 2.200860e-11 -9.749076e+01 4.574063e-43 -1.220303e+02 1.006688e-53
-2.469214e+01 1.889473e-11 -9.915559e+01 8.655151e-44 -1.238477e+02 1.635367e-54
-2.480240e+01 1.692219e-11 -1.010173e+02 1.345040e-44 -1.258197e+02 2.276103e-55
-2.519856e+01 1.138683e-11 -1.036813e+02 9.370662e-46 -1.288799e+02 1.067021e-56
-2.467128e+01 1.929293e-11 -1.028063e+02 2.247956e-45 -1.274776e+02 4.336965e-56
-2.489118e+01 1.548447e-11 -1.030449e+02 1.770827e-45 -1.279361e+02 2.742032e-56
-2.508306e+01 1.278098e-11 -1.016381e+02 7.229602e-45 -1.267212e+02 9.240140e-56
-2.406109e+01 3.551411e-11 -9.752768e+01 4.408245e-43 -1.215888e+02 1.565549e-53
-2.557655e+01 7.802686e-12 -9.483874e+01 6.487221e-42 -1.204153e+02 5.061775e-53
-2.541858e+01 9.137969e-12 -9.321419e+01 3.293008e-41 -1.186328e+02 3.009140e-52
-2.464850e+01 1.973757e-11 -9.362401e+01 2.185790e-41 -1.182725e+02 4.314218e-52
-2.489620e+01 1.540697e-11 -9.943557e+01 6.541522e-44 -1.243318e+02 1.007850e-54
-2.515085e+01 1.194326e-11 -9.917675e+01 8.473958e-44 -1.243276e+02 1.012067e-54
-2.560651e+01 7.572395e-12 -9.686781e+01 8.527965e-43 -1.224743e+02 6.457712e-54
-2.560909e+01 7.552916e-12 -1.006241e+02 1.993019e-44 -1.262332e+02 1.505311e-55
-2.637245e+01 3.520375e-12 -9.713081e+01 6.555761e-43 -1.235033e+02 2.307874e-54
-2.634816e+01 3.606961e-12 -1.003839e+02 2.534196e-44 -1.267320e+02 9.140746e-56
-2.718137e+01 1.567766e-12 -1.054638e+02 1.576315e-46 -1.326452e+02 2.471293e-58
-2.689187e+01 2.094150e-12 -1.069915e+02 3.421142e-47 -1.338834e+02 7.164385e-59
-2.722598e+01 1.499357e-12 -1.003853e+02 2.530477e-44 -1.276113e+02 3.794089e-56
-2.704408e+01 1.798484e-12 -1.007283e+02 1.795852e-44 -1.277723e+02 3.229812e-56
-2.745735e+01 1.189659e-12 -9.508197e+01 5.086572e-42 -1.225393e+02 6.051285e-54
-2.677217e+01 2.360438e-12 -9.618525e+01 1.687625e-42 -1.229574e+02 3.983535e-54
-2.692858e+01 2.018668e-12 -1.010491e+02 1.302961e-44 -1.279777e+02 2.630246e-56
-2.648749e+01 3.137842e-12 -9.888092e+01 1.139103e-43 -1.253684e+02 3.574326e-55
-2.672443e+01 2.475875e-12 -9.560288e+01 3.021308e-42 -1.223273e+02 7.480379e-54
-2.613121e+01 4.480829e-12 -9.358915e+01 2.263337e-41 -1.197204e+02 1.014162e-52
-2.584278e+01 5.978941e-12 -9.627517e+01 1.542494e-42 -1.221180e+02 9.222480e-54
-2.624407e+01 4.002624e-12 -9.666276e+01 1.046875e-42 -1.229068e+02 4.190248e-54
-2.740242e+01 1.256843e-12 -1.023779e+02 3.450089e-45 -1.297803e+02 4.336218e-57
-2.677982e+01 2.342448e-12 -1.066421e+02 4.851902e-47 -1.334220e+02 1.136533e-58
-2.708992e+01 1.717894e-12 -1.058513e+02 1.069988e-46 -1.329412e+02 1.838126e-58
-2.730068e+01 1.391445e-12 -1.077640e+02 1.580134e-47 -1.350647e+02 2.198670e-59
-2.657851e+01 2.864829e-12 -1.108174e+02 7.457852e-49 -1.373959e+02 2.136547e-60
-2.578380e+01 6.342199e-12 -1.068182e+02 4.068551e-47 -1.326020e+02 2.580356e-58
-2.549353e+01 8.478109e-12 -1.087517e+02 5.884642e-48 -1.342453e+02 4.989064e-59
-2.541382e+01 9.181637e-12 -1.086122e+02 6.765588e-48 -1.340261e+02 6.211917e-59
-2.599311e+01 5.144420e-12 -1.100291e+02 1.640441e-48 -1.360222e+02 8.439115e-60
-2.551424e+01 8.304367e-12 -1.033181e+02 1.347463e-45 -1.288323e+02 1.118983e-56
-2.595759e+01 5.330407e-12 -1.054478e+02 1.601756e-46 -1.314054e+02 8.538010e-58
-2.604843e+01 4.867534e-12 -1.036783e+02 9.399400e-46 -1.297267e+02 4.575190e-57
-2.740487e+01 1.253770e-12 -1.032224e+02 1.482829e-45 -1.306272e+02 1.859126e-57
-2.826758e+01 5.291079e-13 -1.088619e+02 5.270562e-48 -1.371295e+02 2.788696e-60
-2.813707e+01 6.028735e-13 -1.053862e+02 1.703516e-46 -1.335233e+02 1.027005e-58
-2.806321e+01 6.490845e-13 -1.007242e+02 1.803169e-44 -1.287874e+02 1.170409e-56
-2.839629e+01 4.652077e-13 -1.069162e+02 3.688816e-47 -1.353125e+02 1.716066e-59
-2.801272e+01 6.827038e-13 -1.037409e+02 8.828336e-46 -1.317537e+02 6.027138e-58
-2.789689e+01 7.665373e-13 -1.076324e+02 1.802285e-47 -1.355293e+02 1.381519e-59
-2.940507e+01 1.696440e-13 -1.110449e+02 5.940240e-49 -1.404500e+02 1.007726e-61
-3.029717e+01 6.951976e-14 -1.182902e+02 4.238728e-52 -1.485873e+02 2.946754e-65
-2.820890e+01 5.610874e-13 -1.140421e+02 2.965954e-50 -1.422510e+02 1.664160e-62
-2.853260e+01 4.059277e-13 -1.192080e+02 1.692857e-52 -1.477406e+02 6.871774e-65
-2.935030e+01 1.791955e-13 -1.232520e+02 2.967099e-54 -1.526023e+02 5.316908e-67
-2.983475e+01 1.103909e-13 -1.328779e+02 1.958213e-58 -1.627127e+02 2.161689e-71
-2.931231e+01 1.861334e-13 -1.313370e+02 9.142183e-58 -1.606493e+02 1.701666e-70
-2.911123e+01 2.275896e-13 -1.279905e+02 2.596721e-56 -1.571017e+02 5.909868e-69
-2.889161e+01 2.834884e-13 -1.319293e+02 5.056378e-58 -1.608209e+02 1.433425e-70
-2.943481e+01 1.646743e-13 -1.351818e+02 1.955694e-59 -1.646166e+02 3.220525e-72
-2.767757e+01 9.545184e-13 -1.282192e+02 2.066000e-56 -1.558967e+02 1.972035e-68
-2.885302e+01 2.946395e-13 -1.364782e+02 5.349014e-60 -1.653312e+02 1.576031e-72
-2.849707e+01 4.206104e-13 -1.357235e+02 1.137768e-59 -1.642205e+02 4.785572e-72
-2.844596e+01 4.426674e-13 -1.342157e+02 5.138823e-59 -1.626617e+02 2.274790e-71
-2.836933e+01 4.779213e-13 -1.325425e+02 2.738631e-58 -1.609118e+02 1.308850e-70
-2.801803e+01 6.790884e-13 -1.300310e+02 3.374817e-57 -1.580490e+02 2.291799e-69
-2.808538e+01 6.348578e-13 -1.317660e+02 5.953202e-58 -1.598514e+02 3.779437e-70
-2.782089e+01 8.270716e-13 -1.285337e+02 1.508371e-56 -1.563546e+02 1.247531e-68
-2.771325e+01 9.210576e-13 -1.280242e+02 2.510626e-56 -1.557375e+02 2.312431e-68
-2.841361e+01 4.572202e-13 -1.257360e+02 2.474894e-55 -1.541496e+02 1.131571e-67
-2.860929e+01 3.759595e-13 -1.263250e+02 1.373254e-55 -1.549343e+02 5.162879e-68
-2.836284e+01 4.810340e-13 -1.238921e+02 1.564342e-54 -1.522550e+02 7.525015e-67
-2.906105e+01 2.393030e-13 -1.285833e+02 1.435416e-56 -1.576444e+02 3.434994e-69
-2.880122e+01 3.103060e-13 -1.303490e+02 2.455620e-57 -1.591502e+02 7.619935e-70
-3.013778e+01 8.153244e-14 -1.342465e+02 4.983037e-59 -1.643843e+02 4.062792e-72
-3.110286e+01 3.105996e-14 -1.380646e+02 1.094674e-60 -1.691675e+02 3.400052e-74
-3.125210e+01 2.675379e-14 -1.431576e+02 6.720835e-63 -1.744097e+02 1.798078e-76
-3.123839e+01 2.712312e-14 -1.466408e+02 2.064074e-64 -1.778792e+02 5.598411e-78
-3.200894e+01 1.255139e-14 -1.501823e+02 5.979639e-66 -1.821912e+02 7.505277e-80
-3.117317e+01 2.895107e-14 -1.439472e+02 3.051687e-63 -1.751203e+02 8.834959e-77
-3.068420e+01 4.720871e-14 -1.420801e+02 1.974132e-62 -1.727643e+02 9.319620e-76
-3.007828e+01 8.653080e-14 -1.379665e+02 1.207520e-60 -1.680448e+02 1.044876e-73
-2.996286e+01 9.711656e-14 -1.365241e+02 5.108788e-60 -1.664870e+02 4.961480e-73
-3.006147e+01 8.799772e-14 -1.394849e+02 2.645207e-61 -1.695464e+02 2.327722e-74
-3.084342e+01 4.025985e-14 -1.425169e+02 1.275564e-62 -1.733603e+02 5.135400e-76
-2.965183e+01 1.325481e-13 -1.427742e+02 9.861606e-63 -1.724260e+02 1.307137e-75
-2.857557e+01 3.888538e-13 -1.405453e+02 9.161554e-62 -1.691208e+02 3.562505e-74
-2.884402e+01 2.973056e-13 -1.393887e+02 2.912458e-61 -1.682327e+02 8.658900e-74
-2.878221e+01 3.162619e-13 -1.350024e+02 2.340003e-59 -1.637846e+02 7.400539e-72
-2.789015e+01 7.717260e-13 -1.266110e+02 1.031638e-55 -1.545012e+02 7.961419e-68
-2.812661e+01 6.092134e-13 -1.284221e+02 1.686540e-56 -1.565487e+02 1.027463e-68
-2.819988e+01 5.661734e-13 -1.264854e+02 1.169717e-55 -1.546853e+02 6.622627e-68
-2.800404e+01 6.886526e-13 -1.242525e+02 1.091019e-54 -1.522565e+02 7.513331e-67
-2.837526e+01 4.750976e-13 -1.244840e+02 8.655587e-55 -1.528592e+02 4.112248e-67
-2.769326e+01 9.396554e-13 -1.298475e+02 4.054674e-57 -1.575407e+02 3.809997e-69
-2.704560e+01 1.795747e-12 -1.311717e+02 1.078614e-57 -1.582173e+02 1.936917e-69
-2.722024e+01 1.507991e-12 -1.327458e+02 2.234870e-58 -1.599660e+02 3.370164e-70
-2.653913e+01 2.979915e-12 -1.312684e+02 9.792078e-58 -1.578075e+02 2.917956e-69
-2.661382e+01 2.765443e-12 -1.265387e+02 1.109066e-55 -1.531525e+02 3.067059e-67
-2.649399e+01 3.117501e-12 -1.315668e+02 7.265188e-58 -1.580608e+02 2.264923e-69
-2.735783e+01 1.314151e-12 -1.267145e+02 9.302434e-56 -1.540723e+02 1.222481e-67
-2.603970e+01 4.910217e-12 -1.225368e+02 6.066511e-54 -1.485765e+02 2.978788e-65
-2.630417e+01 3.769155e-12 -1.225103e+02 6.229195e-54 -1.488145e+02 2.347880e-65
-2.682735e+01 2.233736e-12 -1.275913e+02 3.870805e-56 -1.544186e+02 8.646356e-68
-2.727314e+01 1.430300e-12 -1.284946e+02 1.568543e-56 -1.557678e+02 2.243487e-68
-2.715949e+01 1.602444e-12 -1.278222e+02 3.072814e-56 -1.549817e+02 4.924012e-68
-2.785889e+01 7.962311e-13 -1.312145e+02 1.033433e-57 -1.590734e+02 8.228515e-70
-2.691571e+01 2.044829e-12 -1.228104e+02 4.614279e-54 -1.497261e+02 9.435412e-66
-2.599754e+01 5.121659e-12 -1.163066e+02 3.080875e-51 -1.423042e+02 1.577919e-62
-2.622085e+01 4.096658e-12 -1.100012e+02 1.686921e-48 -1.362220e+02 6.910740e-60
-2.668149e+01 2.584498e-12 -1.094503e+02 2.926292e-48 -1.361318e+02 7.562996e-60
-2.785740e+01 7.974170e-13 -1.101125e+02 1.509280e-48 -1.379699e+02 1.203526e-60
-2.760268e+01 1.028749e-12 -1.085338e+02 7.317487e-48 -1.361365e+02 7.527859e-60
-2.730445e+01 1.386203e-12 -1.081654e+02 1.057698e-47 -1.354699e+02 1.466185e-59
-2.748923e+01 1.152337e-12 -1.025269e+02 2.972678e-45 -1.300161e+02 3.425527e-57
-2.747651e+01 1.167089e-12 -1.010209e+02 1.340250e-44 -1.284974e+02 1.564192e-56
-2.722307e+01 1.503741e-12 -9.479911e+01 6.749479e-42 -1.220222e+02 1.014947e-53
-2.634040e+01 3.635052e-12 -9.723721e+01 5.894100e-43 -1.235776e+02 2.142536e-54
-2.666464e+01 2.628415e-12 -9.560207e+01 3.023758e-42 -1.222667e+02 7.947689e-54
-2.516959e+01 1.172156e-11 -9.899164e+01 1.019708e-43 -1.241612e+02 1.195257e-54
-2.563885e+01 7.331442e-12 -1.010633e+02 1.284585e-44 -1.267022e+02 9.417860e-56
-2.546113e+01 8.757315e-12 -9.725901e+01 5.766984e-43 -1.227201e+02 5.050330e-54
-2.518760e+01 1.151231e-11 -1.007511e+02 1.755290e-44 -1.259387e+02 2.020744e-55
-2.494539e+01 1.466738e-11 -1.010365e+02 1.319442e-44 -1.259819e+02 1.935276e-55
-2.554062e+01 8.088131e-12 -1.076221e+02 1.821045e-47 -1.331627e+02 1.472885e-58
-2.590763e+01 5.603509e-12 -1.046153e+02 3.682668e-46 -1.305229e+02 2.063586e-57
-2.624253e+01 4.008791e-12 -1.004296e+02 2.420988e-44 -1.266721e+02 9.705237e-56
-2.537558e+01 9.539466e-12 -9.842060e+01 1.805002e-43 -1.237962e+02 1.721875e-54
-2.513560e+01 1.212680e-11 -9.898552e+01 1.025971e-43 -1.241211e+02 1.244175e-54
-2.570437e+01 6.866493e-12 -9.989666e+01 4.125064e-44 -1.256010e+02 2.832472e-55
-2.670969e+01 2.512642e-12 -9.982266e+01 4.441924e-44 -1.265323e+02 1.116097e-55
-2.636554e+01 3.544787e-12 -1.001385e+02 3.238912e-44 -1.265040e+02 1.148126e-55
-2.633361e+01 3.659826e-12 -9.702803e+01 7.265454e-43 -1.233616e+02 2.659030e-54
-2.724378e+01 1.472905e-12 -9.931338e+01 7.391741e-44 -1.265572e+02 1.088733e-55
-2.696459e+01 1.947277e-12 -9.585505e+01 2.347898e-42 -1.228196e+02 4.572007e-54
-2.655950e+01 2.919809e-12 -9.789505e+01 3.052948e-43 -1.244546e+02 8.914026e-55
-2.652037e+01 3.036336e-12 -9.836403e+01 1.910055e-43 -1.248844e+02 5.799568e-55
-2.595058e+01 5.367925e-12 -9.610994e+01 1.819635e-42 -1.220605e+02 9.767666e-54
-2.621085e+01 4.137824e-12 -9.357754e+01 2.289763e-41 -1.197884e+02 9.474637e-53
-2.597148e+01 5.256924e-12 -9.011757e+01 7.285099e-40 -1.160890e+02 3.829721e-51
-2.561704e+01 7.493078e-12 -9.313907e+01 3.549894e-41 -1.187561e+02 2.659963e-52
-2.559789e+01 7.637989e-12 -9.636482e+01 1.410237e-42 -1.219627e+02 1.077137e-53
-2.601035e+01 5.056490e-12 -9.984500e+01 4.343765e-44 -1.258554e+02 2.196421e-55
-2.492380e+01 1.498754e-11 -9.957520e+01 5.689053e-44 -1.244990e+02 8.526489e-55
-2.510922e+01 1.245105e-11 -9.734459e+01 5.293991e-43 -1.224538e+02 6.591574e-54
