-6.769167e+02 1.044316e-294 -0.000000e+00 1.000000e+00 -6.769167e+02 1.044316e-294
-6.770672e+02 8.983962e-295 -1.738733e+00 1.757430e-01 -6.788059e+02 1.578868e-295
-6.769086e+02 1.052803e-294 -6.976680e+00 9.333969e-04 -6.838852e+02 9.826831e-298
-6.761013e+02 2.360171e-294 -6.173720e+00 2.083472e-03 -6.822750e+02 4.917349e-297
-6.758145e+02 3.143989e-294 -1.027789e+01 3.438505e-05 -6.860924e+02 1.081062e-298
-6.753077e+02 5.219145e-294 -1.727434e+01 3.146643e-08 -6.925820e+02 1.642279e-301
-6.744039e+02 1.288611e-293 -2.476650e+01 1.754057e-11 -6.991704e+02 2.260297e-304
-6.733719e+02 3.616561e-293 -3.059319e+01 5.170683e-14 -7.039651e+02 1.870009e-306
-6.733692e+02 3.626310e-293 -3.402870e+01 1.665420e-15 -7.073979e+02 6.039328e-308
-6.740054e+02 1.919374e-293 -3.705517e+01 8.074996e-17 -7.110606e+02 1.549893e-309
-6.752339e+02 5.618935e-294 -3.407418e+01 1.591378e-15 -7.093081e+02 8.941851e-309
-6.741725e+02 1.624057e-293 -4.850181e+01 8.628388e-22 -7.226743e+02 1.401299e-314
-6.745592e+02 1.103222e-293 -4.887389e+01 5.947570e-22 -7.234331e+02 6.561491e-315
-6.738251e+02 2.298592e-293 -5.712533e+01 1.551612e-25 -7.309505e+02 3.566522e-318
-6.730836e+02 4.825219e-293 -6.256070e+01 6.764472e-28 -7.356443e+02 3.263798e-320
-6.725272e+02 8.417201e-293 -6.206041e+01 1.115598e-27 -7.345876e+02 9.390212e-320
-6.709517e+02 4.068097e-292 -7.689899e+01 4.010439e-34 -7.478507e+02 0.000000e+00
-6.705286e+02 6.210770e-292 -7.211021e+01 4.818763e-32 -7.426388e+02 2.964394e-323
-6.709008e+02 4.280297e-292 -6.560821e+01 3.211548e-29 -7.365090e+02 1.374491e-320
-6.710307e+02 3.758919e-292 -7.116314e+01 1.242337e-31 -7.421939e+02 4.446591e-323
-6.729929e+02 5.283361e-293 -7.223397e+01 4.257805e-32 -7.452268e+02 0.000000e+00
-6.739851e+02 1.958751e-293 -6.522805e+01 4.696978e-29 -7.392132e+02 9.189621e-322
-6.741569e+02 1.649562e-293 -7.398965e+01 7.357031e-33 -7.481466e+02 0.000000e+00
-6.759377e+02 2.779688e-294 -6.497280e+01 6.062745e-29 -7.409105e+02 1.679823e-322
-6.749281e+02 7.628664e-294 -6.621933e+01 1.743054e-29 -7.411474e+02 1.333977e-322
-6.746231e+02 1.034933e-293 -6.840592e+01 1.957437e-30 -7.430290e+02 1.976263e-323
-6.740784e+02 1.784354e-293 -7.933330e+01 3.515474e-35 -7.534117e+02 0.000000e+00
-6.749758e+02 7.273071e-294 -6.505304e+01 5.595307e-29 -7.400289e+02 4.051338e-322
-6.744340e+02 1.250388e-293 -7.881504e+01 5.902883e-35 -7.532490e+02 0.000000e+00
-6.751635e+02 6.028556e-294 -7.501586e+01 2.636489e-33 -7.501794e+02 0.000000e+00
-6.754780e+02 4.402001e-294 -6.847131e+01 1.833523e-30 -7.439493e+02 9.881313e-324
-6.752384e+02 5.593482e-294 -7.157606e+01 8.220770e-32 -7.468145e+02 0.000000e+00
-6.743592e+02 1.347501e-293 -7.147602e+01 9.085727e-32 -7.458352e+02 0.000000e+00
-6.733872e+02 3.561599e-293 -7.310020e+01 1.790556e-32 -7.464874e+02 0.000000e+00
-6.739069e+02 2.118070e-293 -6.591197e+01 2.370262e-29 -7.398189e+02 5.039470e-322
-6.728572e+02 6.051281e-293 -8.512287e+01 1.075491e-37 -7.579800e+02 0.000000e+00
-6.725022e+02 8.629947e-293 -8.950689e+01 1.341694e-39 -7.620091e+02 0.000000e+00
-6.714130e+02 2.564741e-292 -8.776135e+01 7.686552e-39 -7.591743e+02 0.000000e+00
-6.699307e+02 1.129205e-291 -8.867943e+01 3.069112e-39 -7.586102e+02 0.000000e+00
-6.694102e+02 1.900374e-291 -8.866423e+01 3.116112e-39 -7.580744e+02 0.000000e+00
-6.697231e+02 1.389830e-291 -9.717912e+01 6.246613e-43 -7.669022e+02 0.000000e+00
-6.697018e+02 1.419678e-291 -1.043172e+02 4.961390e-46 -7.740191e+02 0.000000e+00
-6.687180e+02 3.797162e-291 -1.134888e+02 5.157505e-50 -7.822068e+02 0.000000e+00
-6.701255e+02 9.294096e-292 -1.044337e+02 4.416107e-46 -7.745591e+02 0.000000e+00
-6.697580e+02 1.342159e-291 -1.144444e+02 1.983459e-50 -7.842024e+02 0.000000e+00
-6.687932e+02 3.522287e-291 -1.282113e+02 2.082184e-56 -7.970045e+02 0.000000e+00
-6.683959e+02 5.240042e-291 -1.425295e+02 1.259525e-62 -8.109255e+02 0.000000e+00
-6.674014e+02 1.416657e-290 -1.644187e+02 3.925254e-72 -8.318201e+02 0.000000e+00
-6.675335e+02 1.241327e-290 -1.725721e+02 1.129517e-75 -8.401056e+02 0.000000e+00
-6.670794e+02 1.954707e-290 -1.735922e+02 4.072606e-76 -8.406716e+02 0.000000e+00
-6.667259e+02 2.783662e-290 -1.715325e+02 3.194273e-75 -8.382584e+02 0.000000e+00
-6.668195e+02 2.535038e-290 -1.825678e+02 5.150228e-80 -8.493872e+02 0.000000e+00
-6.667167e+02 2.809302e-290 -1.803776e+02 4.602811e-79 -8.470943e+02 0.000000e+00
-6.664651e+02 3.613063e-290 -1.859671e+02 1.720024e-81 -8.524322e+02 0.000000e+00
-6.656571e+02 8.105462e-290 -1.921613e+02 3.510771e-84 -8.578185e+02 0.000000e+00
-6.665357e+02 3.366797e-290 -2.035181e+02 4.104037e-89 -8.700538e+02 0.000000e+00
-6.670481e+02 2.016832e-290 -1.749193e+02 1.080268e-76 -8.419674e+02 0.000000e+00
-6.673443e+02 1.499895e-290 -1.786890e+02 2.490918e-78 -8.460333e+02 0.000000e+00
-6.678187e+02 9.333381e-291 -1.561712e+02 1.498718e-68 -8.239898e+02 0.000000e+00
-6.664920e+02 3.517374e-290 -1.701161e+02 1.316832e-74 -8.366080e+02 0.000000e+00
-6.671802e+02 1.767389e-290 -1.595408e+02 5.155886e-70 -8.267210e+02 0.000000e+00
-6.668422e+02 2.478110e-290 -1.869285e+02 6.576258e-82 -8.537707e+02 0.000000e+00
-6.676898e+02 1.061680e-290 -1.786845e+02 2.502031e-78 -8.463744e+02 0.000000e+00
-6.672112e+02 1.713311e-290 -2.002966e+02 1.028721e-87 -8.675078e+02 0.000000e+00
-6.671570e+02 1.808768e-290 -1.838799e+02 1.386609e-80 -8.510370e+02 0.000000e+00
-6.663585e+02 4.019537e-290 -1.912794e+02 8.479999e-84 -8.576379e+02 0.000000e+00
-6.646667e+02 2.182321e-289 -2.070655e+02 1.181891e-90 -8.717322e+02 0.000000e+00
-6.632724e+02 8.799587e-289 -2.223163e+02 2.813498e-97 -8.855887e+02 0.000000e+00
-6.636910e+02 5.789482e-289 -2.073966e+02 8.487584e-91 -8.710877e+02 0.000000e+00
-6.631299e+02 1.014684e-288 -2.238728e+02 5.933198e-98 -8.870027e+02 0.000000e+00
-6.635770e+02 6.488900e-289 -2.543211e+02 3.546203e-111 -9.178981e+02 0.000000e+00
-6.634442e+02 7.410704e-289 -2.413039e+02 1.596092e-105 -9.047480e+02 0.000000e+00
-6.650450e+02 1.494923e-289 -2.305795e+02 7.254190e-101 -8.956245e+02 0.000000e+00
-6.642308e+02 3.374579e-289 -2.283931e+02 6.458582e-100 -8.926239e+02 0.000000e+00
-6.633555e+02 8.098009e-289 -1.930231e+02 1.482900e-84 -8.563786e+02 0.000000e+00
-6.623955e+02 2.114942e-288 -2.208829e+02 1.179738e-96 -8.832784e+02 0.000000e+00
-6.619819e+02 3.198110e-288 -2.202140e+02 2.302895e-96 -8.821959e+02 0.000000e+00
-6.624488e+02 2.005075e-288 -2.163159e+02 1.135518e-94 -8.787647e+02 0.000000e+00
-6.622325e+02 2.489289e-288 -2.063223e+02 2.485261e-90 -8.685548e+02 0.000000e+00
-6.615844e+02 4.759502e-288 -2.101166e+02 5.591668e-92 -8.717009e+02 0.000000e+00
-6.608404e+02 1.001521e-287 -2.283288e+02 6.887468e-100 -8.891692e+02 0.000000e+00
-6.595454e+02 3.656716e-287 -2.551007e+02 1.626174e-111 -9.146461e+02 0.000000e+00
-6.572022e+02 3.808224e-286 -2.826202e+02 1.818133e-123 -9.398223e+02 0.000000e+00
-6.564075e+02 8.430308e-286 -2.871474e+02 1.965525e-125 -9.435549e+02 0.000000e+00
-6.550445e+02 3.294596e-285 -2.953236e+02 5.528420e-129 -9.503680e+02 0.000000e+00
-6.541940e+02 7.711698e-285 -3.046632e+02 4.857874e-133 -9.588572e+02 0.000000e+00
-6.571287e+02 4.098710e-286 -2.779909e+02 1.862380e-121 -9.351196e+02 0.000000e+00
-6.584077e+02 1.140704e-286 -2.782144e+02 1.489489e-121 -9.366221e+02 0.000000e+00
-6.582266e+02 1.367192e-286 -2.764432e+02 8.755162e-121 -9.346697e+02 0.000000e+00
-6.574946e+02 2.842762e-286 -2.964379e+02 1.814164e-129 -9.539324e+02 0.000000e+00
-6.577081e+02 2.296205e-286 -2.837698e+02 5.758643e-124 -9.414779e+02 0.000000e+00
-6.583398e+02 1.220871e-286 -2.699083e+02 6.029734e-118 -9.282481e+02 0.000000e+00
-6.584421e+02 1.102102e-286 -2.614650e+02 2.800212e-114 -9.199071e+02 0.000000e+00
-6.594839e+02 3.888415e-287 -2.641522e+02 1.906056e-115 -9.236362e+02 0.000000e+00
-6.594684e+02 3.949176e-287 -2.650965e+02 7.413909e-116 -9.245649e+02 0.000000e+00
-6.595350e+02 3.694634e-287 -2.765376e+02 7.965992e-121 -9.360727e+02 0.000000e+00
-6.600162e+02 2.283444e-287 -2.813729e+02 6.328370e-123 -9.413892e+02 0.000000e+00
-6.605723e+02 1.309508e-287 -2.695301e+02 8.801580e-118 -9.301024e+02 0.000000e+00
-6.615967e+02 4.700935e-288 -3.000293e+02 4.999666e-131 -9.616260e+02 0.000000e+00
-6.616441e+02 4.483309e-288 -3.123818e+02 2.159325e-136 -9.740259e+02 0.000000e+00
-6.604927e+02 1.417897e-287 -3.336726e+02 1.224114e-145 -9.941654e+02 0.000000e+00
-6.582695e+02 1.309774e-286 -3.802011e+02 7.599077e-166 -1.038471e+03 0.000000e+00
-6.574937e+02 2.845295e-286 -3.912382e+02 1.222916e-170 -1.048732e+03 0.000000e+00
-6.540305e+02 9.081424e-285 -3.718866e+02 3.102394e-162 -1.025917e+03 0.000000e+00
-6.486605e+02 1.951272e-282 -3.666297e+02 5.953369e-160 -1.015290e+03 0.000000e+00
-6.450346e+02 7.328629e-281 -3.663965e+02 7.516944e-160 -1.011431e+03 0.000000e+00
-6.441203e+02 1.828597e-280 -3.329184e+02 2.602483e-145 -9.770386e+02 0.000000e+00
-6.340671e+02 4.247712e-276 -3.682205e+02 1.213017e-160 -1.002288e+03 0.000000e+00
-6.219662e+02 7.647158e-271 -3.854711e+02 3.908841e-168 -1.007437e+03 0.000000e+00
-6.216356e+02 1.064401e-270 -3.990451e+02 4.976340e-174 -1.020681e+03 0.000000e+00
-6.197847e+02 6.775095e-270 -3.909172e+02 1.685766e-170 -1.010702e+03 0.000000e+00
-6.180501e+02 3.839267e-269 -3.993935e+02 3.512347e-174 -1.017444e+03 0.000000e+00
-6.187208e+02 1.963236e-269 -3.630927e+02 2.045761e-158 -9.818135e+02 0.000000e+00
-6.190991e+02 1.344809e-269 -3.471719e+02 1.679398e-151 -9.662711e+02 0.000000e+00
-6.201642e+02 4.635422e-270 -3.249936e+02 7.195578e-142 -9.451579e+02 0.000000e+00
-6.198961e+02 6.060732e-270 -3.268631e+02 1.109537e-142 -9.467593e+02 0.000000e+00
-6.196455e+02 7.787094e-270 -3.222970e+02 1.067056e-140 -9.419425e+02 0.000000e+00
-6.214497e+02 1.281852e-270 -3.182686e+02 5.993901e-139 -9.397183e+02 0.000000e+00
-6.193226e+02 1.075524e-269 -3.315149e+02 1.058991e-144 -9.508375e+02 0.000000e+00
-6.185048e+02 2.436647e-269 -3.133077e+02 8.554347e-137 -9.318125e+02 0.000000e+00
-6.179647e+02 4.181632e-269 -3.350751e+02 3.011229e-146 -9.530398e+02 0.000000e+00
-6.180731e+02 3.751910e-269 -3.415316e+02 4.728274e-149 -9.596047e+02 0.000000e+00
-6.182930e+02 3.011364e-269 -3.301668e+02 4.077360e-144 -9.484598e+02 0.000000e+00
-6.178467e+02 4.705340e-269 -3.031882e+02 2.123337e-132 -9.210349e+02 0.000000e+00
