-6.769167e+02 1.044316e-294 -0.000000e+00 1.000000e+00 -6.769167e+02 1.044316e-294
-6.769335e+02 1.026895e-294 -1.738733e-02 9.827630e-01 -6.769509e+02 1.009194e-294
-6.769235e+02 1.037231e-294 -7.000758e-02 9.323868e-01 -6.769935e+02 9.671004e-295
-6.768455e+02 1.121332e-294 -6.264909e-02 9.392730e-01 -6.769081e+02 1.053237e-294
-6.768194e+02 1.150937e-294 -1.048243e-01 9.004828e-01 -6.769243e+02 1.036399e-294
-6.767921e+02 1.182796e-294 -1.777482e-01 8.371532e-01 -6.769699e+02 9.901814e-295
-6.767080e+02 1.286599e-294 -2.575393e-01 7.729512e-01 -6.769656e+02 9.944784e-295
-6.766114e+02 1.417117e-294 -3.219556e-01 7.247304e-01 -6.769333e+02 1.027028e-294
-6.765905e+02 1.447077e-294 -3.623706e-01 6.960244e-01 -6.769528e+02 1.007200e-294
-6.766740e+02 1.331094e-294 -4.003985e-01 6.700530e-01 -6.770744e+02 8.919033e-295
-6.767869e+02 1.189057e-294 -3.752414e-01 6.871234e-01 -6.771621e+02 8.170288e-295
-6.766950e+02 1.303492e-294 -5.338358e-01 5.863515e-01 -6.772288e+02 7.643044e-295
-6.767417e+02 1.244031e-294 -5.426023e-01 5.812337e-01 -6.772843e+02 7.230725e-295
-6.767829e+02 1.193767e-294 -4.799224e-01 6.188314e-01 -6.772628e+02 7.387405e-295
-6.767482e+02 1.235887e-294 -5.927514e-01 5.528042e-01 -6.773410e+02 6.832037e-295
-6.768214e+02 1.148667e-294 -6.347126e-01 5.300878e-01 -6.774561e+02 6.088942e-295
-6.767734e+02 1.205183e-294 -6.891928e-01 5.019811e-01 -6.774626e+02 6.049790e-295
-6.767247e+02 1.265328e-294 -7.365612e-01 4.787575e-01 -6.774612e+02 6.057854e-295
-6.766187e+02 1.406767e-294 -8.626813e-01 4.220290e-01 -6.774814e+02 5.936965e-295
-6.766558e+02 1.355518e-294 -8.366773e-01 4.331473e-01 -6.774925e+02 5.871390e-295
-6.766029e+02 1.429185e-294 -7.664980e-01 4.646374e-01 -6.773694e+02 6.640529e-295
-6.766275e+02 1.394469e-294 -7.429784e-01 4.756950e-01 -6.773705e+02 6.633419e-295
-6.766537e+02 1.358477e-294 -7.783003e-01 4.591858e-01 -6.774320e+02 6.237935e-295
-6.768260e+02 1.143464e-294 -8.133122e-01 4.433871e-01 -6.776393e+02 5.069972e-295
-6.768772e+02 1.086379e-294 -7.527621e-01 4.710636e-01 -6.776299e+02 5.117536e-295
-6.769344e+02 1.025920e-294 -6.927707e-01 5.001883e-01 -6.776272e+02 5.131533e-295
-6.769636e+02 9.964186e-295 -5.199771e-01 5.945342e-01 -6.774836e+02 5.924049e-295
-6.769577e+02 1.002289e-294 -4.282796e-01 6.516292e-01 -6.773860e+02 6.531207e-295
-6.770275e+02 9.347896e-295 -4.351901e-01 6.471417e-01 -6.774626e+02 6.049413e-295
-6.770701e+02 8.957941e-295 -5.220025e-01 5.933312e-01 -6.775921e+02 5.315026e-295
-6.771957e+02 7.900164e-295 -5.532153e-01 5.750977e-01 -6.777489e+02 4.543366e-295
-6.771355e+02 8.390431e-295 -4.965285e-01 6.086399e-01 -6.776320e+02 5.106751e-295
-6.771287e+02 8.447458e-295 -5.318223e-01 5.875333e-01 -6.776606e+02 4.963163e-295
-6.770888e+02 8.791269e-295 -6.463278e-01 5.239663e-01 -6.777352e+02 4.606329e-295
-6.772418e+02 7.544245e-295 -6.214774e-01 5.371503e-01 -6.778633e+02 4.052393e-295
-6.772723e+02 7.317442e-295 -6.219399e-01 5.369019e-01 -6.778943e+02 3.928748e-295
-6.772381e+02 7.572223e-295 -7.648644e-01 4.653970e-01 -6.780030e+02 3.524090e-295
-6.772899e+02 7.190318e-295 -7.923126e-01 4.527964e-01 -6.780822e+02 3.255751e-295
-6.773192e+02 6.982474e-295 -7.925497e-01 4.526891e-01 -6.781117e+02 3.160890e-295
-6.772958e+02 7.148118e-295 -8.947340e-01 4.087163e-01 -6.781905e+02 2.921553e-295
-6.772242e+02 7.678417e-295 -7.578813e-01 4.686583e-01 -6.779821e+02 3.598554e-295
-6.771424e+02 8.333039e-295 -7.792944e-01 4.587296e-01 -6.779217e+02 3.822611e-295
-6.771716e+02 8.092887e-295 -8.410924e-01 4.312392e-01 -6.780127e+02 3.489970e-295
-6.770934e+02 8.751210e-295 -9.833171e-01 3.740682e-01 -6.780767e+02 3.273549e-295
-6.770640e+02 9.012255e-295 -1.029143e+00 3.573130e-01 -6.780932e+02 3.220196e-295
-6.769739e+02 9.862128e-295 -8.979131e-01 4.074190e-01 -6.778718e+02 4.018019e-295
-6.768525e+02 1.113521e-294 -8.273946e-01 4.371868e-01 -6.776799e+02 4.868168e-295
-6.768812e+02 1.082017e-294 -7.848960e-01 4.561671e-01 -6.776661e+02 4.935808e-295
-6.768285e+02 1.140536e-294 -8.129401e-01 4.435521e-01 -6.776415e+02 5.058873e-295
-6.768829e+02 1.080122e-294 -8.378528e-01 4.326385e-01 -6.777208e+02 4.673022e-295
-6.768778e+02 1.085684e-294 -1.009267e+00 3.644862e-01 -6.778871e+02 3.957170e-295
-6.768057e+02 1.166889e-294 -1.164884e+00 3.119587e-01 -6.779706e+02 3.640212e-295
-6.769049e+02 1.056703e-294 -1.218901e+00 2.955547e-01 -6.781238e+02 3.123135e-295
-6.769192e+02 1.041643e-294 -1.285107e+00 2.766211e-01 -6.782043e+02 2.881403e-295
-6.768381e+02 1.129686e-294 -1.377429e+00 2.522263e-01 -6.782155e+02 2.849366e-295
-6.768084e+02 1.163672e-294 -1.660565e+00 1.900315e-01 -6.784690e+02 2.211344e-295
-6.768003e+02 1.173164e-294 -1.839542e+00 1.588902e-01 -6.786399e+02 1.864043e-295
-6.768565e+02 1.109051e-294 -1.874769e+00 1.533904e-01 -6.787313e+02 1.701178e-295
-6.768007e+02 1.172682e-294 -1.861523e+00 1.554358e-01 -6.786622e+02 1.822767e-295
-6.768752e+02 1.088491e-294 -2.033550e+00 1.308701e-01 -6.789088e+02 1.424510e-295
-6.768365e+02 1.131485e-294 -1.987471e+00 1.370416e-01 -6.788240e+02 1.550605e-295
-6.768586e+02 1.106732e-294 -2.156831e+00 1.156912e-01 -6.790154e+02 1.280391e-295
-6.768503e+02 1.116016e-294 -2.237948e+00 1.066771e-01 -6.790882e+02 1.190533e-295
-6.768286e+02 1.140392e-294 -2.364468e+00 9.399925e-02 -6.791931e+02 1.071960e-295
-6.769908e+02 9.697325e-295 -2.264293e+00 1.039034e-01 -6.792550e+02 1.007585e-295
-6.770326e+02 9.300337e-295 -2.142285e+00 1.173863e-01 -6.791748e+02 1.091732e-295
-6.770134e+02 9.480081e-295 -2.245567e+00 1.058675e-01 -6.792590e+02 1.003632e-295
-6.769515e+02 1.008590e-294 -2.235819e+00 1.069045e-01 -6.791873e+02 1.078229e-295
-6.770040e+02 9.569227e-295 -2.147817e+00 1.167387e-01 -6.791519e+02 1.117100e-295
-6.771516e+02 8.256295e-295 -2.372534e+00 9.324418e-02 -6.795242e+02 7.698514e-296
-6.771569e+02 8.213075e-295 -2.282635e+00 1.020150e-01 -6.794395e+02 8.378570e-296
-6.771656e+02 8.141971e-295 -2.241063e+00 1.063454e-01 -6.794066e+02 8.658611e-296
-6.771214e+02 8.509607e-295 -2.225913e+00 1.079688e-01 -6.793473e+02 9.187722e-296
-6.769940e+02 9.666280e-295 -2.295276e+00 1.007336e-01 -6.792892e+02 9.737191e-296
-6.770396e+02 9.235342e-295 -2.178933e+00 1.131622e-01 -6.792185e+02 1.045091e-295
-6.770943e+02 8.743123e-295 -2.393799e+00 9.128220e-02 -6.794881e+02 7.980916e-296
-6.771518e+02 8.254959e-295 -2.324933e+00 9.778996e-02 -6.794767e+02 8.072521e-296
-6.771549e+02 8.228996e-295 -2.453105e+00 8.602609e-02 -6.796080e+02 7.079084e-296
-6.771197e+02 8.524326e-295 -2.552603e+00 7.787869e-02 -6.796723e+02 6.638633e-296
-6.770581e+02 9.065667e-295 -2.570968e+00 7.646148e-02 -6.796291e+02 6.931743e-296
-6.769392e+02 1.021083e-294 -2.848445e+00 5.793434e-02 -6.797876e+02 5.915578e-296
-6.768500e+02 1.116248e-294 -3.252887e+00 3.866243e-02 -6.801029e+02 4.315685e-296
-6.768320e+02 1.136529e-294 -3.281634e+00 3.756681e-02 -6.801137e+02 4.269575e-296
-6.768202e+02 1.150019e-294 -3.333864e+00 3.565506e-02 -6.801541e+02 4.100398e-296
-6.767369e+02 1.250029e-294 -3.681381e+00 2.518817e-02 -6.804182e+02 3.148595e-296
-6.768152e+02 1.155783e-294 -3.725875e+00 2.409200e-02 -6.805411e+02 2.784512e-296
-6.768161e+02 1.154759e-294 -4.262010e+00 1.409394e-02 -6.810781e+02 1.627510e-296
-6.768904e+02 1.072133e-294 -4.062546e+00 1.720515e-02 -6.809529e+02 1.844621e-296
-6.769122e+02 1.048957e-294 -4.038584e+00 1.762242e-02 -6.809508e+02 1.848515e-296
-6.768496e+02 1.116793e-294 -3.916248e+00 1.991568e-02 -6.807658e+02 2.224169e-296
-6.767730e+02 1.205701e-294 -3.574484e+00 2.802987e-02 -6.803474e+02 3.379566e-296
-6.767383e+02 1.248235e-294 -3.738883e+00 2.378066e-02 -6.804772e+02 2.968384e-296
-6.766536e+02 1.358605e-294 -3.484685e+00 3.066342e-02 -6.801382e+02 4.165948e-296
-6.767239e+02 1.266363e-294 -3.204890e+00 4.056336e-02 -6.799288e+02 5.136796e-296
-6.767520e+02 1.231289e-294 -3.184174e+00 4.141243e-02 -6.799361e+02 5.099069e-296
-6.767111e+02 1.282663e-294 -3.102195e+00 4.495043e-02 -6.798133e+02 5.765625e-296
-6.766291e+02 1.392214e-294 -3.336068e+00 3.557659e-02 -6.799652e+02 4.953024e-296
-6.766145e+02 1.412788e-294 -3.536649e+00 2.911070e-02 -6.801511e+02 4.112724e-296
-6.766224e+02 1.401552e-294 -3.578888e+00 2.790672e-02 -6.802013e+02 3.911272e-296
-6.766136e+02 1.414039e-294 -3.777864e+00 2.287149e-02 -6.803914e+02 3.234118e-296
-6.765864e+02 1.452987e-294 -3.765865e+00 2.314758e-02 -6.803523e+02 3.363315e-296
-6.765158e+02 1.559254e-294 -3.967476e+00 1.892113e-02 -6.804833e+02 2.950286e-296
-6.763988e+02 1.752827e-294 -4.025254e+00 1.785888e-02 -6.804240e+02 3.130352e-296
-6.763662e+02 1.810826e-294 -4.087325e+00 1.678407e-02 -6.804536e+02 3.039303e-296
-6.764053e+02 1.741421e-294 -3.991695e+00 1.846839e-02 -6.803970e+02 3.216124e-296
-6.762977e+02 1.939304e-294 -4.060706e+00 1.723684e-02 -6.803584e+02 3.342747e-296
-6.763529e+02 1.835101e-294 -4.024071e+00 1.788002e-02 -6.803770e+02 3.281166e-296
-6.763776e+02 1.790292e-294 -4.254288e+00 1.420320e-02 -6.806319e+02 2.542787e-296
-6.763920e+02 1.764809e-294 -4.050720e+00 1.740983e-02 -6.804427e+02 3.072503e-296
-6.764382e+02 1.685026e-294 -3.954942e+00 1.915979e-02 -6.803932e+02 3.228474e-296
-6.765049e+02 1.576376e-294 -3.971012e+00 1.885434e-02 -6.804759e+02 2.972153e-296
-6.764891e+02 1.601541e-294 -4.084979e+00 1.682350e-02 -6.805740e+02 2.694352e-296
-6.764836e+02 1.610216e-294 -4.312171e+00 1.340441e-02 -6.807958e+02 2.158400e-296
-6.764739e+02 1.626009e-294 -4.203427e+00 1.494427e-02 -6.806773e+02 2.429952e-296
-6.765224e+02 1.548974e-294 -3.939718e+00 1.945369e-02 -6.804621e+02 3.013326e-296
-6.765338e+02 1.531433e-294 -4.256138e+00 1.417695e-02 -6.807900e+02 2.171105e-296
-6.764599e+02 1.648851e-294 -4.408359e+00 1.217514e-02 -6.808683e+02 2.007499e-296
-6.764419e+02 1.678859e-294 -4.555628e+00 1.050790e-02 -6.809975e+02 1.764129e-296
-6.764176e+02 1.720160e-294 -4.415150e+00 1.209274e-02 -6.808327e+02 2.080145e-296
-6.764674e+02 1.636651e-294 -4.342321e+00 1.300631e-02 -6.808097e+02 2.128678e-296
-6.764851e+02 1.607908e-294 -4.308218e+00 1.345751e-02 -6.807933e+02 2.163844e-296
-6.765307e+02 1.536248e-294 -4.307687e+00 1.346465e-02 -6.808384e+02 2.068505e-296
-6.765730e+02 1.472644e-294 -4.600459e+00 1.004722e-02 -6.811734e+02 1.479598e-296
-6.765680e+02 1.480015e-294 -4.581961e+00 1.023481e-02 -6.811499e+02 1.514766e-296
-6.766590e+02 1.351286e-294 -5.305473e+00 4.964350e-03 -6.819644e+02 6.708256e-297
-6.766204e+02 1.404341e-294 -5.518199e+00 4.013068e-03 -6.821386e+02 5.635715e-297
-6.765983e+02 1.435793e-294 -5.637258e+00 3.562625e-03 -6.822356e+02 5.115193e-297
-6.765033e+02 1.578858e-294 -6.024931e+00 2.417717e-03 -6.825282e+02 3.817233e-297
-6.764976e+02 1.587869e-294 -6.171745e+00 2.087589e-03 -6.826694e+02 3.314819e-297
-6.765606e+02 1.490895e-294 -5.663009e+00 3.472053e-03 -6.822236e+02 5.176467e-297
-6.765808e+02 1.461148e-294 -5.700428e+00 3.344533e-03 -6.822812e+02 4.886859e-297
-6.766141e+02 1.413264e-294 -5.719716e+00 3.280642e-03 -6.823338e+02 4.636413e-297
-6.764635e+02 1.643028e-294 -5.564168e+00 3.832767e-03 -6.820276e+02 6.297343e-297
-6.764350e+02 1.690455e-294 -5.853366e+00 2.870223e-03 -6.822884e+02 4.851982e-297
-6.763754e+02 1.794221e-294 -6.327005e+00 1.787379e-03 -6.827025e+02 3.206952e-297
-6.762791e+02 1.975760e-294 -6.308050e+00 1.821581e-03 -6.825871e+02 3.599007e-297
-6.762222e+02 2.091365e-294 -6.360035e+00 1.729307e-03 -6.825822e+02 3.616612e-297
-6.762703e+02 1.993229e-294 -6.278142e+00 1.876884e-03 -6.825484e+02 3.741059e-297
-6.762332e+02 2.068553e-294 -6.212986e+00 2.003247e-03 -6.824462e+02 4.143823e-297
-6.762176e+02 2.100975e-294 -6.255775e+00 1.919338e-03 -6.824734e+02 4.032481e-297
-6.761729e+02 2.197001e-294 -6.241040e+00 1.947829e-03 -6.824140e+02 4.279384e-297
-6.761902e+02 2.159343e-294 -5.916285e+00 2.695194e-03 -6.821065e+02 5.819848e-297
-6.761347e+02 2.282714e-294 -5.751128e+00 3.179194e-03 -6.818858e+02 7.257190e-297
-6.761185e+02 2.319890e-294 -5.879107e+00 2.797281e-03 -6.819976e+02 6.489384e-297
-6.761621e+02 2.220952e-294 -5.951824e+00 2.601093e-03 -6.821139e+02 5.776903e-297
-6.761339e+02 2.284532e-294 -6.071761e+00 2.307106e-03 -6.822056e+02 5.270657e-297
-6.760296e+02 2.535524e-294 -6.093491e+00 2.257515e-03 -6.821231e+02 5.723982e-297
-6.758912e+02 2.912019e-294 -6.043482e+00 2.373281e-03 -6.819347e+02 6.911041e-297
-6.758346e+02 3.081456e-294 -6.147703e+00 2.138388e-03 -6.819823e+02 6.589349e-297
-6.758079e+02 3.164795e-294 -6.299438e+00 1.837337e-03 -6.821074e+02 5.814797e-297
-6.758377e+02 3.071967e-294 -6.206778e+00 2.015722e-03 -6.820445e+02 6.192233e-297
-6.759059e+02 2.869315e-294 -5.775534e+00 3.102541e-03 -6.816815e+02 8.902167e-297
-6.758638e+02 2.992802e-294 -6.307255e+00 1.823031e-03 -6.821711e+02 5.455970e-297
-6.758712e+02 2.970896e-294 -6.393794e+00 1.671902e-03 -6.822649e+02 4.967046e-297
-6.758841e+02 2.932726e-294 -6.489109e+00 1.519902e-03 -6.823732e+02 4.457457e-297
-6.758215e+02 3.122280e-294 -6.483666e+00 1.528198e-03 -6.823051e+02 4.771462e-297
-6.757565e+02 3.331878e-294 -7.067930e+00 8.519951e-04 -6.828244e+02 2.838744e-297
-6.756781e+02 3.603570e-294 -7.389265e+00 6.178497e-04 -6.830674e+02 2.226465e-297
-6.756630e+02 3.658387e-294 -7.009099e+00 9.036227e-04 -6.826721e+02 3.305802e-297
-6.755693e+02 4.017890e-294 -7.208734e+00 7.400938e-04 -6.827780e+02 2.973616e-297
-6.756638e+02 3.655570e-294 -7.307991e+00 6.701618e-04 -6.829718e+02 2.449824e-297
-6.756007e+02 3.893370e-294 -7.533270e+00 5.349861e-04 -6.831340e+02 2.082899e-297
-6.755144e+02 4.244441e-294 -7.797306e+00 4.108402e-04 -6.833117e+02 1.743787e-297
-6.754250e+02 4.641223e-294 -8.079779e+00 3.097395e-04 -6.835048e+02 1.437570e-297
-6.754395e+02 4.574706e-294 -8.212351e+00 2.712823e-04 -6.836518e+02 1.241037e-297
-6.752699e+02 5.420303e-294 -8.455441e+00 2.127397e-04 -6.837253e+02 1.153114e-297
-6.752761e+02 5.386391e-294 -8.492286e+00 2.050440e-04 -6.837684e+02 1.104447e-297
-6.752338e+02 5.619431e-294 -8.754030e+00 1.578241e-04 -6.839878e+02 8.868815e-298
-6.752555e+02 5.498637e-294 -8.700600e+00 1.664859e-04 -6.839561e+02 9.154458e-298
-6.751853e+02 5.898370e-294 -8.346692e+00 2.371799e-04 -6.835320e+02 1.398975e-297
-6.751549e+02 6.080410e-294 -8.600112e+00 1.840852e-04 -6.837551e+02 1.119313e-297
-6.751630e+02 6.031335e-294 -8.106699e+00 3.015125e-04 -6.832697e+02 1.818523e-297
-6.751559e+02 6.074801e-294 -8.961695e+00 1.282287e-04 -6.841176e+02 7.789637e-298
-6.750693e+02 6.624252e-294 -8.974524e+00 1.265942e-04 -6.840438e+02 8.385917e-298
-6.751922e+02 5.857904e-294 -9.191934e+00 1.018577e-04 -6.843842e+02 5.966726e-298
-6.753051e+02 5.232552e-294 -8.604371e+00 1.833028e-04 -6.839095e+02 9.591414e-298
-6.753529e+02 4.988212e-294 -8.337477e+00 2.393756e-04 -6.836904e+02 1.194056e-297
-6.754160e+02 4.683266e-294 -7.843022e+00 3.924813e-04 -6.832590e+02 1.838094e-297
-6.755318e+02 4.171205e-294 -7.588383e+00 5.062993e-04 -6.831202e+02 2.111878e-297
-6.756184e+02 3.825103e-294 -7.821337e+00 4.010849e-04 -6.834398e+02 1.534191e-297
-6.756189e+02 3.823342e-294 -7.815636e+00 4.033781e-04 -6.834345e+02 1.542253e-297
-6.756421e+02 3.735793e-294 -8.413068e+00 2.219480e-04 -6.840551e+02 8.291516e-298
-6.755688e+02 4.019711e-294 -8.678467e+00 1.702118e-04 -6.842473e+02 6.842022e-298
-6.756558e+02 3.684963e-294 -8.545768e+00 1.943659e-04 -6.842015e+02 7.162310e-298
-6.757146e+02 3.474223e-294 -8.563445e+00 1.909603e-04 -6.842781e+02 6.634388e-298
-6.759054e+02 2.870875e-294 -8.119984e+00 2.975334e-04 -6.840254e+02 8.541813e-298
-6.759747e+02 2.678602e-294 -7.495059e+00 5.558240e-04 -6.834698e+02 1.488832e-297
-6.760342e+02 2.523826e-294 -7.941279e+00 3.557514e-04 -6.839755e+02 8.978544e-298
-6.760525e+02 2.478211e-294 -7.912010e+00 3.663177e-04 -6.839645e+02 9.078125e-298
-6.761226e+02 2.310437e-294 -8.045796e+00 3.204462e-04 -6.841684e+02 7.403706e-298
-6.760678e+02 2.440551e-294 -7.789888e+00 4.138993e-04 -6.838577e+02 1.010142e-297
-6.759734e+02 2.682052e-294 -8.026907e+00 3.265568e-04 -6.840003e+02 8.758424e-298
-6.760750e+02 2.423146e-294 -7.752176e+00 4.298061e-04 -6.838271e+02 1.041483e-297
-6.761630e+02 2.218931e-294 -7.811238e+00 4.051561e-04 -6.839742e+02 8.990134e-298
-6.761894e+02 2.161118e-294 -7.508596e+00 5.483506e-04 -6.836980e+02 1.185051e-297
-6.761490e+02 2.250197e-294 -8.082527e+00 3.088895e-04 -6.842315e+02 6.950623e-298
-6.760811e+02 2.408216e-294 -8.192052e+00 2.768453e-04 -6.842732e+02 6.667034e-298
-6.760687e+02 2.438333e-294 -8.352635e+00 2.357745e-04 -6.844213e+02 5.748967e-298
-6.760232e+02 2.551923e-294 -8.523856e+00 1.986718e-04 -6.845470e+02 5.069950e-298
-6.760184e+02 2.564233e-294 -8.389886e+00 2.271531e-04 -6.844082e+02 5.824733e-298
-6.759389e+02 2.776204e-294 -8.882893e+00 1.387422e-04 -6.848218e+02 3.851766e-298
-6.759729e+02 2.683598e-294 -8.574025e+00 1.889506e-04 -6.845469e+02 5.070676e-298
-6.760239e+02 2.550113e-294 -8.697144e+00 1.670622e-04 -6.847210e+02 4.260274e-298
-6.760057e+02 2.596831e-294 -8.783939e+00 1.531736e-04 -6.847897e+02 3.977659e-298
-6.760386e+02 2.512902e-294 -8.392877e+00 2.264748e-04 -6.844315e+02 5.691088e-298
-6.760926e+02 2.380658e-294 -8.187008e+00 2.782452e-04 -6.842796e+02 6.624066e-298
-6.760624e+02 2.453675e-294 -8.161338e+00 2.854801e-04 -6.842238e+02 7.004753e-298
-6.760966e+02 2.371191e-294 -8.803257e+00 1.502430e-04 -6.848999e+02 3.562548e-298
-6.761851e+02 2.170309e-294 -8.641981e+00 1.765368e-04 -6.848271e+02 3.831393e-298
-6.762056e+02 2.126447e-294 -8.689900e+00 1.682769e-04 -6.848955e+02 3.578320e-298
-6.762753e+02 1.983298e-294 -8.947280e+00 1.300906e-04 -6.852225e+02 2.580084e-298
-6.763012e+02 1.932464e-294 -9.269030e+00 9.429993e-05 -6.855703e+02 1.822312e-298
-6.763211e+02 1.894352e-294 -9.271281e+00 9.408789e-05 -6.855924e+02 1.782356e-298
-6.763683e+02 1.807140e-294 -9.739816e+00 5.889139e-05 -6.861081e+02 1.064250e-298
-6.762958e+02 1.942909e-294 -1.013358e+01 3.972320e-05 -6.864294e+02 7.717855e-299
-6.762878e+02 1.958662e-294 -1.024441e+01 3.555580e-05 -6.865322e+02 6.964179e-299
-6.763096e+02 1.916302e-294 -9.905320e+00 4.990847e-05 -6.862149e+02 9.563969e-299
-6.762185e+02 2.099035e-294 -9.941237e+00 4.814769e-05 -6.861598e+02 1.010637e-298
-6.763215e+02 1.893584e-294 -9.813543e+00 5.470569e-05 -6.861351e+02 1.035898e-298
-6.762967e+02 1.941157e-294 -9.745892e+00 5.853464e-05 -6.860426e+02 1.136249e-298
-6.762750e+02 1.983741e-294 -9.362082e+00 8.592106e-05 -6.856371e+02 1.704451e-298
-6.762314e+02 2.072308e-294 -9.839287e+00 5.331531e-05 -6.860706e+02 1.104857e-298
-6.761286e+02 2.296601e-294 -9.886250e+00 5.086932e-05 -6.860148e+02 1.168265e-298
-6.762118e+02 2.113134e-294 -9.071014e+00 1.149499e-04 -6.852829e+02 2.429044e-298
-6.763064e+02 1.922577e-294 -9.268463e+00 9.435345e-05 -6.855748e+02 1.814017e-298
-6.763295e+02 1.878539e-294 -9.639133e+00 6.512952e-05 -6.859687e+02 1.223483e-298
-6.763953e+02 1.758993e-294 -9.769814e+00 5.715096e-05 -6.861651e+02 1.005281e-298
-6.762948e+02 1.944947e-294 -9.802701e+00 5.530201e-05 -6.860975e+02 1.075595e-298
-6.763176e+02 1.901144e-294 -1.031692e+01 3.306869e-05 -6.866345e+02 6.286833e-299
-6.762791e+02 1.975591e-294 -1.090440e+01 1.837713e-05 -6.871836e+02 3.630570e-299
-6.761074e+02 2.345744e-294 -1.110014e+01 1.511022e-05 -6.872076e+02 3.544471e-299
-6.760437e+02 2.500056e-294 -1.128589e+01 1.254877e-05 -6.873296e+02 3.137264e-299
-6.758842e+02 2.932390e-294 -1.142989e+01 1.086585e-05 -6.873141e+02 3.186289e-299
-6.759027e+02 2.878733e-294 -1.153848e+01 9.747673e-06 -6.874411e+02 2.806095e-299
-6.759517e+02 2.740955e-294 -1.099705e+01 1.675109e-05 -6.869488e+02 4.591399e-299
-6.759694e+02 2.692834e-294 -1.116988e+01 1.409236e-05 -6.871393e+02 3.794837e-299
-6.759925e+02 2.631392e-294 -1.068371e+01 2.291511e-05 -6.866762e+02 6.029865e-299
-6.760609e+02 2.457318e-294 -1.081860e+01 2.002356e-05 -6.868795e+02 4.920424e-299
-6.760493e+02 2.486187e-294 -1.120413e+01 1.361778e-05 -6.872534e+02 3.385634e-299
-6.759428e+02 2.765612e-294 -1.125748e+01 1.291038e-05 -6.872002e+02 3.570509e-299
-6.759205e+02 2.827794e-294 -1.101176e+01 1.650639e-05 -6.869323e+02 4.667666e-299
-6.759265e+02 2.810974e-294 -1.119423e+01 1.375326e-05 -6.871207e+02 3.866005e-299
-6.759446e+02 2.760643e-294 -1.124785e+01 1.303532e-05 -6.871924e+02 3.598586e-299
-6.759739e+02 2.680935e-294 -1.173539e+01 8.005421e-06 -6.877092e+02 2.146202e-299
-6.759772e+02 2.671862e-294 -1.160076e+01 9.159133e-06 -6.875780e+02 2.447194e-299
-6.759540e+02 2.734783e-294 -1.164506e+01 8.762242e-06 -6.875990e+02 2.396283e-299
-6.759867e+02 2.646684e-294 -1.237216e+01 4.234847e-06 -6.883589e+02 1.120830e-299
-6.759129e+02 2.849382e-294 -1.328789e+01 1.694889e-06 -6.892008e+02 4.829387e-300
-6.758037e+02 3.178223e-294 -1.385760e+01 9.587838e-07 -6.896613e+02 3.047229e-300
-6.756667e+02 3.644732e-294 -1.386451e+01 9.521788e-07 -6.895312e+02 3.470437e-300
-6.756300e+02 3.781161e-294 -1.340701e+01 1.504564e-06 -6.890370e+02 5.689000e-300
-6.756227e+02 3.808677e-294 -1.322968e+01 1.796487e-06 -6.888524e+02 6.842238e-300
-6.756558e+02 3.684839e-294 -1.369234e+01 1.131075e-06 -6.893481e+02 4.167829e-300
-6.756682e+02 3.639408e-294 -1.364151e+01 1.190051e-06 -6.893097e+02 4.331081e-300
-6.756338e+02 3.766875e-294 -1.392133e+01 8.995859e-07 -6.895551e+02 3.388627e-300
-6.756970e+02 3.535938e-294 -1.375288e+01 1.064636e-06 -6.894499e+02 3.764487e-300
-6.758020e+02 3.183660e-294 -1.316839e+01 1.910034e-06 -6.889704e+02 6.080898e-300
-6.757911e+02 3.218477e-294 -1.379145e+01 1.024350e-06 -6.895826e+02 3.296846e-300
-6.757706e+02 3.285089e-294 -1.408398e+01 7.645475e-07 -6.898546e+02 2.511607e-300
-6.757732e+02 3.276533e-294 -1.451214e+01 4.982616e-07 -6.902854e+02 1.632571e-300
-6.756133e+02 3.844687e-294 -1.544000e+01 1.970125e-07 -6.910533e+02 7.574512e-301
-6.755643e+02 4.037681e-294 -1.509210e+01 2.789862e-07 -6.906565e+02 1.126457e-300
-6.755492e+02 4.099130e-294 -1.461530e+01 4.494225e-07 -6.901645e+02 1.842241e-300
-6.755012e+02 4.300801e-294 -1.367263e+01 1.153589e-06 -6.891738e+02 4.961356e-300
-6.755070e+02 4.275804e-294 -1.354749e+01 1.307370e-06 -6.890545e+02 5.590059e-300
-6.755562e+02 4.070682e-294 -1.346548e+01 1.419109e-06 -6.890217e+02 5.776742e-300
-6.754491e+02 4.530962e-294 -1.353590e+01 1.322611e-06 -6.889850e+02 5.992702e-300
-6.754970e+02 4.318833e-294 -1.335694e+01 1.581816e-06 -6.888540e+02 6.831601e-300
-6.754584e+02 4.489103e-294 -1.368421e+01 1.140307e-06 -6.891426e+02 5.118956e-300
-6.754541e+02 4.508109e-294 -1.364143e+01 1.190152e-06 -6.890956e+02 5.365334e-300
-6.754872e+02 4.361444e-294 -1.405722e+01 7.852834e-07 -6.895444e+02 3.424969e-300
-6.755994e+02 3.898434e-294 -1.371927e+01 1.101025e-06 -6.893187e+02 4.292275e-300
-6.755916e+02 3.929186e-294 -1.402200e+01 8.134317e-07 -6.896136e+02 3.196125e-300
-6.756218e+02 3.812322e-294 -1.344634e+01 1.446528e-06 -6.890681e+02 5.514629e-300
-6.757442e+02 3.372979e-294 -1.333300e+01 1.620140e-06 -6.890772e+02 5.464699e-300
-6.756273e+02 3.791402e-294 -1.390334e+01 9.159144e-07 -6.895306e+02 3.472600e-300
-6.756212e+02 3.814469e-294 -1.329138e+01 1.688996e-06 -6.889126e+02 6.442623e-300
-6.755536e+02 4.081308e-294 -1.347472e+01 1.406059e-06 -6.890283e+02 5.738560e-300
-6.756188e+02 3.823747e-294 -1.369632e+01 1.126587e-06 -6.893151e+02 4.307782e-300
-6.756081e+02 3.864837e-294 -1.411188e+01 7.435101e-07 -6.897200e+02 2.873545e-300
-6.755488e+02 4.101053e-294 -1.436532e+01 5.770577e-07 -6.899141e+02 2.366544e-300
-6.754801e+02 4.392389e-294 -1.420911e+01 6.746272e-07 -6.896892e+02 2.963225e-300
-6.753912e+02 4.800842e-294 -1.433832e+01 5.928504e-07 -6.897295e+02 2.846181e-300
-6.753407e+02 5.049601e-294 -1.432658e+01 5.998560e-07 -6.896673e+02 3.029033e-300
-6.754430e+02 4.558651e-294 -1.439635e+01 5.594267e-07 -6.898393e+02 2.550231e-300
-6.754427e+02 4.560201e-294 -1.363336e+01 1.199797e-06 -6.890760e+02 5.471315e-300
-6.754337e+02 4.601406e-294 -1.351270e+01 1.353656e-06 -6.889464e+02 6.228722e-300
-6.753664e+02 4.921679e-294 -1.452910e+01 4.898808e-07 -6.898955e+02 2.411036e-300
-6.753561e+02 4.972568e-294 -1.474362e+01 3.952992e-07 -6.900997e+02 1.965652e-300
-6.752744e+02 5.395854e-294 -1.417229e+01 6.999287e-07 -6.894467e+02 3.776713e-300
-6.752851e+02 5.338580e-294 -1.422546e+01 6.636811e-07 -6.895105e+02 3.543115e-300
-6.752434e+02 5.565753e-294 -1.423319e+01 6.585742e-07 -6.894766e+02 3.665461e-300
-6.753930e+02 4.792124e-294 -1.383440e+01 9.812834e-07 -6.892274e+02 4.702432e-300
-6.753023e+02 5.247512e-294 -1.453828e+01 4.854057e-07 -6.898405e+02 2.547173e-300
-6.753450e+02 5.027833e-294 -1.442271e+01 5.448764e-07 -6.897677e+02 2.739547e-300
-6.753880e+02 4.816579e-294 -1.455425e+01 4.777144e-07 -6.899422e+02 2.300949e-300
-6.754669e+02 4.451082e-294 -1.439218e+01 5.617674e-07 -6.898590e+02 2.500473e-300
-6.754460e+02 4.544976e-294 -1.465881e+01 4.302894e-07 -6.901048e+02 1.955655e-300
-6.754060e+02 4.730319e-294 -1.480936e+01 3.701497e-07 -6.902154e+02 1.750926e-300
-6.755467e+02 4.109697e-294 -1.489004e+01 3.414578e-07 -6.904367e+02 1.403288e-300
-6.754061e+02 4.729919e-294 -1.510053e+01 2.766463e-07 -6.905066e+02 1.308515e-300
-6.754006e+02 4.756225e-294 -1.497822e+01 3.126377e-07 -6.903788e+02 1.486975e-300
-6.754007e+02 4.755708e-294 -1.486371e+01 3.505691e-07 -6.902644e+02 1.667204e-300
-6.752685e+02 5.427721e-294 -1.497012e+01 3.151799e-07 -6.902386e+02 1.710709e-300
-6.753376e+02 5.065515e-294 -1.429296e+01 6.203651e-07 -6.896305e+02 3.142468e-300
-6.753718e+02 4.895218e-294 -1.412726e+01 7.321642e-07 -6.894990e+02 3.584103e-300
-6.753205e+02 5.152604e-294 -1.411151e+01 7.437882e-07 -6.894320e+02 3.832447e-300
-6.753119e+02 5.197369e-294 -1.424837e+01 6.486499e-07 -6.895602e+02 3.371272e-300
-6.752588e+02 5.480550e-294 -1.466384e+01 4.281298e-07 -6.899227e+02 2.346387e-300
-6.752362e+02 5.605783e-294 -1.515341e+01 2.623961e-07 -6.903896e+02 1.470936e-300
-6.752838e+02 5.345138e-294 -1.554266e+01 1.777897e-07 -6.908265e+02 9.503104e-301
-6.753916e+02 4.799279e-294 -1.542284e+01 2.004212e-07 -6.908144e+02 9.618769e-301
-6.754444e+02 4.552311e-294 -1.565926e+01 1.582224e-07 -6.911036e+02 7.202774e-301
-6.755389e+02 4.141642e-294 -1.524211e+01 2.401243e-07 -6.907810e+02 9.945091e-301
-6.754486e+02 4.533237e-294 -1.460875e+01 4.523753e-07 -6.900573e+02 2.050724e-300
-6.753933e+02 4.790961e-294 -1.476060e+01 3.886437e-07 -6.901539e+02 1.861977e-300
-6.754102e+02 4.710624e-294 -1.485090e+01 3.550869e-07 -6.902611e+02 1.672681e-300
-6.752457e+02 5.552973e-294 -1.515317e+01 2.624584e-07 -6.903989e+02 1.457425e-300
-6.753313e+02 5.097096e-294 -1.527946e+01 2.313201e-07 -6.906108e+02 1.179061e-300
-6.752818e+02 5.356103e-294 -1.567682e+01 1.554688e-07 -6.909586e+02 8.327070e-301
-6.753370e+02 5.068485e-294 -1.548747e+01 1.878789e-07 -6.908244e+02 9.522612e-301
-6.754649e+02 4.459966e-294 -1.536118e+01 2.131700e-07 -6.908261e+02 9.507307e-301
-6.754412e+02 4.567047e-294 -1.520697e+01 2.487111e-07 -6.906481e+02 1.135875e-300
-6.753995e+02 4.761046e-294 -1.529751e+01 2.271837e-07 -6.906971e+02 1.081632e-300
-6.753780e+02 4.864938e-294 -1.609409e+01 1.024292e-07 -6.914721e+02 4.983115e-301
-6.753163e+02 5.174256e-294 -1.614335e+01 9.750586e-08 -6.914597e+02 5.045202e-301
-6.752875e+02 5.325386e-294 -1.607155e+01 1.047641e-07 -6.913591e+02 5.579093e-301
-6.753423e+02 5.041716e-294 -1.567228e+01 1.561757e-07 -6.910146e+02 7.873935e-301
-6.752960e+02 5.280383e-294 -1.586078e+01 1.293459e-07 -6.911568e+02 6.829958e-301
-6.752577e+02 5.486787e-294 -1.672364e+01 5.457796e-08 -6.919813e+02 2.994576e-301
-6.752072e+02 5.770804e-294 -1.637044e+01 7.769739e-08 -6.915777e+02 4.483764e-301
-6.751914e+02 5.862508e-294 -1.687384e+01 4.696623e-08 -6.920653e+02 2.753399e-301
-6.752025e+02 5.798278e-294 -1.717379e+01 3.479510e-08 -6.923762e+02 2.017517e-301
-6.751798e+02 5.931392e-294 -1.741720e+01 2.727758e-08 -6.925970e+02 1.617940e-301
-6.751854e+02 5.898259e-294 -1.701087e+01 4.095165e-08 -6.921962e+02 2.415434e-301
-6.752192e+02 5.701907e-294 -1.693371e+01 4.423676e-08 -6.921529e+02 2.522339e-301
-6.751805e+02 5.926958e-294 -1.688784e+01 4.631322e-08 -6.920683e+02 2.744965e-301
-6.752619e+02 5.463749e-294 -1.625688e+01 8.704184e-08 -6.915188e+02 4.755747e-301
-6.753318e+02 5.094893e-294 -1.615430e+01 9.644421e-08 -6.914861e+02 4.913729e-301
-6.752819e+02 5.355257e-294 -1.644243e+01 7.230120e-08 -6.917244e+02 3.871915e-301
-6.752891e+02 5.316995e-294 -1.654217e+01 6.543765e-08 -6.918313e+02 3.479317e-301
-6.752001e+02 5.812158e-294 -1.630663e+01 8.281722e-08 -6.915067e+02 4.813468e-301
-6.752137e+02 5.733550e-294 -1.614318e+01 9.752291e-08 -6.913569e+02 5.591524e-301
-6.751279e+02 6.247203e-294 -1.557584e+01 1.719890e-07 -6.907037e+02 1.074450e-300
-6.751281e+02 6.245563e-294 -1.543908e+01 1.971939e-07 -6.905672e+02 1.231587e-300
-6.752022e+02 5.799588e-294 -1.557495e+01 1.721420e-07 -6.907772e+02 9.983527e-301
-6.752381e+02 5.595156e-294 -1.618067e+01 9.393451e-08 -6.914188e+02 5.255783e-301
-6.752636e+02 5.454517e-294 -1.553506e+01 1.791473e-07 -6.907986e+02 9.771619e-301
-6.753652e+02 4.927465e-294 -1.577225e+01 1.413178e-07 -6.911374e+02 6.963385e-301
-6.752248e+02 5.670355e-294 -1.538463e+01 2.082289e-07 -6.906094e+02 1.180732e-300
-6.750778e+02 6.568241e-294 -1.517641e+01 2.564303e-07 -6.902542e+02 1.684296e-300
-6.750985e+02 6.433741e-294 -1.535641e+01 2.141881e-07 -6.904549e+02 1.378031e-300
-6.751326e+02 6.218097e-294 -1.541586e+01 2.018257e-07 -6.905484e+02 1.254972e-300
-6.750998e+02 6.425347e-294 -1.570839e+01 1.506380e-07 -6.908082e+02 9.679012e-301
-6.751127e+02 6.342789e-294 -1.539747e+01 2.055725e-07 -6.905102e+02 1.303903e-300
-6.752427e+02 5.569318e-294 -1.478201e+01 3.804114e-07 -6.900248e+02 2.118632e-300
-6.751150e+02 6.328389e-294 -1.430367e+01 6.137548e-07 -6.894186e+02 3.884079e-300
-6.751339e+02 6.209548e-294 -1.433969e+01 5.920410e-07 -6.894736e+02 3.676307e-300
-6.750441e+02 6.793194e-294 -1.453659e+01 4.862260e-07 -6.895807e+02 3.303028e-300
-6.750921e+02 6.474761e-294 -1.457830e+01 4.663623e-07 -6.896704e+02 3.019585e-300
-6.751789e+02 5.936211e-294 -1.471749e+01 4.057656e-07 -6.898964e+02 2.408710e-300
-6.751237e+02 6.273668e-294 -1.519191e+01 2.524868e-07 -6.903156e+02 1.584018e-300
-6.751763e+02 5.951660e-294 -1.530455e+01 2.255890e-07 -6.904809e+02 1.342629e-300
-6.751960e+02 5.835582e-294 -1.537285e+01 2.106953e-07 -6.905689e+02 1.229530e-300
-6.752431e+02 5.567464e-294 -1.565431e+01 1.590086e-07 -6.908974e+02 8.852748e-301
-6.752330e+02 5.624039e-294 -1.590914e+01 1.232391e-07 -6.911421e+02 6.931016e-301
-6.752369e+02 5.602179e-294 -1.597854e+01 1.149768e-07 -6.912154e+02 6.441206e-301
-6.752386e+02 5.592627e-294 -1.578868e+01 1.390150e-07 -6.910273e+02 7.774588e-301
-6.751901e+02 5.870359e-294 -1.543504e+01 1.979910e-07 -6.906251e+02 1.162278e-300
-6.753225e+02 5.142542e-294 -1.552112e+01 1.816617e-07 -6.908436e+02 9.342030e-301
-6.752426e+02 5.569991e-294 -1.539879e+01 2.053005e-07 -6.906414e+02 1.143522e-300
-6.752741e+02 5.397265e-294 -1.580991e+01 1.360960e-07 -6.910840e+02 7.345463e-301
-6.754215e+02 4.657817e-294 -1.605723e+01 1.062754e-07 -6.914787e+02 4.950112e-301
-6.754199e+02 4.665158e-294 -1.531567e+01 2.230944e-07 -6.907356e+02 1.040771e-300
-6.753925e+02 4.794579e-294 -1.520675e+01 2.487680e-07 -6.905993e+02 1.192738e-300
-6.753823e+02 4.844046e-294 -1.484549e+01 3.570148e-07 -6.902278e+02 1.729396e-300
-6.753664e+02 4.921463e-294 -1.469325e+01 4.157231e-07 -6.900597e+02 2.045966e-300
-6.754022e+02 4.748373e-294 -1.488629e+01 3.427417e-07 -6.902885e+02 1.627465e-300
-6.754400e+02 4.572447e-294 -1.486223e+01 3.510876e-07 -6.903022e+02 1.605330e-300
-6.753677e+02 4.915262e-294 -1.418877e+01 6.884873e-07 -6.895564e+02 3.384096e-300
-6.752091e+02 5.759614e-294 -1.448014e+01 5.144663e-07 -6.896893e+02 2.963127e-300
-6.752628e+02 5.458636e-294 -1.470144e+01 4.123296e-07 -6.899643e+02 2.250757e-300
-6.753605e+02 4.950485e-294 -1.459223e+01 4.599102e-07 -6.899528e+02 2.276779e-300
-6.753529e+02 4.988512e-294 -1.475038e+01 3.926364e-07 -6.901033e+02 1.958672e-300
-6.754303e+02 4.616994e-294 -1.445617e+01 5.269425e-07 -6.898864e+02 2.432890e-300
-6.754285e+02 4.625228e-294 -1.426598e+01 6.373306e-07 -6.896945e+02 2.947799e-300
-6.754618e+02 4.473835e-294 -1.394589e+01 8.777644e-07 -6.894077e+02 3.926973e-300
-6.754588e+02 4.487343e-294 -1.424767e+01 6.491080e-07 -6.897064e+02 2.912770e-300
-6.755221e+02 4.211813e-294 -1.361955e+01 1.216474e-06 -6.891417e+02 5.123562e-300
-6.755539e+02 4.080215e-294 -1.364083e+01 1.190862e-06 -6.891947e+02 4.858972e-300
-6.756265e+02 3.794496e-294 -1.262155e+01 3.300124e-06 -6.882480e+02 1.252231e-299
-6.756504e+02 3.704840e-294 -1.249444e+01 3.747416e-06 -6.881448e+02 1.388358e-299
-6.756841e+02 3.581923e-294 -1.294107e+01 2.397540e-06 -6.886252e+02 8.587802e-300
-6.756621e+02 3.661511e-294 -1.251327e+01 3.677537e-06 -6.881754e+02 1.346534e-299
-6.757371e+02 3.396969e-294 -1.230363e+01 4.535233e-06 -6.880408e+02 1.540604e-299
-6.757161e+02 3.469141e-294 -1.199463e+01 6.177282e-06 -6.877107e+02 2.142986e-299
-6.758244e+02 3.112993e-294 -1.160702e+01 9.101963e-06 -6.874315e+02 2.833435e-299
-6.758696e+02 2.975405e-294 -1.169825e+01 8.308357e-06 -6.875679e+02 2.472073e-299
-6.758583e+02 3.009203e-294 -1.211502e+01 5.476644e-06 -6.879734e+02 1.648033e-299
-6.756980e+02 3.532416e-294 -1.230369e+01 4.534961e-06 -6.880017e+02 1.601937e-299
-6.757806e+02 3.252344e-294 -1.249269e+01 3.753982e-06 -6.882733e+02 1.220924e-299
-6.757472e+02 3.363093e-294 -1.275193e+01 2.896725e-06 -6.884991e+02 9.741957e-300
-6.757883e+02 3.227620e-294 -1.298149e+01 2.302563e-06 -6.887698e+02 7.431800e-300
-6.756874e+02 3.570157e-294 -1.324786e+01 1.764123e-06 -6.889353e+02 6.298195e-300
-6.756657e+02 3.648393e-294 -1.308828e+01 2.069337e-06 -6.887540e+02 7.549754e-300
-6.755943e+02 3.918420e-294 -1.355573e+01 1.296642e-06 -6.891501e+02 5.080787e-300
-6.756605e+02 3.667686e-294 -1.374779e+01 1.070062e-06 -6.894083e+02 3.924651e-300
-6.756833e+02 3.584693e-294 -1.377109e+01 1.045423e-06 -6.894544e+02 3.747521e-300
-6.756193e+02 3.821603e-294 -1.396649e+01 8.598682e-07 -6.895858e+02 3.286074e-300
-6.756116e+02 3.851390e-294 -1.395942e+01 8.659691e-07 -6.895710e+02 3.335185e-300
-6.755705e+02 4.012771e-294 -1.419459e+01 6.844928e-07 -6.897651e+02 2.746713e-300
-6.756597e+02 3.670536e-294 -1.426222e+01 6.397274e-07 -6.899219e+02 2.348142e-300
-6.756865e+02 3.573522e-294 -1.385463e+01 9.616343e-07 -6.895411e+02 3.436421e-300
-6.757440e+02 3.373696e-294 -1.413747e+01 7.247308e-07 -6.898815e+02 2.445021e-300
-6.756909e+02 3.557749e-294 -1.455662e+01 4.765849e-07 -6.902475e+02 1.695569e-300
-6.756653e+02 3.650053e-294 -1.463385e+01 4.411643e-07 -6.902991e+02 1.610273e-300
-6.756749e+02 3.615018e-294 -1.428105e+01 6.277958e-07 -6.899560e+02 2.269493e-300
-6.757065e+02 3.502677e-294 -1.351306e+01 1.353174e-06 -6.892195e+02 4.739732e-300
-6.758043e+02 3.176342e-294 -1.356315e+01 1.287060e-06 -6.893674e+02 4.088141e-300
-6.758255e+02 3.109696e-294 -1.349324e+01 1.380263e-06 -6.893187e+02 4.292198e-300
-6.758304e+02 3.094401e-294 -1.383766e+01 9.780963e-07 -6.896681e+02 3.026622e-300
-6.758973e+02 2.894085e-294 -1.317559e+01 1.896330e-06 -6.890729e+02 5.488139e-300
-6.759178e+02 2.835439e-294 -1.319315e+01 1.863313e-06 -6.891110e+02 5.283311e-300
-6.760554e+02 2.471073e-294 -1.351990e+01 1.343946e-06 -6.895753e+02 3.320989e-300
-6.760771e+02 2.417915e-294 -1.354590e+01 1.309459e-06 -6.896230e+02 3.166160e-300
-6.761752e+02 2.192010e-294 -1.329664e+01 1.680133e-06 -6.894718e+02 3.682868e-300
-6.760966e+02 2.371324e-294 -1.319365e+01 1.862395e-06 -6.892902e+02 4.416342e-300
-6.761020e+02 2.358387e-294 -1.356852e+01 1.280168e-06 -6.896706e+02 3.019132e-300
-6.761447e+02 2.259827e-294 -1.329994e+01 1.674600e-06 -6.894447e+02 3.784306e-300
-6.760784e+02 2.414844e-294 -1.333182e+01 1.622050e-06 -6.894102e+02 3.916997e-300
-6.761041e+02 2.353491e-294 -1.229805e+01 4.560632e-06 -6.884022e+02 1.073341e-299
-6.761949e+02 2.149144e-294 -1.223184e+01 4.872792e-06 -6.884268e+02 1.047233e-299
-6.761696e+02 2.204277e-294 -1.255503e+01 3.527115e-06 -6.887246e+02 7.774740e-300
-6.760528e+02 2.477439e-294 -1.256964e+01 3.475957e-06 -6.886224e+02 8.611469e-300
-6.759657e+02 2.702803e-294 -1.325328e+01 1.754582e-06 -6.892190e+02 4.742291e-300
-6.760743e+02 2.424686e-294 -1.312456e+01 1.995605e-06 -6.891989e+02 4.838716e-300
-6.759959e+02 2.622598e-294 -1.347450e+01 1.406371e-06 -6.894703e+02 3.688347e-300
-6.759596e+02 2.719480e-294 -1.264069e+01 3.237571e-06 -6.886003e+02 8.804510e-300
-6.760596e+02 2.460691e-294 -1.280961e+01 2.734367e-06 -6.888692e+02 6.728432e-300
-6.759797e+02 2.665221e-294 -1.295102e+01 2.373798e-06 -6.889307e+02 6.326696e-300
-6.760664e+02 2.443946e-294 -1.280622e+01 2.743665e-06 -6.888726e+02 6.705367e-300
-6.761007e+02 2.361581e-294 -1.261107e+01 3.334893e-06 -6.887118e+02 7.875620e-300
-6.760694e+02 2.436621e-294 -1.185970e+01 7.069681e-06 -6.879291e+02 1.722613e-299
-6.760569e+02 2.467394e-294 -1.181768e+01 7.373025e-06 -6.878745e+02 1.819216e-299
-6.761221e+02 2.311468e-294 -1.184243e+01 7.192784e-06 -6.879646e+02 1.662589e-299
-6.761212e+02 2.313691e-294 -1.228275e+01 4.630931e-06 -6.884039e+02 1.071454e-299
-6.760818e+02 2.406516e-294 -1.209387e+01 5.593682e-06 -6.881757e+02 1.346129e-299
-6.760980e+02 2.367863e-294 -1.223052e+01 4.879260e-06 -6.883285e+02 1.155342e-299
-6.762420e+02 2.050415e-294 -1.201131e+01 6.075102e-06 -6.882533e+02 1.245648e-299
-6.762871e+02 1.959958e-294 -1.199481e+01 6.176203e-06 -6.882819e+02 1.210510e-299
-6.762917e+02 1.951028e-294 -1.236963e+01 4.245591e-06 -6.886613e+02 8.283267e-300
-6.762956e+02 1.943454e-294 -1.193638e+01 6.547799e-06 -6.882319e+02 1.272535e-299
-6.762386e+02 2.057450e-294 -1.201238e+01 6.068610e-06 -6.882509e+02 1.248586e-299
-6.762597e+02 2.014392e-294 -1.193361e+01 6.565984e-06 -6.881933e+02 1.322646e-299
-6.763281e+02 1.881190e-294 -1.191579e+01 6.684006e-06 -6.882439e+02 1.257388e-299
-6.762608e+02 2.012255e-294 -1.202002e+01 6.022402e-06 -6.882808e+02 1.211861e-299
-6.762559e+02 2.022161e-294 -1.181713e+01 7.377119e-06 -6.880730e+02 1.491773e-299
-6.762929e+02 1.948662e-294 -1.145312e+01 1.061634e-05 -6.877460e+02 2.068766e-299
-6.761696e+02 2.204317e-294 -1.156934e+01 9.451504e-06 -6.877389e+02 2.083412e-299
-6.761208e+02 2.314642e-294 -1.162932e+01 8.901269e-06 -6.877501e+02 2.060325e-299
-6.760698e+02 2.435708e-294 -1.181308e+01 7.407072e-06 -6.878829e+02 1.804147e-299
-6.761306e+02 2.292061e-294 -1.187261e+01 6.978931e-06 -6.880032e+02 1.599614e-299
-6.760720e+02 2.430378e-294 -1.201762e+01 6.036875e-06 -6.880896e+02 1.467189e-299
-6.760769e+02 2.418545e-294 -1.226693e+01 4.704786e-06 -6.883438e+02 1.137874e-299
-6.761132e+02 2.332229e-294 -1.205068e+01 5.840585e-06 -6.881639e+02 1.362158e-299
-6.760290e+02 2.537100e-294 -1.199572e+01 6.170550e-06 -6.880247e+02 1.565530e-299
-6.760068e+02 2.594125e-294 -1.230815e+01 4.514818e-06 -6.883149e+02 1.171200e-299
-6.760119e+02 2.580841e-294 -1.194820e+01 6.470846e-06 -6.879601e+02 1.670023e-299
-6.758894e+02 2.917058e-294 -1.165987e+01 8.633405e-06 -6.875493e+02 2.518414e-299
-6.759074e+02 2.865055e-294 -1.146635e+01 1.047676e-05 -6.873738e+02 3.001649e-299
-6.759307e+02 2.799201e-294 -1.147838e+01 1.035152e-05 -6.874091e+02 2.897600e-299
-6.758625e+02 2.996789e-294 -1.131821e+01 1.214965e-05 -6.871807e+02 3.640993e-299
-6.758369e+02 3.074345e-294 -1.074885e+01 2.147006e-05 -6.865858e+02 6.600636e-299
-6.757888e+02 3.225878e-294 -1.031605e+01 3.309754e-05 -6.861049e+02 1.067686e-298
-6.758035e+02 3.178901e-294 -1.068248e+01 2.294331e-05 -6.864860e+02 7.293451e-299
-6.758373e+02 3.073304e-294 -1.058537e+01 2.528326e-05 -6.864226e+02 7.770316e-299
-6.759393e+02 2.775229e-294 -1.040954e+01 3.014340e-05 -6.863488e+02 8.365485e-299
-6.759784e+02 2.668699e-294 -1.074056e+01 2.164877e-05 -6.867190e+02 5.777407e-299
-6.758881e+02 2.920937e-294 -1.112785e+01 1.469725e-05 -6.870160e+02 4.292974e-299
-6.759880e+02 2.643190e-294 -1.073008e+01 2.187696e-05 -6.867181e+02 5.782496e-299
-6.761093e+02 2.341370e-294 -1.078832e+01 2.063910e-05 -6.868976e+02 4.832377e-299
-6.761983e+02 2.142026e-294 -1.075942e+01 2.124441e-05 -6.869577e+02 4.550608e-299
-6.761117e+02 2.335677e-294 -1.109876e+01 1.513110e-05 -6.872105e+02 3.534136e-299
-6.760348e+02 2.522418e-294 -1.117090e+01 1.407790e-05 -6.872057e+02 3.551034e-299
-6.759838e+02 2.654502e-294 -1.162187e+01 8.967797e-06 -6.876056e+02 2.380503e-299
-6.760723e+02 2.429605e-294 -1.139538e+01 1.124734e-05 -6.874677e+02 2.732659e-299
-6.761940e+02 2.151185e-294 -1.121949e+01 1.341030e-05 -6.874135e+02 2.884803e-299
-6.762356e+02 2.063553e-294 -1.174207e+01 7.952138e-06 -6.879777e+02 1.640966e-299
-6.761492e+02 2.249638e-294 -1.149173e+01 1.021425e-05 -6.876410e+02 2.297835e-299
-6.760328e+02 2.527431e-294 -1.143659e+01 1.079321e-05 -6.874694e+02 2.727911e-299
-6.760783e+02 2.415116e-294 -1.107259e+01 1.553222e-05 -6.871509e+02 3.751212e-299
-6.760825e+02 2.404991e-294 -1.115048e+01 1.436841e-05 -6.872329e+02 3.455589e-299
-6.761571e+02 2.231938e-294 -1.108283e+01 1.537405e-05 -6.872400e+02 3.431391e-299
-6.760119e+02 2.580728e-294 -1.168335e+01 8.433101e-06 -6.876953e+02 2.176355e-299
-6.760081e+02 2.590696e-294 -1.188671e+01 6.881261e-06 -6.878948e+02 1.782726e-299
-6.758928e+02 2.907189e-294 -1.196340e+01 6.373238e-06 -6.878562e+02 1.852821e-299
-6.758198e+02 3.127532e-294 -1.277671e+01 2.825827e-06 -6.885965e+02 8.837864e-300
-6.758233e+02 3.116472e-294 -1.322916e+01 1.797412e-06 -6.890525e+02 5.601583e-300
-6.759098e+02 2.858215e-294 -1.345375e+01 1.435860e-06 -6.893636e+02 4.103995e-300
-6.760168e+02 2.568154e-294 -1.377787e+01 1.038354e-06 -6.897947e+02 2.666654e-300
-6.760145e+02 2.574020e-294 -1.329843e+01 1.677116e-06 -6.893130e+02 4.316931e-300
-6.760089e+02 2.588490e-294 -1.379799e+01 1.017677e-06 -6.898069e+02 2.634246e-300
-6.760120e+02 2.580463e-294 -1.340133e+01 1.513129e-06 -6.894134e+02 3.904574e-300
-6.760448e+02 2.497306e-294 -1.405275e+01 7.888035e-07 -6.900976e+02 1.969884e-300
-6.760523e+02 2.478708e-294 -1.359353e+01 1.248544e-06 -6.896458e+02 3.094776e-300
-6.760939e+02 2.377707e-294 -1.363982e+01 1.192070e-06 -6.897337e+02 2.834394e-300
-6.760135e+02 2.576693e-294 -1.383338e+01 9.822933e-07 -6.898469e+02 2.531068e-300
-6.759303e+02 2.800358e-294 -1.351949e+01 1.344496e-06 -6.894498e+02 3.765070e-300
-6.758323e+02 3.088588e-294 -1.370649e+01 1.115181e-06 -6.895388e+02 3.444335e-300
-6.758318e+02 3.090192e-294 -1.352282e+01 1.340026e-06 -6.893546e+02 4.140939e-300
-6.758125e+02 3.150419e-294 -1.311197e+01 2.020905e-06 -6.889244e+02 6.366698e-300
-6.758878e+02 2.921801e-294 -1.311503e+01 2.014731e-06 -6.890028e+02 5.886641e-300
-6.759007e+02 2.884283e-294 -1.270150e+01 3.046564e-06 -6.886022e+02 8.787153e-300
-6.760266e+02 2.543207e-294 -1.283846e+01 2.656598e-06 -6.888651e+02 6.756281e-300
-6.760805e+02 2.409629e-294 -1.261593e+01 3.318724e-06 -6.886965e+02 7.996892e-300
-6.760420e+02 2.504318e-294 -1.258429e+01 3.425393e-06 -6.886263e+02 8.578273e-300
-6.760445e+02 2.498171e-294 -1.267637e+01 3.124088e-06 -6.887208e+02 7.804506e-300
-6.761299e+02 2.293685e-294 -1.241001e+01 4.077561e-06 -6.885399e+02 9.352640e-300
-6.761546e+02 2.237715e-294 -1.285843e+01 2.604086e-06 -6.890130e+02 5.827203e-300
-6.760517e+02 2.480185e-294 -1.307130e+01 2.104771e-06 -6.891230e+02 5.220221e-300
-6.760875e+02 2.392968e-294 -1.342944e+01 1.471184e-06 -6.895169e+02 3.520496e-300
-6.761509e+02 2.246008e-294 -1.354624e+01 1.309007e-06 -6.896971e+02 2.940040e-300
-6.762255e+02 2.084462e-294 -1.352837e+01 1.332614e-06 -6.897539e+02 2.777783e-300
-6.762140e+02 2.108526e-294 -1.306169e+01 2.125108e-06 -6.892757e+02 4.480846e-300
-6.762170e+02 2.102170e-294 -1.219950e+01 5.032976e-06 -6.884165e+02 1.058017e-299
-6.761325e+02 2.287615e-294 -1.234377e+01 4.356807e-06 -6.884763e+02 9.966697e-300
-6.762581e+02 2.017548e-294 -1.300716e+01 2.244194e-06 -6.892653e+02 4.527769e-300
-6.762614e+02 2.010878e-294 -1.213435e+01 5.371813e-06 -6.883958e+02 1.080206e-299
-6.762745e+02 1.984705e-294 -1.167141e+01 8.534392e-06 -6.879460e+02 1.693825e-299
-6.761893e+02 2.161364e-294 -1.183974e+01 7.212183e-06 -6.880290e+02 1.558816e-299
-6.762262e+02 2.083012e-294 -1.200419e+01 6.118542e-06 -6.882304e+02 1.274499e-299
-6.760812e+02 2.408085e-294 -1.193036e+01 6.587363e-06 -6.880115e+02 1.586293e-299
-6.759823e+02 2.658263e-294 -1.158126e+01 9.339464e-06 -6.875636e+02 2.482675e-299
-6.759471e+02 2.753515e-294 -1.185605e+01 7.095521e-06 -6.878032e+02 1.953762e-299
-6.758737e+02 2.963195e-294 -1.220935e+01 4.983657e-06 -6.880831e+02 1.476755e-299
-6.758630e+02 2.995077e-294 -1.183205e+01 7.267840e-06 -6.876951e+02 2.176774e-299
-6.759336e+02 2.790982e-294 -1.155903e+01 9.549437e-06 -6.874927e+02 2.665231e-299
-6.758615e+02 2.999615e-294 -1.166853e+01 8.559003e-06 -6.875301e+02 2.567371e-299
-6.758888e+02 2.918797e-294 -1.161939e+01 8.990025e-06 -6.875082e+02 2.624005e-299
-6.758154e+02 3.141188e-294 -1.194403e+01 6.497930e-06 -6.877594e+02 2.041122e-299
-6.758879e+02 2.921469e-294 -1.169362e+01 8.346931e-06 -6.875815e+02 2.438530e-299
-6.760266e+02 2.543123e-294 -1.220510e+01 5.004886e-06 -6.882317e+02 1.272804e-299
-6.759797e+02 2.665268e-294 -1.216646e+01 5.202055e-06 -6.881462e+02 1.386487e-299
-6.759486e+02 2.749412e-294 -1.164252e+01 8.784514e-06 -6.875912e+02 2.415225e-299
-6.758504e+02 3.033341e-294 -1.153878e+01 9.744732e-06 -6.873891e+02 2.955910e-299
-6.758674e+02 2.982027e-294 -1.149689e+01 1.016167e-05 -6.873643e+02 3.030237e-299
-6.759942e+02 2.627003e-294 -1.159194e+01 9.240232e-06 -6.875861e+02 2.427412e-299
-6.760184e+02 2.564120e-294 -1.118796e+01 1.383986e-05 -6.872064e+02 3.548707e-299
-6.760588e+02 2.462492e-294 -1.129773e+01 1.240108e-05 -6.873566e+02 3.053757e-299
-6.761024e+02 2.357609e-294 -1.106318e+01 1.567913e-05 -6.871655e+02 3.696525e-299
-6.760866e+02 2.395142e-294 -1.128654e+01 1.254065e-05 -6.873731e+02 3.003664e-299
-6.760273e+02 2.541421e-294 -1.129435e+01 1.244303e-05 -6.873216e+02 3.162297e-299
-6.760219e+02 2.555113e-294 -1.131444e+01 1.219560e-05 -6.873364e+02 3.116113e-299
-6.761405e+02 2.269516e-294 -1.178438e+01 7.622681e-06 -6.879248e+02 1.729979e-299
-6.760297e+02 2.535246e-294 -1.138431e+01 1.137257e-05 -6.874140e+02 2.883228e-299
-6.760318e+02 2.530082e-294 -1.125739e+01 1.291149e-05 -6.872892e+02 3.266713e-299
-6.760129e+02 2.578185e-294 -1.113053e+01 1.465798e-05 -6.871435e+02 3.779099e-299
-6.760714e+02 2.431770e-294 -1.127609e+01 1.267238e-05 -6.873475e+02 3.081632e-299
-6.760407e+02 2.507685e-294 -1.114460e+01 1.445309e-05 -6.871853e+02 3.624380e-299
-6.759673e+02 2.698520e-294 -1.070801e+01 2.236516e-05 -6.866753e+02 6.035285e-299
-6.759683e+02 2.695832e-294 -1.042656e+01 2.963486e-05 -6.863949e+02 7.989061e-299
-6.759854e+02 2.650036e-294 -1.052863e+01 2.675935e-05 -6.865141e+02 7.091322e-299
