-8.569900e+00 1.897316e-04 -0.000000e+00 1.000000e+00 -8.569900e+00 1.897316e-04
-8.859691e+00 1.419989e-04 -3.684908e+00 2.509948e-02 -1.254460e+01 3.564098e-06
-7.787230e+00 4.150007e-04 -9.359221e+00 8.616720e-05 -1.714645e+01 3.575945e-08
-7.637259e+00 4.821482e-04 -1.717821e+01 3.464172e-08 -2.481547e+01 1.670244e-11
-7.660355e+00 4.711400e-04 -2.661717e+01 2.756186e-12 -3.427753e+01 1.298549e-15
-7.403464e+00 6.091392e-04 -3.904421e+01 1.104875e-17 -4.644768e+01 6.730225e-21
-7.869190e+00 3.823441e-04 -4.194003e+01 6.104895e-19 -4.980922e+01 2.334171e-22
-8.096215e+00 3.046901e-04 -4.124597e+01 1.222091e-18 -4.934218e+01 3.723590e-22
-7.560399e+00 5.206676e-04 -4.798026e+01 1.453582e-21 -5.554065e+01 7.568332e-25
-7.227494e+00 7.263386e-04 -6.100256e+01 3.213107e-27 -6.823005e+01 2.333804e-30
-7.621393e+00 4.898589e-04 -8.413143e+01 2.898582e-37 -9.175282e+01 1.419896e-40
-7.604962e+00 4.979745e-04 -9.437480e+01 1.031682e-41 -1.019798e+02 5.137513e-45
-6.985112e+00 9.255598e-04 -8.641386e+01 2.957586e-38 -9.339897e+01 2.737423e-41
-6.845261e+00 1.064489e-03 -1.158885e+02 4.680102e-51 -1.227338e+02 4.981914e-54
-6.747439e+00 1.173882e-03 -1.138429e+02 3.619486e-50 -1.205904e+02 4.248848e-53
-6.644533e+00 1.301116e-03 -1.273988e+02 4.692601e-56 -1.340433e+02 6.105620e-59
-6.812581e+00 1.099851e-03 -1.296863e+02 4.763842e-57 -1.364989e+02 5.239514e-60
-7.115341e+00 8.125433e-04 -1.140769e+02 2.864473e-50 -1.211922e+02 2.327509e-53
-7.394698e+00 6.145025e-04 -1.269759e+02 7.162413e-56 -1.343706e+02 4.401320e-59
-7.351254e+00 6.417870e-04 -1.575622e+02 3.728970e-69 -1.649135e+02 2.393204e-72
-7.479187e+00 5.647161e-04 -1.821211e+02 8.050072e-80 -1.896003e+02 4.546005e-83
-7.442656e+00 5.857275e-04 -1.769467e+02 1.422366e-77 -1.843894e+02 8.331192e-81
-7.256045e+00 7.058941e-04 -1.712479e+02 4.246044e-75 -1.785039e+02 2.997257e-78
-7.246675e+00 7.125398e-04 -1.673736e+02 2.044486e-73 -1.746202e+02 1.456778e-76
-7.065715e+00 8.538841e-04 -1.681854e+02 9.077952e-74 -1.752512e+02 7.751519e-77
-7.724969e+00 4.416607e-04 -1.822642e+02 6.976901e-80 -1.899892e+02 3.081423e-83
-7.738737e+00 4.356216e-04 -1.710195e+02 5.335541e-75 -1.787582e+02 2.324277e-78
-7.960991e+00 3.488071e-04 -1.793504e+02 1.285563e-78 -1.873114e+02 4.484134e-82
-7.912491e+00 3.661416e-04 -1.874189e+02 4.027294e-82 -1.953314e+02 1.474560e-85
-8.572744e+00 1.891929e-04 -1.914787e+02 6.948153e-84 -2.000514e+02 1.314541e-87
-9.626808e+00 6.593717e-05 -1.991385e+02 3.275161e-87 -2.087653e+02 2.159548e-91
-8.543131e+00 1.948791e-04 -2.003586e+02 9.668885e-88 -2.089017e+02 1.884264e-91
-8.309040e+00 2.462804e-04 -1.997747e+02 1.733620e-87 -2.080837e+02 4.269566e-91
-8.302985e+00 2.477761e-04 -2.093504e+02 1.203023e-91 -2.176534e+02 2.980803e-95
-8.101154e+00 3.031892e-04 -1.832968e+02 2.484313e-80 -1.913980e+02 7.532169e-84
-8.446363e+00 2.146797e-04 -1.869461e+02 6.461473e-82 -1.953925e+02 1.387147e-85
-9.154231e+00 1.057714e-04 -1.833276e+02 2.409044e-80 -1.924818e+02 2.548079e-84
-8.950165e+00 1.297158e-04 -1.655858e+02 1.221858e-72 -1.745359e+02 1.584943e-76
-8.488195e+00 2.058846e-04 -1.663822e+02 5.509932e-73 -1.748704e+02 1.134410e-76
-8.577318e+00 1.883293e-04 -1.481982e+02 4.348494e-65 -1.567755e+02 8.189490e-69
-8.658646e+00 1.736192e-04 -1.418735e+02 2.427371e-62 -1.505321e+02 4.214381e-66
-8.701141e+00 1.663959e-04 -1.497880e+02 8.869910e-66 -1.584891e+02 1.475917e-69
-8.933749e+00 1.318627e-04 -1.684788e+02 6.770014e-74 -1.774125e+02 8.927123e-78
-9.173540e+00 1.037486e-04 -1.870633e+02 5.747032e-82 -1.962368e+02 5.962463e-86
-9.017046e+00 1.213240e-04 -1.902652e+02 2.338153e-83 -1.992822e+02 2.836741e-87
-9.619831e+00 6.639882e-05 -1.986947e+02 5.105029e-87 -2.083145e+02 3.389679e-91
-9.901942e+00 5.007733e-05 -2.084452e+02 2.974339e-91 -2.183472e+02 1.489470e-95
-9.698568e+00 6.137131e-05 -1.879544e+02 2.357509e-82 -1.976529e+02 1.446834e-86
-9.730097e+00 5.946650e-05 -2.133612e+02 2.179669e-93 -2.230913e+02 1.296173e-97
-9.498801e+00 7.494167e-05 -2.028285e+02 8.179126e-89 -2.123273e+02 6.129573e-93
-9.412858e+00 8.166724e-05 -2.123840e+02 5.791586e-93 -2.217969e+02 4.729828e-97
-1.001124e+01 4.489253e-05 -2.208657e+02 1.200213e-96 -2.308769e+02 5.388061e-101
-1.060476e+01 2.479761e-05 -2.360460e+02 3.065551e-103 -2.466508e+02 7.601833e-108
-9.520987e+00 7.329729e-05 -2.637144e+02 2.953141e-115 -2.732354e+02 2.164572e-119
-9.085532e+00 1.132931e-04 -2.620505e+02 1.559314e-114 -2.711360e+02 1.766596e-118
-9.106726e+00 1.109173e-04 -2.470565e+02 5.066555e-108 -2.561633e+02 5.619685e-112
-9.018770e+00 1.211151e-04 -2.577009e+02 1.207546e-112 -2.667197e+02 1.462520e-116
-9.003358e+00 1.229961e-04 -2.704800e+02 3.404290e-118 -2.794834e+02 4.187143e-122
-9.087264e+00 1.130971e-04 -3.017212e+02 9.207555e-132 -3.108085e+02 1.041348e-135
-8.806799e+00 1.497118e-04 -3.264971e+02 1.599894e-142 -3.353039e+02 2.395230e-146
-8.595502e+00 1.849358e-04 -3.113813e+02 5.872460e-136 -3.199768e+02 1.086028e-139
-8.461066e+00 2.115464e-04 -2.970713e+02 9.628628e-130 -3.055324e+02 2.036902e-133
-8.207954e+00 2.724777e-04 -3.087072e+02 8.515000e-135 -3.169151e+02 2.320147e-138
-8.206691e+00 2.728219e-04 -3.247729e+02 8.972840e-142 -3.329796e+02 2.447987e-145
-8.325533e+00 2.422518e-04 -3.388180e+02 7.131842e-148 -3.471436e+02 1.727702e-151
-8.091466e+00 3.061405e-04 -3.766418e+02 2.670256e-164 -3.847332e+02 8.174736e-168
-8.055286e+00 3.174195e-04 -3.575063e+02 5.457169e-156 -3.655616e+02 1.732212e-159
-8.330004e+00 2.411710e-04 -3.736575e+02 5.279441e-163 -3.819876e+02 1.273248e-166
-8.784387e+00 1.531050e-04 -3.937315e+02 1.010622e-171 -4.025159e+02 1.547313e-175
-8.866889e+00 1.409805e-04 -4.053355e+02 9.226247e-177 -4.142024e+02 1.300721e-180
-9.231596e+00 9.789684e-05 -4.217669e+02 6.744460e-184 -4.309985e+02 6.602614e-188
-9.000238e+00 1.233805e-04 -4.006098e+02 1.040836e-174 -4.096100e+02 1.284189e-178
-8.955558e+00 1.290181e-04 -3.930189e+02 2.060957e-171 -4.019744e+02 2.659007e-175
-9.524161e+00 7.306499e-05 -4.631535e+02 7.161541e-202 -4.726776e+02 5.232579e-206
-8.996255e+00 1.238728e-04 -4.455529e+02 3.153817e-194 -4.545491e+02 3.906722e-198
-8.810626e+00 1.491398e-04 -4.582722e+02 9.438943e-200 -4.670828e+02 1.407722e-203
-8.335750e+00 2.397894e-04 -4.509116e+02 1.484503e-196 -4.592473e+02 3.559680e-200
-8.315750e+00 2.446334e-04 -4.006912e+02 9.594758e-175 -4.090069e+02 2.347199e-178
-8.106393e+00 3.016049e-04 -4.017512e+02 3.324230e-175 -4.098575e+02 1.002604e-178
-8.115905e+00 2.987496e-04 -3.411213e+02 7.127175e-149 -3.492372e+02 2.129241e-152
-7.674376e+00 4.645802e-04 -3.076766e+02 2.386437e-134 -3.153510e+02 1.108691e-137
-8.244705e+00 2.626457e-04 -2.983609e+02 2.651586e-130 -3.066056e+02 6.964277e-134
-8.847027e+00 1.438087e-04 -2.919093e+02 1.680433e-127 -3.007563e+02 2.416609e-131
-8.907195e+00 1.354111e-04 -3.260662e+02 2.461733e-142 -3.349734e+02 3.333459e-146
-8.771054e+00 1.551600e-04 -3.453298e+02 1.059628e-150 -3.541009e+02 1.644119e-154
-9.076149e+00 1.143612e-04 -3.830931e+02 4.214924e-167 -3.921692e+02 4.820237e-171
-9.228065e+00 9.824314e-05 -3.735838e+02 5.683297e-163 -3.828119e+02 5.583449e-167
-8.766242e+00 1.559084e-04 -3.735667e+02 5.781325e-163 -3.823330e+02 9.013571e-167
-8.669811e+00 1.716916e-04 -3.750274e+02 1.341727e-163 -3.836972e+02 2.303632e-167
-8.720820e+00 1.631534e-04 -3.945335e+02 4.531816e-172 -4.032543e+02 7.393811e-176
-9.050919e+00 1.172832e-04 -3.773338e+02 1.336687e-164 -3.863847e+02 1.567709e-168
-8.903224e+00 1.359499e-04 -3.953283e+02 2.046858e-172 -4.042316e+02 2.782702e-176
-8.885139e+00 1.384309e-04 -3.453091e+02 1.081819e-150 -3.541943e+02 1.497572e-154
-8.930071e+00 1.323486e-04 -3.373091e+02 3.224874e-147 -3.462392e+02 4.268076e-151
-8.966911e+00 1.275616e-04 -3.694889e+02 3.411937e-161 -3.784558e+02 4.352321e-165
-9.112394e+00 1.102903e-04 -3.915857e+02 8.639883e-171 -4.006981e+02 9.528954e-175
-8.725580e+00 1.623786e-04 -3.638234e+02 9.851502e-159 -3.725490e+02 1.599673e-162
-8.311547e+00 2.456637e-04 -3.188584e+02 3.323105e-139 -3.271700e+02 8.163663e-143
-8.556109e+00 1.923664e-04 -3.500622e+02 9.330347e-153 -3.586184e+02 1.794845e-156
-8.680512e+00 1.698641e-04 -3.735994e+02 5.595390e-163 -3.822799e+02 9.504560e-167
-8.946812e+00 1.301515e-04 -3.654181e+02 1.999485e-159 -3.743650e+02 2.602359e-163
-8.849799e+00 1.434106e-04 -3.599495e+02 4.741733e-157 -3.687993e+02 6.800149e-161
-8.901969e+00 1.361206e-04 -3.630247e+02 2.189694e-158 -3.719267e+02 2.980625e-162
-8.691548e+00 1.679998e-04 -3.691685e+02 4.700731e-161 -3.778600e+02 7.897218e-165
-8.695032e+00 1.674154e-04 -3.982634e+02 1.087433e-173 -4.069584e+02 1.820531e-177
-8.871593e+00 1.403188e-04 -4.192132e+02 8.670273e-183 -4.280848e+02 1.216602e-186
-8.867612e+00 1.408786e-04 -3.951169e+02 2.528903e-172 -4.039845e+02 3.562683e-176
-9.746750e+00 5.848441e-05 -4.658891e+02 4.644262e-203 -4.756359e+02 2.716169e-207
-9.771012e+00 5.708256e-05 -4.869640e+02 3.267425e-212 -4.967350e+02 1.865129e-216
-1.026571e+01 3.480639e-05 -5.152193e+02 1.750216e-224 -5.254850e+02 6.091871e-229
-1.030701e+01 3.339829e-05 -5.066517e+02 9.203302e-221 -5.169587e+02 3.073746e-225
-9.905243e+00 4.991228e-05 -4.512798e+02 1.027276e-196 -4.611850e+02 5.127369e-201
-9.818495e+00 5.443547e-05 -4.816714e+02 6.497766e-210 -4.914899e+02 3.537089e-214
-9.558030e+00 7.063182e-05 -4.674621e+02 9.633584e-204 -4.770201e+02 6.804376e-208
-9.910740e+00 4.963867e-05 -4.457881e+02 2.492739e-194 -4.556989e+02 1.237362e-198
-1.008565e+01 4.167337e-05 -4.956751e+02 5.383062e-216 -5.057608e+02 2.243303e-220
-1.003741e+01 4.373280e-05 -5.112809e+02 8.985079e-223 -5.213183e+02 3.929426e-227
-9.796411e+00 5.565098e-05 -4.921863e+02 1.762810e-214 -5.019827e+02 9.810212e-219
-9.446761e+00 7.894486e-05 -4.606963e+02 8.358985e-201 -4.701430e+02 6.598988e-205
-8.866051e+00 1.410986e-04 -4.265110e+02 5.869612e-186 -4.353771e+02 8.281942e-190
-8.979990e+00 1.259041e-04 -4.165291e+02 1.269790e-181 -4.255090e+02 1.598717e-185
-8.998521e+00 1.235924e-04 -4.030857e+02 8.752073e-176 -4.120842e+02 1.081690e-179
-8.744283e+00 1.593698e-04 -3.696046e+02 3.039345e-161 -3.783488e+02 4.843799e-165
-8.613901e+00 1.815643e-04 -3.392735e+02 4.522716e-148 -3.478874e+02 8.211638e-152
-8.563735e+00 1.909049e-04 -3.533792e+02 3.383368e-154 -3.619430e+02 6.459017e-158
-8.311065e+00 2.457821e-04 -3.570686e+02 8.454445e-156 -3.653796e+02 2.077951e-159
-8.416845e+00 2.211112e-04 -3.942663e+02 5.919972e-172 -4.026831e+02 1.308972e-175
-9.323676e+00 8.928509e-05 -3.714365e+02 4.866184e-162 -3.807602e+02 4.344776e-166
-9.446120e+00 7.899549e-05 -3.468596e+02 2.295006e-151 -3.563057e+02 1.812951e-155
-8.297348e+00 2.491769e-04 -3.166734e+02 2.954646e-138 -3.249707e+02 7.362294e-142
-8.249927e+00 2.612777e-04 -3.852748e+02 4.756499e-168 -3.935247e+02 1.242767e-171
-8.251425e+00 2.608866e-04 -3.704420e+02 1.315433e-161 -3.786935e+02 3.431788e-165
-8.415958e+00 2.213074e-04 -3.919990e+02 5.715012e-171 -4.004149e+02 1.264774e-174
-9.048480e+00 1.175696e-04 -4.271883e+02 2.981905e-186 -4.362367e+02 3.505813e-190
-9.265950e+00 9.459080e-05 -4.761594e+02 1.609127e-207 -4.854254e+02 1.522086e-211
-9.173308e+00 1.037727e-04 -4.192268e+02 8.552658e-183 -4.284001e+02 8.875321e-187
-9.585379e+00 6.872629e-05 -4.278557e+02 1.529802e-186 -4.374411e+02 1.051376e-190
-9.709183e+00 6.072333e-05 -4.503556e+02 2.588586e-196 -4.600647e+02 1.571875e-200
-9.755968e+00 5.794780e-05 -4.518900e+02 5.580345e-197 -4.616460e+02 3.233687e-201
-9.856612e+00 5.239957e-05 -4.739684e+02 1.439272e-206 -4.838250e+02 7.541723e-211
-1.009640e+01 4.122776e-05 -4.934260e+02 5.102640e-215 -5.035224e+02 2.103704e-219
-1.027866e+01 3.435856e-05 -5.067378e+02 8.444177e-221 -5.170165e+02 2.901298e-225
-1.027613e+01 3.444559e-05 -5.193501e+02 2.812684e-226 -5.296262e+02 9.688457e-231
-1.047908e+01 2.811844e-05 -5.056295e+02 2.558036e-220 -5.161086e+02 7.192798e-225
-1.162376e+01 8.950876e-06 -4.837182e+02 8.391974e-211 -4.953419e+02 7.511551e-216
-1.269850e+01 3.055707e-06 -4.435078e+02 2.437897e-193 -4.562063e+02 7.449500e-199
-1.273567e+01 2.944211e-06 -4.894002e+02 2.858753e-213 -5.021359e+02 8.416772e-219
-1.179882e+01 7.513393e-06 -4.570723e+02 3.133521e-199 -4.688711e+02 2.354337e-204
-1.133984e+01 1.188973e-05 -5.383257e+02 1.614793e-234 -5.496655e+02 1.919945e-239
-1.139957e+01 1.120025e-05 -5.289535e+02 1.898422e-230 -5.403531e+02 2.126280e-235
-1.150264e+01 1.010341e-05 -5.464269e+02 4.895895e-238 -5.579295e+02 4.946523e-243
-1.180706e+01 7.451763e-06 -5.058968e+02 1.958065e-220 -5.177038e+02 1.459103e-225
-1.138565e+01 1.135727e-05 -4.836816e+02 8.704618e-211 -4.950673e+02 9.886071e-216
-1.162341e+01 8.953985e-06 -4.280774e+02 1.225602e-186 -4.397008e+02 1.097402e-191
-9.551456e+00 7.109770e-05 -4.573217e+02 2.441858e-199 -4.668731e+02 1.736105e-203
-9.619464e+00 6.642321e-05 -5.069241e+02 7.008926e-221 -5.165436e+02 4.655554e-225
-9.759946e+00 5.771774e-05 -5.042770e+02 9.892428e-220 -5.140369e+02 5.709686e-224
-9.666010e+00 6.340232e-05 -5.711221e+02 9.221882e-249 -5.807881e+02 5.846887e-253
-1.015333e+01 3.894612e-05 -5.723373e+02 2.735761e-249 -5.824906e+02 1.065473e-253
-1.007895e+01 4.195347e-05 -5.674019e+02 3.806284e-247 -5.774808e+02 1.596868e-251
-9.701249e+00 6.120699e-05 -5.802044e+02 1.048157e-252 -5.899057e+02 6.415450e-257
-8.932147e+00 1.320741e-04 -5.503500e+02 9.683194e-240 -5.592822e+02 1.278899e-243
-8.683271e+00 1.693961e-04 -5.428375e+02 1.772890e-236 -5.515207e+02 3.003207e-240
-8.810056e+00 1.492249e-04 -5.721023e+02 3.460308e-249 -5.809124e+02 5.163642e-253
-8.455684e+00 2.126881e-04 -5.565366e+02 1.991745e-242 -5.649923e+02 4.236205e-246
-8.776978e+00 1.542434e-04 -6.084509e+02 5.663973e-265 -6.172279e+02 8.736308e-269
-8.524855e+00 1.984735e-04 -5.730204e+02 1.381663e-249 -5.815453e+02 2.742235e-253
-8.248030e+00 2.617737e-04 -5.164985e+02 4.870031e-225 -5.247466e+02 1.274846e-228
-8.243282e+00 2.630195e-04 -5.165379e+02 4.682015e-225 -5.247812e+02 1.231461e-228
-7.820795e+00 4.013027e-04 -4.855323e+02 1.367712e-211 -4.933531e+02 5.488665e-215
-7.810812e+00 4.053288e-04 -4.675661e+02 8.682298e-204 -4.753769e+02 3.519186e-207
-7.834143e+00 3.959813e-04 -4.864318e+02 5.563298e-212 -4.942660e+02 2.202962e-215
-7.927837e+00 3.605655e-04 -4.671241e+02 1.350822e-203 -4.750519e+02 4.870599e-207
-7.726048e+00 4.411844e-04 -4.300947e+02 1.630174e-187 -4.378208e+02 7.192073e-191
-7.528513e+00 5.375371e-04 -4.124684e+02 7.366295e-180 -4.199969e+02 3.959657e-183
-7.770143e+00 4.221531e-04 -4.163056e+02 1.587801e-181 -4.240757e+02 6.702952e-185
-7.582527e+00 5.092726e-04 -4.023924e+02 1.750648e-175 -4.099749e+02 8.915571e-179
-7.341791e+00 6.478891e-04 -3.671125e+02 3.673429e-160 -3.744543e+02 2.379975e-163
-7.353578e+00 6.402974e-04 -3.719921e+02 2.791848e-162 -3.793457e+02 1.787613e-165
-7.629372e+00 4.859658e-04 -3.738529e+02 4.342565e-163 -3.814823e+02 2.110338e-166
-7.415139e+00 6.020687e-04 -3.728436e+02 1.191469e-162 -3.802587e+02 7.173463e-166
-7.592051e+00 5.044453e-04 -3.875035e+02 5.121331e-169 -3.950955e+02 2.583431e-172
-7.935292e+00 3.578874e-04 -4.156078e+02 3.190274e-181 -4.235431e+02 1.141759e-184
-8.074515e+00 3.113744e-04 -4.175326e+02 4.654967e-182 -4.256071e+02 1.449438e-185
-8.237930e+00 2.644310e-04 -4.658899e+02 4.640937e-203 -4.741278e+02 1.227207e-206
-8.740618e+00 1.599550e-04 -4.732399e+02 2.982156e-206 -4.819805e+02 4.770107e-210
-8.596029e+00 1.848384e-04 -4.776311e+02 3.693452e-208 -4.862272e+02 6.826918e-212
-8.311385e+00 2.457036e-04 -4.762785e+02 1.428438e-207 -4.845899e+02 3.509723e-211
-8.354733e+00 2.352803e-04 -4.424743e+02 6.852565e-193 -4.508290e+02 1.612273e-196
-7.976755e+00 3.433516e-04 -4.248418e+02 3.115767e-185 -4.328185e+02 1.069804e-188
-7.693487e+00 4.557859e-04 -4.051551e+02 1.105022e-176 -4.128486e+02 5.036534e-180
-8.535211e+00 1.964288e-04 -3.956341e+02 1.507560e-172 -4.041694e+02 2.961283e-176
-9.025507e+00 1.203017e-04 -3.942260e+02 6.163165e-172 -4.032516e+02 7.414395e-176
-8.657409e+00 1.738342e-04 -3.494659e+02 1.693984e-152 -3.581233e+02 2.944724e-156
-8.214091e+00 2.708107e-04 -3.719654e+02 2.867396e-162 -3.801795e+02 7.765214e-166
-8.345829e+00 2.373846e-04 -4.102234e+02 6.953759e-179 -4.185693e+02 1.650716e-182
-8.312451e+00 2.454418e-04 -4.150945e+02 5.330199e-181 -4.234070e+02 1.308254e-184
-8.565133e+00 1.906382e-04 -3.890423e+02 1.099191e-169 -3.976074e+02 2.095478e-173
-1.012400e+01 4.010554e-05 -4.096628e+02 1.218202e-178 -4.197868e+02 4.885663e-183
-9.819226e+00 5.439568e-05 -3.932000e+02 1.719525e-171 -4.030192e+02 9.353473e-176
-9.959303e+00 4.728569e-05 -4.035099e+02 5.726118e-176 -4.134692e+02 2.707634e-180
-9.101429e+00 1.115063e-04 -4.051301e+02 1.133011e-176 -4.142315e+02 1.263379e-180
-8.896337e+00 1.368894e-04 -3.803597e+02 6.484688e-166 -3.892560e+02 8.876853e-170
-8.554217e+00 1.927306e-04 -3.456242e+02 7.894726e-151 -3.541784e+02 1.521555e-154
-7.995500e+00 3.369758e-04 -2.819087e+02 3.703367e-123 -2.899042e+02 1.247945e-126
-7.929495e+00 3.599681e-04 -2.905936e+02 6.263008e-127 -2.985231e+02 2.254483e-130
-7.935514e+00 3.578079e-04 -3.021415e+02 6.047959e-132 -3.100770e+02 2.164008e-135
-7.785542e+00 4.157019e-04 -2.885713e+02 4.732454e-126 -2.963568e+02 1.967290e-129
-7.789428e+00 4.140895e-04 -2.688426e+02 1.750343e-117 -2.766321e+02 7.247985e-121
-7.346412e+00 6.449023e-04 -2.534952e+02 8.099417e-111 -2.608416e+02 5.223333e-114
-7.528580e+00 5.375012e-04 -2.555473e+02 1.040430e-111 -2.630759e+02 5.592324e-115
-7.896455e+00 3.720602e-04 -2.946450e+02 1.089724e-128 -3.025414e+02 4.054430e-132
-8.450499e+00 2.137936e-04 -3.647036e+02 4.085569e-159 -3.731541e+02 8.734686e-163
-8.672877e+00 1.711659e-04 -3.615896e+02 9.196788e-158 -3.702625e+02 1.574177e-161
-8.711920e+00 1.646119e-04 -3.473728e+02 1.373773e-151 -3.560847e+02 2.261393e-155
-8.458852e+00 2.120154e-04 -3.234083e+02 3.511906e-141 -3.318672e+02 7.445782e-145
-8.597986e+00 1.844769e-04 -3.197832e+02 1.318013e-139 -3.283812e+02 2.431430e-143
-8.799651e+00 1.507857e-04 -3.439534e+02 4.196834e-150 -3.527531e+02 6.328225e-154
-8.619360e+00 1.805758e-04 -3.477779e+02 9.162113e-152 -3.563972e+02 1.654456e-155
-8.775688e+00 1.544427e-04 -3.415282e+02 4.744466e-149 -3.503039e+02 7.327480e-153
-8.564095e+00 1.908361e-04 -3.310639e+02 1.662617e-144 -3.396280e+02 3.172873e-148
-8.219374e+00 2.693836e-04 -3.244297e+02 1.264681e-141 -3.326491e+02 3.406842e-145
-8.777722e+00 1.541288e-04 -3.527029e+02 6.654167e-154 -3.614806e+02 1.025599e-157
-8.971508e+00 1.269765e-04 -3.606007e+02 2.472308e-157 -3.695722e+02 3.139251e-161
-8.522006e+00 1.990397e-04 -3.396126e+02 3.222087e-148 -3.481346e+02 6.413233e-152
-8.179399e+00 2.803704e-04 -2.976704e+02 5.289165e-130 -3.058498e+02 1.482925e-133
-7.979121e+00 3.425404e-04 -2.745619e+02 5.744805e-120 -2.825410e+02 1.967828e-123
-7.799484e+00 4.099465e-04 -2.693052e+02 1.102162e-117 -2.771047e+02 4.518273e-121
-8.181075e+00 2.799008e-04 -2.824471e+02 2.161742e-123 -2.906281e+02 6.050733e-127
-8.004920e+00 3.338163e-04 -3.003272e+02 3.711578e-131 -3.083321e+02 1.238985e-134
-7.991569e+00 3.383029e-04 -3.232566e+02 4.087172e-141 -3.312482e+02 1.382702e-144
-8.196700e+00 2.755613e-04 -3.824661e+02 7.890040e-167 -3.906628e+02 2.174190e-170
-7.856930e+00 3.870602e-04 -3.577547e+02 4.257140e-156 -3.656116e+02 1.647770e-159
-8.212923e+00 2.711272e-04 -3.405497e+02 1.262230e-148 -3.487626e+02 3.422249e-152
-7.865866e+00 3.836169e-04 -3.255328e+02 4.196511e-142 -3.333987e+02 1.609853e-145
-7.603797e+00 4.985550e-04 -2.880411e+02 8.041799e-126 -2.956449e+02 4.009279e-129
-7.047618e+00 8.694772e-04 -2.408367e+02 2.546631e-105 -2.478843e+02 2.214238e-108
-7.112251e+00 8.150584e-04 -2.824538e+02 2.147111e-123 -2.895661e+02 1.750021e-126
-7.261602e+00 7.019822e-04 -3.011762e+02 1.588012e-131 -3.084378e+02 1.114756e-134
-7.498999e+00 5.536382e-04 -2.560604e+02 6.228252e-112 -2.635594e+02 3.448198e-115
-7.604919e+00 4.979955e-04 -2.555969e+02 9.901390e-112 -2.632018e+02 4.930848e-115
-7.297799e+00 6.770274e-04 -2.385058e+02 2.619627e-104 -2.458036e+02 1.773559e-107
-8.146820e+00 2.896549e-04 -2.435040e+02 1.768337e-106 -2.516508e+02 5.122074e-110
-8.334465e+00 2.400976e-04 -2.615164e+02 2.659852e-114 -2.698509e+02 6.386239e-118
-9.453540e+00 7.841150e-05 -2.565469e+02 3.828959e-112 -2.660005e+02 3.002344e-116
-8.680686e+00 1.698345e-04 -2.574059e+02 1.621960e-112 -2.660866e+02 2.754647e-116
-8.554346e+00 1.927058e-04 -2.499472e+02 2.813832e-109 -2.585016e+02 5.422417e-113
-8.452105e+00 2.134507e-04 -2.233252e+02 1.025878e-97 -2.317773e+02 2.189744e-101
-7.591452e+00 5.047476e-04 -2.286398e+02 5.046512e-100 -2.362313e+02 2.547215e-103
-7.923440e+00 3.621545e-04 -2.388004e+02 1.951235e-104 -2.467238e+02 7.066486e-108
-7.875259e+00 3.800304e-04 -2.396648e+02 8.220301e-105 -2.475401e+02 3.123964e-108
-7.813620e+00 4.041922e-04 -2.465283e+02 8.592109e-108 -2.543420e+02 3.472864e-111
-7.939371e+00 3.564306e-04 -2.372309e+02 9.374528e-104 -2.451702e+02 3.341369e-107
-7.356079e+00 6.386981e-04 -2.531767e+02 1.113720e-110 -2.605327e+02 7.113306e-114
-7.184907e+00 7.579394e-04 -2.629316e+02 6.460454e-115 -2.701165e+02 4.896632e-118
-7.073996e+00 8.468422e-04 -2.682493e+02 3.168120e-117 -2.753233e+02 2.682897e-120
-7.349037e+00 6.432114e-04 -2.484331e+02 1.278962e-108 -2.557822e+02 8.226432e-112
-7.478741e+00 5.649680e-04 -2.803414e+02 1.775380e-122 -2.878201e+02 1.003033e-125
-7.296539e+00 6.778808e-04 -2.780621e+02 1.734501e-121 -2.853586e+02 1.175785e-124
-7.660739e+00 4.709592e-04 -2.453770e+02 2.717097e-107 -2.530378e+02 1.279641e-110
-7.329397e+00 6.559687e-04 -2.369482e+02 1.243710e-103 -2.442776e+02 8.158348e-107
-7.031756e+00 8.833795e-04 -2.446077e+02 5.864500e-107 -2.516394e+02 5.180580e-110
-7.061677e+00 8.573392e-04 -2.451801e+02 3.308592e-107 -2.522418e+02 2.836586e-110
-7.373182e+00 6.278672e-04 -2.938129e+02 2.504220e-128 -3.011861e+02 1.572318e-131
-7.569854e+00 5.157678e-04 -2.888417e+02 3.611284e-126 -2.964115e+02 1.862584e-129
-7.748957e+00 4.311920e-04 -3.075319e+02 2.757924e-134 -3.152809e+02 1.189195e-137
-7.639508e+00 4.810649e-04 -3.070811e+02 4.328666e-134 -3.147207e+02 2.082370e-137
-7.466792e+00 5.717594e-04 -3.019916e+02 7.026095e-132 -3.094584e+02 4.017236e-135
-7.536844e+00 5.330773e-04 -3.451525e+02 1.265264e-150 -3.526893e+02 6.744838e-154
-7.447870e+00 5.826811e-04 -3.100564e+02 2.209008e-135 -3.175043e+02 1.287147e-138
-7.638384e+00 4.816061e-04 -2.981036e+02 3.429827e-130 -3.057419e+02 1.651826e-133
-8.033840e+00 3.243007e-04 -2.810697e+02 8.570156e-123 -2.891035e+02 2.779307e-126
-8.181896e+00 2.796711e-04 -3.407953e+02 9.873827e-149 -3.489772e+02 2.761424e-152
-8.113722e+00 2.994025e-04 -3.477832e+02 9.112976e-152 -3.558970e+02 2.728447e-155
-8.363578e+00 2.332084e-04 -3.726387e+02 1.462430e-162 -3.810023e+02 3.410510e-166
-7.765658e+00 4.240503e-04 -3.466909e+02 2.716674e-151 -3.544566e+02 1.152006e-154
-7.752919e+00 4.294870e-04 -3.340491e+02 8.400772e-146 -3.418020e+02 3.608023e-149
-7.754296e+00 4.288962e-04 -3.386091e+02 8.789019e-148 -3.463634e+02 3.769577e-151
-7.634295e+00 4.835793e-04 -3.809323e+02 3.657522e-166 -3.885666e+02 1.768702e-169
-7.709244e+00 4.486606e-04 -3.400664e+02 2.046607e-148 -3.477757e+02 9.182321e-152
-7.806162e+00 4.072181e-04 -3.334134e+02 1.586408e-145 -3.412195e+02 6.460139e-149
-7.652448e+00 4.748802e-04 -3.179671e+02 8.102709e-139 -3.256196e+02 3.847816e-142
-7.895307e+00 3.724876e-04 -3.371270e+02 3.869138e-147 -3.450223e+02 1.441206e-150
-8.423032e+00 2.197475e-04 -3.591492e+02 1.055553e-156 -3.675722e+02 2.319551e-160
-9.477404e+00 7.656243e-05 -3.993363e+02 3.719345e-174 -4.088137e+02 2.847621e-178
-9.070629e+00 1.149942e-04 -3.739389e+02 3.984859e-163 -3.830095e+02 4.582356e-167
-9.550282e+00 7.118119e-05 -3.586451e+02 1.747495e-156 -3.681954e+02 1.243888e-160
-9.454010e+00 7.837468e-05 -3.311387e+02 1.542715e-144 -3.405927e+02 1.209098e-148
-8.968445e+00 1.273661e-04 -3.372373e+02 3.464963e-147 -3.462058e+02 4.413187e-151
-8.879213e+00 1.392537e-04 -3.509739e+02 3.749525e-153 -3.598531e+02 5.221351e-157
-8.599780e+00 1.841462e-04 -3.471287e+02 1.753495e-151 -3.557285e+02 3.228995e-155
-8.705641e+00 1.656488e-04 -3.616650e+02 8.528710e-158 -3.703706e+02 1.412770e-161
-8.742404e+00 1.596697e-04 -3.648462e+02 3.542366e-159 -3.735886e+02 5.656084e-163
-8.810709e+00 1.491274e-04 -3.641180e+02 7.338077e-159 -3.729287e+02 1.094309e-162
-8.834278e+00 1.456539e-04 -4.056197e+02 6.943922e-177 -4.144540e+02 1.011409e-180
-8.625065e+00 1.795485e-04 -3.882231e+02 2.493696e-169 -3.968482e+02 4.477394e-173
-8.678103e+00 1.702737e-04 -4.031083e+02 8.556750e-176 -4.117864e+02 1.456990e-179
-8.434795e+00 2.171776e-04 -4.316163e+02 3.559614e-188 -4.400511e+02 7.730686e-192
-8.213295e+00 2.710263e-04 -4.339040e+02 3.613021e-189 -4.421173e+02 9.792238e-193
-8.169029e+00 2.832930e-04 -4.371622e+02 1.389477e-190 -4.453313e+02 3.936292e-194
-7.957178e+00 3.501399e-04 -4.387827e+02 2.748429e-191 -4.467399e+02 9.623348e-195
-8.001395e+00 3.349951e-04 -4.086143e+02 3.475973e-178 -4.166157e+02 1.164434e-181
-7.850956e+00 3.893795e-04 -3.905322e+02 2.477640e-170 -3.983831e+02 9.647423e-174
-7.640493e+00 4.805916e-04 -3.771115e+02 1.669389e-164 -3.847520e+02 8.022946e-168
-7.864996e+00 3.839507e-04 -3.863802e+02 1.574739e-168 -3.942452e+02 6.046222e-172
-7.584162e+00 5.084408e-04 -3.501499e+02 8.547618e-153 -3.577340e+02 4.345957e-156
-8.089628e+00 3.067038e-04 -3.654974e+02 1.847193e-159 -3.735870e+02 5.665410e-163
-8.247767e+00 2.618426e-04 -3.718051e+02 3.365806e-162 -3.800529e+02 8.813112e-166
-8.400955e+00 2.246526e-04 -3.491824e+02 2.249063e-152 -3.575834e+02 5.052580e-156
-8.105138e+00 3.019835e-04 -3.881138e+02 2.781887e-169 -3.962189e+02 8.400841e-173
-8.549073e+00 1.937245e-04 -4.031491e+02 8.214055e-176 -4.116982e+02 1.591264e-179
-8.409111e+00 2.228279e-04 -3.836046e+02 2.527181e-167 -3.920137e+02 5.631266e-171
-8.421186e+00 2.201534e-04 -3.921890e+02 4.725909e-171 -4.006102e+02 1.040425e-174
-8.095473e+00 3.049163e-04 -3.629405e+02 2.382114e-158 -3.710359e+02 7.263455e-162
-8.054491e+00 3.176720e-04 -4.194728e+02 6.687458e-183 -4.275273e+02 2.124418e-186
-7.821567e+00 4.009927e-04 -4.147016e+02 7.895877e-181 -4.225231e+02 3.166189e-184
-7.810169e+00 4.055896e-04 -3.816164e+02 1.845406e-166 -3.894266e+02 7.484774e-170
-7.845098e+00 3.916671e-04 -3.785103e+02 4.121785e-165 -3.863554e+02 1.614368e-168
-8.519061e+00 1.996268e-04 -3.945502e+02 4.456739e-172 -4.030693e+02 8.896846e-176
-8.627889e+00 1.790422e-04 -3.753651e+02 9.572407e-164 -3.839930e+02 1.713865e-167
-8.404939e+00 2.237594e-04 -3.930508e+02 1.996292e-171 -4.014557e+02 4.466891e-175
-7.964168e+00 3.477008e-04 -3.458280e+02 6.438943e-151 -3.537922e+02 2.238825e-154
-8.356472e+00 2.348716e-04 -3.534914e+02 3.024462e-154 -3.618478e+02 7.103602e-158
-8.758287e+00 1.571536e-04 -3.463230e+02 3.924923e-151 -3.550813e+02 6.168158e-155
-8.595188e+00 1.849939e-04 -3.335053e+02 1.447003e-145 -3.421005e+02 2.676866e-149
-8.336832e+00 2.395299e-04 -3.361437e+02 1.034248e-146 -3.444806e+02 2.477333e-150
-8.416705e+00 2.211422e-04 -2.941351e+02 1.814448e-128 -3.025518e+02 4.012510e-132
-8.325055e+00 2.423676e-04 -2.758936e+02 1.516873e-120 -2.842186e+02 3.676409e-124
-8.719742e+00 1.633293e-04 -2.812042e+02 7.491726e-123 -2.899239e+02 1.223619e-126
-8.472389e+00 2.091645e-04 -2.944961e+02 1.264690e-128 -3.029685e+02 2.645284e-132
-8.525334e+00 1.983785e-04 -3.153035e+02 1.162594e-137 -3.238288e+02 2.306336e-141
-8.864278e+00 1.413490e-04 -3.203068e+02 7.807764e-140 -3.291711e+02 1.103620e-143
-8.791306e+00 1.520493e-04 -3.249535e+02 7.489908e-142 -3.337448e+02 1.138835e-145
-8.657245e+00 1.738627e-04 -3.263426e+02 1.867223e-142 -3.349999e+02 3.246404e-146
-8.650191e+00 1.750935e-04 -3.105879e+02 1.298291e-135 -3.192381e+02 2.273222e-139
-8.788033e+00 1.525478e-04 -3.279368e+02 3.792010e-143 -3.367248e+02 5.784627e-147
-8.480662e+00 2.074414e-04 -3.387021e+02 8.008387e-148 -3.471828e+02 1.661271e-151
-8.381013e+00 2.291776e-04 -3.344305e+02 5.737025e-146 -3.428115e+02 1.314798e-149
-8.111933e+00 2.999386e-04 -3.014594e+02 1.196343e-131 -3.095713e+02 3.588293e-135
-7.844630e+00 3.918506e-04 -2.716945e+02 1.010552e-118 -2.795392e+02 3.959852e-122
-7.834987e+00 3.956475e-04 -2.579988e+02 8.964766e-113 -2.658338e+02 3.546887e-116
-8.054607e+00 3.176352e-04 -2.436177e+02 1.578311e-106 -2.516723e+02 5.013270e-110
-7.825381e+00 3.994663e-04 -2.359080e+02 3.519414e-103 -2.437334e+02 1.405887e-106
-8.277672e+00 2.541282e-04 -2.737729e+02 1.264583e-119 -2.820506e+02 3.213662e-123
-8.013451e+00 3.309804e-04 -2.829194e+02 1.347885e-123 -2.909329e+02 4.461235e-127
-7.298555e+00 6.765159e-04 -2.475684e+02 3.036721e-108 -2.548670e+02 2.054390e-111
-7.048651e+00 8.685799e-04 -2.366103e+02 1.743594e-103 -2.436590e+02 1.514450e-106
-7.343985e+00 6.464689e-04 -2.710272e+02 1.969687e-118 -2.783712e+02 1.273341e-121
-6.989153e+00 9.218272e-04 -2.548302e+02 2.131255e-111 -2.618194e+02 1.964648e-114
-7.019837e+00 8.939714e-04 -2.766042e+02 7.452874e-121 -2.836240e+02 6.662656e-124
-8.240064e+00 2.638674e-04 -2.819679e+02 3.490450e-123 -2.902080e+02 9.210161e-127
-8.321646e+00 2.431951e-04 -3.081600e+02 1.471606e-134 -3.164817e+02 3.578875e-138
-7.666439e+00 4.682822e-04 -3.211482e+02 3.365880e-140 -3.288147e+02 1.576182e-143
-7.200531e+00 7.461896e-04 -3.219457e+02 1.516198e-140 -3.291462e+02 1.131371e-143
-7.427250e+00 5.948211e-04 -3.403282e+02 1.575234e-148 -3.477554e+02 9.369824e-152
-7.797567e+00 4.107332e-04 -3.625482e+02 3.526189e-158 -3.703458e+02 1.448323e-161
-7.810489e+00 4.054596e-04 -3.708339e+02 8.889908e-162 -3.786444e+02 3.604499e-165
-7.584249e+00 5.083967e-04 -3.357146e+02 1.588622e-146 -3.432988e+02 8.076499e-150
-8.147043e+00 2.895903e-04 -3.717839e+02 3.438020e-162 -3.799309e+02 9.956172e-166
-8.756001e+00 1.575132e-04 -4.250849e+02 2.443261e-185 -4.338409e+02 3.848459e-189
-9.031144e+00 1.196255e-04 -4.491317e+02 8.802182e-196 -4.581628e+02 1.052966e-199
-8.697684e+00 1.669721e-04 -4.140522e+02 1.511543e-180 -4.227499e+02 2.523856e-184
-8.213224e+00 2.710455e-04 -3.626260e+02 3.262501e-158 -3.708392e+02 8.842863e-162
-8.277077e+00 2.542794e-04 -3.810684e+02 3.192362e-166 -3.893454e+02 8.117517e-170
-8.282205e+00 2.529787e-04 -3.948339e+02 3.355794e-172 -4.031162e+02 8.489443e-176
-8.348656e+00 2.367145e-04 -4.159485e+02 2.269131e-181 -4.242972e+02 5.371363e-185
-8.380407e+00 2.293167e-04 -4.011047e+02 6.345442e-175 -4.094851e+02 1.455116e-178
-8.514010e+00 2.006377e-04 -4.024739e+02 1.613658e-175 -4.109879e+02 3.237606e-179
-8.963569e+00 1.279887e-04 -4.767065e+02 9.310792e-208 -4.856701e+02 1.191676e-211
-8.425135e+00 2.192856e-04 -4.205414e+02 2.297087e-183 -4.289666e+02 5.037183e-187
-7.824979e+00 3.996271e-04 -3.843575e+02 1.190289e-167 -3.921825e+02 4.756718e-171
-8.116932e+00 2.984428e-04 -3.772879e+02 1.399370e-164 -3.854049e+02 4.176317e-168
-8.213660e+00 2.709274e-04 -3.789455e+02 2.667303e-165 -3.871591e+02 7.226453e-169
-8.022016e+00 3.281577e-04 -3.405579e+02 1.251926e-148 -3.485799e+02 4.108291e-152
-7.902519e+00 3.698108e-04 -3.311129e+02 1.583081e-144 -3.390154e+02 5.854404e-148
-7.374430e+00 6.270843e-04 -3.325269e+02 3.849314e-145 -3.399014e+02 2.413845e-148
-7.142817e+00 7.905222e-04 -2.957641e+02 3.558701e-129 -3.029069e+02 2.813232e-132
