-8.569900e+00 1.897316e-04 -0.000000e+00 1.000000e+00 -8.569900e+00 1.897316e-04
-9.656370e+00 6.401649e-05 -3.684908e+01 9.923102e-17 -4.650545e+01 6.352422e-21
-6.785453e+00 1.130095e-03 -9.257146e+01 6.262210e-41 -9.935691e+01 7.076895e-44
-7.702782e+00 4.515692e-04 -1.247416e+02 6.689645e-55 -1.324444e+02 3.020837e-58
-6.749514e+00 1.171448e-03 -1.896197e+02 4.458504e-83 -1.963693e+02 5.222906e-86
-6.497741e+00 1.506840e-03 -2.881321e+02 7.342332e-126 -2.946298e+02 1.106372e-128
-8.139260e+00 2.918529e-04 -3.196630e+02 1.486348e-139 -3.278023e+02 4.337952e-143
-8.696389e+00 1.671885e-04 -3.714438e+02 4.830437e-162 -3.801402e+02 8.075933e-166
-7.330976e+00 6.549338e-04 -2.944894e+02 1.273097e-128 -3.018204e+02 8.337941e-132
-7.968889e+00 3.460632e-04 -4.167954e+02 9.728614e-182 -4.247643e+02 3.366715e-185
-7.124383e+00 8.052296e-04 -3.605271e+02 2.661176e-157 -3.676515e+02 2.142858e-160
-8.109895e+00 3.005505e-04 -4.093603e+02 1.648520e-178 -4.174702e+02 4.954635e-182
-8.322103e+00 2.430840e-04 -2.940513e+02 1.973113e-128 -3.023734e+02 4.796324e-132
-8.642611e+00 1.764256e-04 -3.348994e+02 3.589493e-146 -3.435420e+02 6.332784e-150
-9.256075e+00 9.552952e-05 -4.244392e+02 4.660082e-185 -4.336953e+02 4.451754e-189
-9.456063e+00 7.821391e-05 -4.291627e+02 4.140037e-187 -4.386188e+02 3.238084e-191
-9.176316e+00 1.034610e-04 -4.009197e+02 7.634533e-175 -4.100960e+02 7.898765e-179
-9.666248e+00 6.338722e-05 -4.129498e+02 4.551762e-180 -4.226161e+02 2.885235e-184
-1.058909e+01 2.518943e-05 -4.123015e+02 8.703975e-180 -4.228906e+02 2.192481e-184
-9.095703e+00 1.121467e-04 -2.595584e+02 1.884590e-113 -2.686541e+02 2.113505e-117
-9.628884e+00 6.580041e-05 -2.885228e+02 4.967637e-126 -2.981517e+02 3.268726e-130
-9.454006e+00 7.837500e-05 -3.643508e+02 5.813924e-159 -3.738048e+02 4.556663e-163
-1.057886e+01 2.544846e-05 -3.831400e+02 4.021849e-167 -3.937188e+02 1.023498e-171
-9.819619e+00 5.437430e-05 -4.108599e+02 3.679705e-179 -4.206795e+02 2.000814e-183
-9.045298e+00 1.179444e-04 -3.620996e+02 5.522534e-158 -3.711449e+02 6.513517e-162
-8.729918e+00 1.616757e-04 -3.841805e+02 1.420820e-167 -3.929104e+02 2.297121e-171
-7.999282e+00 3.357035e-04 -2.817436e+02 4.368473e-123 -2.897428e+02 1.466512e-126
-7.450875e+00 5.809329e-04 -1.972632e+02 2.136381e-86 -2.047141e+02 1.241094e-89
-7.875189e+00 3.800570e-04 -2.094226e+02 1.119280e-91 -2.172977e+02 4.253900e-95
-6.912973e+00 9.947957e-04 -2.603708e+02 8.364058e-114 -2.672837e+02 8.320528e-117
-8.209374e+00 2.720910e-04 -3.107037e+02 1.156366e-135 -3.189131e+02 3.146369e-139
-8.445657e+00 2.148315e-04 -2.896378e+02 1.628987e-126 -2.980834e+02 3.499577e-130
-7.981382e+00 3.417667e-04 -3.499177e+02 1.078165e-152 -3.578991e+02 3.684808e-156
-9.725726e+00 5.972705e-05 -3.336145e+02 1.297369e-145 -3.433402e+02 7.748805e-150
-1.185613e+01 7.094956e-06 -4.103700e+02 6.005932e-179 -4.222261e+02 4.261183e-184
-1.297345e+01 2.321138e-06 -4.139034e+02 1.754039e-180 -4.268768e+02 4.071368e-186
-1.264867e+01 3.211834e-06 -4.416104e+02 1.625731e-192 -4.542590e+02 5.221578e-198
-1.102470e+01 1.629423e-05 -3.656085e+02 1.652867e-159 -3.766332e+02 2.693218e-164
-1.100915e+01 1.654951e-05 -3.673659e+02 2.851155e-160 -3.783750e+02 4.718523e-165
-1.049974e+01 2.754363e-05 -3.785333e+02 4.028013e-165 -3.890330e+02 1.109461e-169
-1.160207e+01 9.147131e-06 -4.059244e+02 5.120129e-177 -4.175265e+02 4.683449e-182
-1.076724e+01 2.107881e-05 -3.804895e+02 5.695272e-166 -3.912567e+02 1.200496e-170
-1.022296e+01 3.632664e-05 -4.592523e+02 3.542120e-200 -4.694753e+02 1.286733e-204
-8.945553e+00 1.303154e-04 -3.715445e+02 4.368075e-162 -3.804900e+02 5.692273e-166
-8.651329e+00 1.748942e-04 -3.046704e+02 4.823331e-133 -3.133217e+02 8.435727e-137
-8.814947e+00 1.484969e-04 -3.289760e+02 1.341297e-143 -3.377910e+02 1.991783e-147
-9.024881e+00 1.203771e-04 -4.232164e+02 1.582918e-184 -4.322413e+02 1.905472e-188
-9.728369e+00 5.956939e-05 -5.676830e+02 2.873546e-247 -5.774113e+02 1.711754e-251
-8.420776e+00 2.202436e-04 -4.475931e+02 4.099875e-195 -4.560139e+02 9.029713e-199
-8.077546e+00 3.104320e-04 -3.789381e+02 2.687007e-165 -3.870157e+02 8.341328e-169
-8.180610e+00 2.800311e-04 -2.735858e+02 1.524797e-119 -2.817664e+02 4.269905e-123
-7.905667e+00 3.686483e-04 -2.983516e+02 2.676484e-130 -3.062572e+02 9.866813e-134
-6.760124e+00 1.159085e-03 -3.350233e+02 3.171374e-146 -3.417834e+02 3.675892e-149
-7.747953e+00 4.316251e-04 -4.441934e+02 1.228193e-193 -4.519413e+02 5.301189e-197
-6.970724e+00 9.389732e-04 -3.470751e+02 1.850200e-151 -3.540458e+02 1.737289e-154
-8.543198e+00 1.948661e-04 -2.499514e+02 2.802080e-109 -2.584946e+02 5.460305e-113
-8.731078e+00 1.614882e-04 -2.677072e+02 5.448090e-117 -2.764383e+02 8.798023e-121
-6.787752e+00 1.127500e-03 -2.889232e+02 3.328363e-126 -2.957110e+02 3.752731e-129
-6.882819e+00 1.025250e-03 -2.096770e+02 8.678588e-92 -2.165598e+02 8.897721e-95
-7.512949e+00 5.459686e-04 -2.461806e+02 1.216554e-107 -2.536935e+02 6.642006e-111
-8.761008e+00 1.567265e-04 -1.876735e+02 3.122085e-82 -1.964345e+02 4.893135e-86
-9.492669e+00 7.540262e-05 -2.239291e+02 5.608179e-98 -2.334218e+02 4.228714e-102
-9.608092e+00 6.718289e-05 -3.432770e+02 8.254880e-150 -3.528851e+02 5.545866e-154
-9.749080e+00 5.834832e-05 -3.463997e+02 3.635269e-151 -3.561487e+02 2.121119e-155
-8.726234e+00 1.622725e-04 -2.892672e+02 2.359749e-126 -2.979934e+02 3.829222e-130
-8.525867e+00 1.982728e-04 -2.130393e+02 3.007522e-93 -2.215652e+02 5.963098e-97
-8.772711e+00 1.549030e-04 -2.011620e+02 4.329684e-88 -2.099347e+02 6.706811e-92
-7.900943e+00 3.703943e-04 -1.873222e+02 4.436000e-82 -1.952232e+02 1.643069e-85
-6.302802e+00 1.831167e-03 -1.859228e+02 1.797867e-81 -1.922256e+02 3.292195e-84
-7.082712e+00 8.394934e-04 -1.747524e+02 1.276458e-76 -1.818351e+02 1.071578e-79
-7.806995e+00 4.068788e-04 -1.670198e+02 2.912278e-73 -1.748268e+02 1.184944e-76
-8.712432e+00 1.645276e-04 -1.514753e+02 1.640953e-66 -1.601878e+02 2.699820e-70
-7.290663e+00 6.818761e-04 -1.850272e+02 4.402781e-81 -1.923178e+02 3.002151e-84
-7.268719e+00 6.970039e-04 -2.209870e+02 1.063113e-96 -2.282557e+02 7.409937e-100
-8.615707e+00 1.812366e-04 -2.126646e+02 4.374499e-93 -2.212803e+02 7.928195e-97
-9.086994e+00 1.131276e-04 -2.740587e+02 9.502066e-120 -2.831457e+02 1.074946e-123
-7.835301e+00 3.955231e-04 -2.439972e+02 1.079857e-106 -2.518325e+02 4.271085e-110
-7.500601e+00 5.527520e-04 -1.913443e+02 7.947703e-84 -1.988449e+02 4.393109e-87
-7.656839e+00 4.727997e-04 -1.908058e+02 1.361723e-83 -1.984627e+02 6.438222e-87
-7.327457e+00 6.572429e-04 -2.173470e+02 4.049362e-95 -2.246745e+02 2.661415e-98
-6.462862e+00 1.560324e-03 -2.610881e+02 4.081983e-114 -2.675510e+02 6.369218e-117
-7.390076e+00 6.173489e-04 -2.981476e+02 3.281940e-130 -3.055377e+02 2.026102e-133
-7.844640e+00 3.918467e-04 -3.620195e+02 5.983406e-158 -3.698641e+02 2.344578e-161
-8.691470e+00 1.680128e-04 -2.897312e+02 1.483627e-126 -2.984227e+02 2.492683e-130
-8.677343e+00 1.704032e-04 -1.851201e+02 4.012104e-81 -1.937974e+02 6.836753e-85
-8.332477e+00 2.405754e-04 -2.097454e+02 8.104232e-92 -2.180779e+02 1.949679e-95
-7.986836e+00 3.399079e-04 -2.318547e+02 2.026733e-101 -2.398415e+02 6.889025e-105
-7.188387e+00 7.553063e-04 -1.765014e+02 2.220217e-77 -1.836898e+02 1.676944e-80
-8.474593e+00 2.087041e-04 -2.420463e+02 7.596731e-106 -2.505209e+02 1.585469e-109
-8.956154e+00 1.289412e-04 -3.734562e+02 6.457239e-163 -3.824123e+02 8.326041e-167
-1.008446e+01 4.172297e-05 -3.275480e+02 5.593626e-143 -3.376325e+02 2.333827e-147
-9.701804e+00 6.117303e-05 -3.098683e+02 2.666189e-135 -3.195701e+02 1.630989e-139
-1.034654e+01 3.210374e-05 -3.274140e+02 6.396063e-143 -3.377605e+02 2.053375e-147
-1.017682e+01 3.804193e-05 -3.980379e+02 1.362526e-173 -4.082147e+02 5.183310e-178
-1.082179e+01 1.995979e-05 -4.749554e+02 5.364248e-207 -4.857771e+02 1.070693e-211
-1.089637e+01 1.852539e-05 -3.931771e+02 1.759295e-171 -4.040735e+02 3.259162e-176
-1.268687e+01 3.091436e-06 -4.279877e+02 1.340554e-186 -4.406746e+02 4.144236e-192
-1.328555e+01 1.698866e-06 -4.627127e+02 1.112818e-201 -4.759983e+02 1.890529e-207
-1.017807e+01 3.799443e-05 -3.881385e+02 2.713927e-169 -3.983166e+02 1.031141e-173
-9.075180e+00 1.144721e-04 -2.793887e+02 4.602861e-122 -2.884639e+02 5.268991e-126
-8.622272e+00 1.800508e-04 -2.447723e+02 4.974462e-107 -2.533946e+02 8.956558e-111
-7.988456e+00 3.393578e-04 -2.394353e+02 1.034142e-104 -2.474237e+02 3.509442e-108
-6.820771e+00 1.090879e-03 -3.416178e+02 4.337914e-149 -3.484386e+02 4.732141e-152
-7.956772e+00 3.502821e-04 -5.031824e+02 2.955753e-219 -5.111392e+02 1.035347e-222
-7.804659e+00 4.078303e-04 -4.393643e+02 1.536431e-191 -4.471689e+02 6.266033e-195
-7.174486e+00 7.658795e-04 -4.507880e+02 1.679750e-196 -4.579625e+02 1.286486e-199
-7.082895e+00 8.393401e-04 -4.871646e+02 2.673650e-212 -4.942475e+02 2.244101e-215
-7.400749e+00 6.107949e-04 -5.730112e+02 1.394406e-249 -5.804120e+02 8.516959e-253
-7.391019e+00 6.167671e-04 -5.521135e+02 1.660148e-240 -5.595045e+02 1.023924e-243
-6.630446e+00 1.319574e-03 -3.844676e+02 1.066187e-167 -3.910981e+02 1.406913e-170
-7.276084e+00 6.918898e-04 -3.070885e+02 4.297119e-134 -3.143645e+02 2.973133e-137
-7.944460e+00 3.546213e-04 -3.221069e+02 1.290416e-140 -3.300514e+02 4.576092e-144
-7.537473e+00 5.327424e-04 -2.975076e+02 6.224397e-130 -3.050451e+02 3.316000e-133
-6.702860e+00 1.227396e-03 -2.949996e+02 7.643699e-129 -3.017025e+02 9.381845e-132
-6.892770e+00 1.015098e-03 -3.331851e+02 1.993260e-145 -3.400778e+02 2.023354e-148
-8.090194e+00 3.065302e-04 -3.100993e+02 2.116309e-135 -3.181895e+02 6.487127e-139
-7.987015e+00 3.398469e-04 -2.016764e+02 2.588397e-88 -2.096635e+02 8.796585e-92
-7.392470e+00 6.158726e-04 -2.424612e+02 5.016960e-106 -2.498537e+02 3.089808e-109
-7.219808e+00 7.319428e-04 -2.341765e+02 1.988169e-102 -2.413963e+02 1.455226e-105
-7.868587e+00 3.825745e-04 -1.932931e+02 1.132088e-84 -2.011617e+02 4.331080e-88
-7.953013e+00 3.516011e-04 -2.009988e+02 5.097184e-88 -2.089518e+02 1.792175e-91
-9.493217e+00 7.536130e-05 -3.169253e+02 2.296617e-138 -3.264185e+02 1.730760e-142
-9.383313e+00 8.411605e-05 -3.426880e+02 1.487643e-149 -3.520713e+02 1.251347e-153
-9.084691e+00 1.133885e-04 -3.287650e+02 1.656516e-143 -3.378496e+02 1.878298e-147
-9.973587e+00 4.661507e-05 -4.091409e+02 2.052882e-178 -4.191145e+02 9.569526e-183
-1.014504e+01 3.927049e-05 -4.137695e+02 2.005342e-180 -4.239145e+02 7.875076e-185
-1.003779e+01 4.371613e-05 -3.654137e+02 2.008311e-159 -3.754515e+02 8.779558e-164
-8.482366e+00 2.070882e-04 -2.408291e+02 2.565980e-105 -2.493115e+02 5.313843e-109
-8.133022e+00 2.936793e-04 -2.608254e+02 5.308219e-114 -2.689585e+02 1.558914e-117
-8.611506e+00 1.819996e-04 -1.965809e+02 4.226546e-86 -2.051924e+02 7.692294e-90
-8.172393e+00 2.823415e-04 -1.836540e+02 1.738141e-80 -1.918264e+02 4.907492e-84
-8.156794e+00 2.867802e-04 -1.878183e+02 2.701056e-82 -1.959751e+02 7.746095e-86
-8.742357e+00 1.596770e-04 -2.252043e+02 1.566768e-98 -2.339467e+02 2.501769e-102
-7.646213e+00 4.778503e-04 -2.510288e+02 9.540225e-110 -2.586751e+02 4.558800e-113
-7.791284e+00 4.133218e-04 -1.880760e+02 2.087486e-82 -1.958673e+02 8.628037e-86
-8.304786e+00 2.473302e-04 -1.741614e+02 2.304972e-76 -1.824662e+02 5.700892e-80
-9.588169e+00 6.853479e-05 -2.167921e+02 7.053139e-95 -2.263803e+02 4.833854e-99
-9.595621e+00 6.802597e-05 -2.176097e+02 3.113805e-95 -2.272054e+02 2.118196e-99
-9.621737e+00 6.627242e-05 -2.167609e+02 7.276906e-95 -2.263826e+02 4.822582e-99
-9.156887e+00 1.054907e-04 -2.082947e+02 3.457447e-91 -2.174516e+02 3.647286e-95
-9.680394e+00 6.249689e-05 -1.862486e+02 1.297998e-81 -1.959290e+02 8.112083e-86
-8.832961e+00 1.458458e-04 -1.925866e+02 2.294678e-84 -2.014195e+02 3.346691e-88
-8.674618e+00 1.708682e-04 -2.196641e+02 3.991214e-96 -2.283387e+02 6.819715e-100
-8.912730e+00 1.346637e-04 -2.812867e+02 6.898454e-123 -2.901994e+02 9.289712e-127
-8.677195e+00 1.704284e-04 -1.980903e+02 9.342564e-87 -2.067675e+02 1.592239e-90
-7.484660e+00 5.616341e-04 -1.560327e+02 1.721255e-68 -1.635174e+02 9.667155e-72
-8.750354e+00 1.584052e-04 -2.864072e+02 4.120298e-125 -2.951576e+02 6.526768e-129
-1.026288e+01 3.490485e-05 -3.125223e+02 1.876179e-136 -3.227852e+02 6.548776e-141
-9.325893e+00 8.908741e-05 -2.378031e+02 5.289399e-104 -2.471290e+02 4.712188e-108
-1.021054e+01 3.678061e-05 -2.713606e+02 1.411158e-118 -2.815712e+02 5.190326e-123
-1.038535e+01 3.088167e-05 -2.658820e+02 3.379874e-116 -2.762674e+02 1.043761e-120
-9.390248e+00 8.353476e-05 -2.993584e+02 9.779523e-131 -3.087486e+02 8.169302e-135
-1.062187e+01 2.437698e-05 -2.344205e+02 1.557682e-102 -2.450424e+02 3.797159e-107
-8.816469e+00 1.482710e-04 -1.984723e+02 6.376436e-87 -2.072888e+02 9.454405e-91
-8.019047e+00 3.291334e-04 -2.471856e+02 4.453219e-108 -2.552046e+02 1.465703e-111
-8.766593e+00 1.558536e-04 -2.820464e+02 3.227086e-123 -2.908130e+02 5.029532e-127
-8.792260e+00 1.519042e-04 -3.277330e+02 4.648926e-143 -3.365253e+02 7.061914e-147
-8.891436e+00 1.375619e-04 -2.888023e+02 3.756093e-126 -2.976938e+02 5.166954e-130
-8.018918e+00 3.291759e-04 -1.595046e+02 5.346284e-70 -1.675235e+02 1.759868e-73
-9.401158e+00 8.262831e-05 -2.590381e+02 3.170859e-113 -2.684393e+02 2.620027e-117
-8.542756e+00 1.949522e-04 -2.388183e+02 1.916622e-104 -2.473610e+02 3.736497e-108
-9.059382e+00 1.162948e-04 -3.368046e+02 5.341239e-147 -3.458639e+02 6.211585e-151
-9.168582e+00 1.042642e-04 -3.512659e+02 2.799954e-153 -3.604345e+02 2.919351e-157
-9.019976e+00 1.209690e-04 -4.219477e+02 5.628974e-184 -4.309677e+02 6.809316e-188
-8.720816e+00 1.631540e-04 -3.653524e+02 2.135395e-159 -3.740732e+02 3.483982e-163
-9.273968e+00 9.383545e-05 -4.730248e+02 3.697877e-206 -4.822987e+02 3.469920e-210
-8.193814e+00 2.763579e-04 -4.178254e+02 3.473270e-182 -4.260192e+02 9.598657e-186
-9.322886e+00 8.935563e-05 -3.458646e+02 6.207732e-151 -3.551874e+02 5.546959e-155
-9.073065e+00 1.147144e-04 -3.597257e+02 5.930772e-157 -3.687988e+02 6.803448e-161
-8.762117e+00 1.565528e-04 -2.864562e+02 3.923330e-125 -2.952183e+02 6.142083e-129
-7.733157e+00 4.380590e-04 -1.767367e+02 1.754755e-77 -1.844699e+02 7.686863e-81
-7.844934e+00 3.917316e-04 -2.956901e+02 3.831867e-129 -3.035351e+02 1.501063e-132
-8.886497e+00 1.382431e-04 -1.953511e+02 1.445818e-85 -2.042376e+02 1.998744e-89
-9.547045e+00 7.141195e-05 -1.809103e+02 2.701821e-79 -1.904573e+02 1.929423e-83
-8.452918e+00 2.132771e-04 -1.712818e+02 4.104458e-75 -1.797347e+02 8.753868e-79
-9.095707e+00 1.121463e-04 -1.254317e+02 3.355247e-55 -1.345274e+02 3.762784e-59
-1.117389e+01 1.403592e-05 -2.536466e+02 6.961498e-111 -2.648204e+02 9.771105e-116
-9.690710e+00 6.185545e-05 -1.750265e+02 9.703767e-77 -1.847172e+02 6.002309e-81
-8.537363e+00 1.960064e-04 -2.333168e+02 4.697009e-102 -2.418541e+02 9.206440e-106
-8.857143e+00 1.423612e-04 -1.889323e+02 8.866581e-83 -1.977894e+02 1.262257e-86
-8.014075e+00 3.307741e-04 -1.768888e+02 1.507134e-77 -1.849029e+02 4.985208e-81
-8.994625e+00 1.240750e-04 -2.369847e+02 1.199083e-103 -2.459793e+02 1.487762e-107
-8.772520e+00 1.549326e-04 -2.785777e+02 1.035731e-121 -2.873502e+02 1.604685e-125
-9.026504e+00 1.201819e-04 -3.430084e+02 1.079773e-149 -3.520349e+02 1.297691e-153
-9.998583e+00 4.546431e-05 -3.998991e+02 2.118442e-174 -4.098977e+02 9.631351e-179
-9.930501e+00 4.866739e-05 -4.091887e+02 1.957155e-178 -4.191192e+02 9.524960e-183
-8.000160e+00 3.354089e-04 -3.160641e+02 5.434065e-138 -3.240642e+02 1.822634e-141
-7.227181e+00 7.265660e-04 -3.147392e+02 2.044128e-137 -3.219664e+02 1.485194e-140
-6.520517e+00 1.472908e-03 -3.155830e+02 8.791398e-138 -3.221035e+02 1.294892e-140
-6.835576e+00 1.074849e-03 -3.032417e+02 2.012815e-132 -3.100773e+02 2.163472e-135
-7.034528e+00 8.809338e-04 -2.285369e+02 5.593564e-100 -2.355714e+02 4.927560e-103
-7.561364e+00 5.201650e-04 -2.436559e+02 1.519167e-106 -2.512172e+02 7.902176e-110
-7.463817e+00 5.734630e-04 -2.389840e+02 1.623870e-104 -2.464479e+02 9.312293e-108
-7.643687e+00 4.790587e-04 -2.709116e+02 2.211036e-118 -2.785553e+02 1.059216e-121
-7.531247e+00 5.360694e-04 -1.446721e+02 1.478171e-63 -1.522033e+02 7.924022e-67
-7.427640e+00 5.945894e-04 -1.770479e+02 1.285500e-77 -1.844755e+02 7.643449e-81
-7.694518e+00 4.553165e-04 -1.927392e+02 1.969908e-84 -2.004337e+02 8.969317e-88
-6.176469e+00 2.077751e-03 -2.003536e+02 9.717107e-88 -2.065301e+02 2.018973e-90
-5.334635e+00 4.821672e-03 -2.525907e+02 2.000987e-110 -2.579254e+02 9.648105e-113
-5.845633e+00 2.892503e-03 -1.788063e+02 2.215292e-78 -1.846519e+02 6.407737e-81
-6.495403e+00 1.510367e-03 -2.144571e+02 7.285363e-94 -2.209525e+02 1.100357e-96
-6.636647e+00 1.311417e-03 -1.809261e+02 2.659364e-79 -1.875628e+02 3.487536e-82
-6.204822e+00 2.019668e-03 -1.242052e+02 1.143811e-54 -1.304101e+02 2.310118e-57
-5.368466e+00 4.661274e-03 -1.585383e+02 1.405115e-69 -1.639067e+02 6.549628e-72
-6.309703e+00 1.818573e-03 -1.574783e+02 4.055418e-69 -1.637880e+02 7.375073e-72
-7.044177e+00 8.724743e-04 -2.155944e+02 2.336326e-94 -2.226386e+02 2.038384e-97
-6.773772e+00 1.143374e-03 -1.574111e+02 4.337376e-69 -1.641849e+02 4.959244e-72
-7.211434e+00 7.380981e-04 -2.192928e+02 5.785345e-96 -2.265043e+02 4.270152e-99
-7.343918e+00 6.465124e-04 -2.951747e+02 6.415672e-129 -3.025187e+02 4.147811e-132
-7.053437e+00 8.644330e-04 -3.220689e+02 1.340437e-140 -3.291224e+02 1.158718e-143
-7.070245e+00 8.500247e-04 -3.592202e+02 9.832281e-157 -3.662904e+02 8.357682e-160
-7.166026e+00 7.723858e-04 -3.374243e+02 2.874101e-147 -3.445903e+02 2.219915e-150
-7.966048e+00 3.470477e-04 -4.016781e+02 3.576224e-175 -4.096441e+02 1.241121e-178
-7.524823e+00 5.395240e-04 -3.003798e+02 3.521223e-131 -3.079047e+02 1.899785e-134
-7.845399e+00 3.915494e-04 -2.975903e+02 5.730020e-130 -3.054357e+02 2.243586e-133
-7.538840e+00 5.320143e-04 -2.597065e+02 1.625101e-113 -2.672454e+02 8.645772e-117
-7.741123e+00 4.345834e-04 -3.507021e+02 4.920361e-153 -3.584433e+02 2.138307e-156
-7.810218e+00 4.055698e-04 -3.234583e+02 3.340598e-141 -3.312686e+02 1.354846e-144
-7.814753e+00 4.037347e-04 -3.170849e+02 1.957843e-138 -3.248997e+02 7.904490e-142
-7.918396e+00 3.639859e-04 -3.368220e+02 5.248798e-147 -3.447404e+02 1.910488e-150
-8.085742e+00 3.078979e-04 -3.372163e+02 3.538576e-147 -3.453020e+02 1.089520e-150
-7.300968e+00 6.748849e-04 -4.107697e+02 4.026864e-179 -4.180707e+02 2.717670e-182
-6.205253e+00 2.018798e-03 -3.397032e+02 2.943030e-148 -3.459084e+02 5.941384e-151
-6.501766e+00 1.500787e-03 -3.798700e+02 1.058178e-165 -3.863718e+02 1.588100e-168
-7.110682e+00 8.163378e-04 -3.155417e+02 9.161606e-138 -3.226524e+02 7.478965e-141
-7.958644e+00 3.496270e-04 -2.539891e+02 4.942562e-111 -2.619477e+02 1.728053e-114
-7.184088e+00 7.585605e-04 -2.136858e+02 1.575624e-93 -2.208699e+02 1.195206e-96
-7.119065e+00 8.095232e-04 -2.400750e+02 5.454425e-105 -2.471941e+02 4.415484e-108
-7.083855e+00 8.385341e-04 -4.030313e+02 9.241224e-176 -4.101152e+02 7.749082e-179
-7.120018e+00 8.087519e-04 -4.102014e+02 7.108971e-179 -4.173214e+02 5.749394e-182
-6.937286e+00 9.709015e-04 -3.642363e+02 6.518776e-159 -3.711736e+02 6.329089e-162
-6.626343e+00 1.325000e-03 -3.492853e+02 2.029095e-152 -3.559117e+02 2.688552e-155
-7.506368e+00 5.495736e-04 -4.729099e+02 4.147866e-206 -4.804163e+02 2.279558e-209
-7.263950e+00 7.003361e-04 -4.024787e+02 1.605847e-175 -4.097427e+02 1.124633e-178
-6.868399e+00 1.040141e-03 -2.953219e+02 5.537609e-129 -3.021903e+02 5.759893e-132
-7.409909e+00 6.052257e-04 -3.358453e+02 1.393964e-146 -3.432552e+02 8.436630e-150
-8.385953e+00 2.280483e-04 -2.167187e+02 7.590085e-95 -2.251047e+02 1.730906e-98
-7.437368e+00 5.888329e-04 -2.316355e+02 2.523281e-101 -2.390729e+02 1.485791e-104
-7.670780e+00 4.662539e-04 -2.433426e+02 2.078041e-106 -2.510134e+02 9.688949e-110
-7.869831e+00 3.820990e-04 -3.374423e+02 2.822715e-147 -3.453121e+02 1.078556e-150
-6.295027e+00 1.845459e-03 -2.591732e+02 2.770163e-113 -2.654682e+02 5.112222e-116
-6.659495e+00 1.281794e-03 -2.633861e+02 4.100626e-115 -2.700456e+02 5.256157e-118
-7.610756e+00 4.950976e-04 -3.644558e+02 5.234498e-159 -3.720665e+02 2.591587e-162
-6.549836e+00 1.430350e-03 -3.110821e+02 7.920299e-136 -3.176320e+02 1.132880e-138
-6.990356e+00 9.207189e-04 -3.536934e+02 2.471192e-154 -3.606838e+02 2.275273e-157
-7.655243e+00 4.735548e-04 -3.499369e+02 1.057626e-152 -3.575922e+02 5.008439e-156
-7.940132e+00 3.561595e-04 -3.959704e+02 1.077099e-172 -4.039105e+02 3.836190e-176
-8.475139e+00 2.085901e-04 -4.881824e+02 9.662690e-213 -4.966575e+02 2.015542e-216
-7.509639e+00 5.477790e-04 -4.070306e+02 1.693856e-177 -4.145402e+02 9.278588e-181
-7.801689e+00 4.090435e-04 -4.006530e+02 9.967992e-175 -4.084547e+02 4.077343e-178
-8.817514e+00 1.481160e-04 -4.030129e+02 9.412596e-176 -4.118304e+02 1.394156e-179
-9.329845e+00 8.873603e-05 -4.676177e+02 8.245201e-204 -4.769476e+02 7.316464e-208
-7.706950e+00 4.496910e-04 -2.829147e+02 1.354300e-123 -2.906216e+02 6.090164e-127
-9.453988e+00 7.837636e-05 -4.068375e+02 2.054484e-177 -4.162915e+02 1.610230e-181
-9.741450e+00 5.879522e-05 -4.435930e+02 2.238725e-193 -4.533345e+02 1.316263e-197
-9.470928e+00 7.705983e-05 -3.845318e+02 9.999292e-168 -3.940027e+02 7.705437e-172
-9.021068e+00 1.208371e-04 -2.792414e+02 5.333439e-122 -2.882625e+02 6.444771e-126
-9.394451e+00 8.318439e-05 -2.621079e+02 1.472228e-114 -2.715024e+02 1.224664e-118
-8.047952e+00 3.197561e-04 -2.906679e+02 5.814827e-127 -2.987158e+02 1.859326e-130
-8.905782e+00 1.356026e-04 -3.504206e+02 6.520256e-153 -3.593264e+02 8.841636e-157
-8.807849e+00 1.495546e-04 -2.927565e+02 7.202055e-128 -3.015644e+02 1.077100e-131
-9.265485e+00 9.463481e-05 -4.569597e+02 3.507060e-199 -4.662251e+02 3.318899e-203
-7.910262e+00 3.669582e-04 -2.979674e+02 3.930140e-130 -3.058776e+02 1.442197e-133
-7.912591e+00 3.661048e-04 -2.975071e+02 6.227178e-130 -3.054197e+02 2.279800e-133
-8.243718e+00 2.629049e-04 -2.818838e+02 3.796754e-123 -2.901275e+02 9.981852e-127
-8.790676e+00 1.521450e-04 -3.376725e+02 2.242415e-147 -3.464631e+02 3.411722e-151
-8.346721e+00 2.371730e-04 -4.031243e+02 8.420713e-176 -4.114710e+02 1.997166e-179
-8.593408e+00 1.853235e-04 -3.470690e+02 1.861400e-151 -3.556624e+02 3.449612e-155
-7.198669e+00 7.475801e-04 -3.062130e+02 1.031248e-133 -3.134117e+02 7.709407e-137
-8.002017e+00 3.347867e-04 -2.468054e+02 6.512993e-108 -2.548074e+02 2.180463e-111
-9.969147e+00 4.682250e-05 -3.933785e+02 1.438413e-171 -4.033477e+02 6.735009e-176
-1.036328e+01 3.157081e-05 -4.685192e+02 3.347381e-204 -4.788825e+02 1.056795e-208
-8.804205e+00 1.501006e-04 -3.350349e+02 3.134590e-146 -3.438391e+02 4.705038e-150
-8.933179e+00 1.319379e-04 -3.626616e+02 3.148190e-158 -3.715948e+02 4.153656e-162
-8.218205e+00 2.696986e-04 -3.763829e+02 3.459150e-164 -3.846011e+02 9.329282e-168
-7.770497e+00 4.220036e-04 -3.504511e+02 6.324467e-153 -3.582216e+02 2.668948e-156
