0.000913985425950953
0.00135472994390885
0.00166912371651172
0.000457380971560716
0.00130641825552118
0.0013846057317965
0.000458487590911042
0.000607624218344763
0.00147064617702973
0.00128855236075803
0.0002340825308146
0.000975285347155474
0.00142041257182936
0.00125313698993609
0.000130663285336171
0.000584983801038237
0.00157971130262474
0.00125159174112587
0.00110068841615306
0.000439148790749695
0.00105508804224563
0.00168383695678526
0.00142793745409567
0.000750974631973333
0.000535347322271256
0.00117766591014466
0.00131303274761308
0.00151500992994279
0.00153655462552689
0.000456083442943234
6.9348537829839e-05
0.000854015564922255
0.00149593750435087
0.00130615177756968
0.00123593988629321
0.00111054654178737
0.000274523931352044
0.000285242830815851
0.000560252434447919
0.000993476416018848
0.00134195464056915
0.00150170371448981
0.000752557882779522
0.000857407260222266
0.000554081803696031
0.000172198957179498
0.000525432669103543
0.000943133052164146
0.000561125060186271
0.000753253945977992
0.000936500166715284
0.000893583945345235
0.000613874668204018
0.000886678860832297
0.000951619282431452
0.000701357898657618
0.000389306499985607
0.00027453962414137
0.000452391355153846
0.000562708479563724
0.000219760674076918
0.000897215145263535
0.00103135498631216
0.00103996626029413
0.0010140185517896
0.000975030165860182
0.000926992501970447
0.000901597533350252
0.000949071497529876
0.000825859282533106
0.000353756117388237
0.000121876297996979
0.000320374307031573
0.00048697120518864
0.000616513859248917
0.000798311504478328
0.00105033394859205
0.00129848976343433
0.00146978801857658
0.00146280876160596
0.00131904673626144
0.00115069297649935
0.000992908799097071
0.000845346908921133
0.000707355839711547
0.000585511026925831
0.000492776672338405
0.000447227058568315
0.000505645107548124
0.000647898605186512
0.000766510126455617
0.000867175028437667
0.00095805166165572
0.00103776944110465
0.00110460865406975
0.00115786570856935
0.00119866898359617
0.00122945790016668
0.00125431822070384
0.00127917257412539
0.000940640862729106
0.00134080380259976
0.00168331426200676
0.000482730710457478
0.00131132673313632
0.00141181676161524
0.00046276564924009
0.000652381824622742
0.00147463553850044
0.00128449368307704
0.000246051070830683
0.000999030024539342
0.00141278119663151
0.00124174146890342
0.000182520266673738
0.000596147141173029
0.00156884239035487
0.00124546090891141
0.00109131241787751
0.000448550952293576
0.00104322333289004
0.0016712059445095
0.00141942149280373
0.000769540020212457
0.000529050542251256
0.00116267171464395
0.00130931511756557
0.00152067156851751
0.00153286881154758
0.000491356962832144
0.000121425294399003
0.000850941407265034
0.00148776514858851
0.00131303919118046
0.00126109817036845
0.00111942922199784
0.000305053164813393
0.000286715128306926
0.000561787942524611
0.00101116364445627
0.00134874232709135
0.00150329916461958
0.000787251906094378
0.000880318379927189
0.000570097901612201
0.000178198552861465
0.000523701781560762
0.000940487438049484
0.000595008089359994
0.000793440321458076
0.000959203484526503
0.000904613222560264
0.000627452155308708
0.000882855789330117
0.000940738051494543
0.000691208995544235
0.000396968215512551
0.000306740652240936
0.000470056613256989
0.000577342312689905
0.000279633449215788
0.000903054816573203
0.00103196006123839
0.00103541242887522
0.00100208792121494
0.000961781870831954
0.000916731846324943
0.000892447405921411
0.000938488471926274
0.000817736358969426
0.000362418291608528
0.000170702875699575
0.000342098569329095
0.000494569912514109
0.000614959908710576
0.000790976499230507
0.00103851195024547
0.0012827976366101
0.0014513904909667
0.00144458294352356
0.00130348453553435
0.00113912862343879
0.000986785236935474
0.000845140149216523
0.000711196592089373
0.000590448043797602
0.000496277845817375
0.000447648723388578
0.000501703155651112
0.000640140727496425
0.000756610926654227
0.0008557448461985
0.000945196206136414
0.00102368929456362
0.0010900364979218
0.00114413563638032
0.00118697896495908
0.00122003836757283
0.00124653099894789
0.00127205290181383
0.0010134841676212
0.00129987205854891
0.00172352188235098
0.000549226050810307
0.00132535860533511
0.00148739005391831
0.000474868621332275
0.000766801510494583
0.00148606263431351
0.00127273490090581
0.00027764637875357
0.00106444590151526
0.00139057363959659
0.00120832929551367
0.000282978857885491
0.000627181922167887
0.00153711742703808
0.0012276368908538
0.0010638538919675
0.000474584196328774
0.00100828079718115
0.00163429125534528
0.00139461035597598
0.00082065452528382
0.000510486074662357
0.00111837544087412
0.00129855118611728
0.00153685712287319
0.00152220608847677
0.00058108471585391
0.000208207723053084
0.000842027041089132
0.00146397901432798
0.00133267192064292
0.00133088504787017
0.00114462094651388
0.00037948043941067
0.000290912826890307
0.000566186004007144
0.00106044562120016
0.0013680986173898
0.00150788365195143
0.000879538883986435
0.000943185085845427
0.000613885061515988
0.000194442518056472
0.000518685630383609
0.00093282778998222
0.000683249316726913
0.000899176689049792
0.00102176147030482
0.000935644909883544
0.000665000489431279
0.00087175405823519
0.000908679343823999
0.000661116818446382
0.000418246093461913
0.000384689029784996
0.00051756508052174
0.000617545003539646
0.000405325557147499
0.000919662402812072
0.001033700326916
0.00102218689329483
0.000966913199251205
0.00092257298056717
0.000886524441007442
0.000865560589101005
0.000907326698281362
0.00079388327304088
0.000386276651596188
0.000265091176879825
0.000398083884559936
0.00051582470959181
0.000610463394232862
0.000769465771559225
0.00100369446222251
0.00123650221058665
0.00139706445968891
0.00139077044499057
0.0012575998699473
0.00110515474938932
0.000968937021421852
0.000844544525663917
0.000722141518019489
0.000604438437764335
0.000506223847327292
0.000448860646494016
0.000490175736407388
0.000617258481777948
0.000727355240676045
0.000821945666413849
0.000907163496145382
0.000982020248891809
0.00104694545087253
0.00110364788239176
0.00115265692777199
0.00119250041766481
0.0012238318762368
0.00125132639626834
0.00111590108710447
0.00123453139263873
0.00178336603108438
0.000637794385761819
0.00134657309245787
0.00159624992943103
0.000492835266086281
0.000914750784383411
0.00150340149749666
0.00125450563081953
0.000320059431789588
0.00115752006343591
0.00135584432684949
0.00115526600232298
0.000389515979629144
0.000671955405113455
0.0014871998410783
0.00119981541521804
0.00102035269507898
0.00051190783343986
0.000952261911183425
0.00157605846145445
0.00135571701568799
0.000893311317341285
0.000480654866933563
0.0010468803518721
0.00128188458063113
0.00156132940779687
0.00150572339441727
0.000696483282257397
0.00029525909418831
0.000828183343086831
0.00142676757060847
0.00136220226903476
0.00143121943714249
0.00118217608822253
0.000471234785775467
0.00029722910541189
0.000572858733896103
0.00113179524016193
0.00139723414611101
0.00151488058289449
0.00100461897608271
0.00103210134437109
0.000675487481705953
0.000216983605706955
0.000510904921099886
0.000920968968727918
0.0007997759676398
0.00104053758481313
0.00111079291019025
0.000981286577853656
0.000718732963176076
0.00085446548317955
0.000857240167377391
0.000612150281330079
0.000448893590231885
0.000480165429184749
0.000582889204818718
0.000674507105433153
0.0005442355905321
0.000944540468058263
0.00103636090033298
0.00100158551063301
0.000910390074708397
0.000859037177638112
0.000838134898558746
0.000822664890435721
0.000857390056512486
0.000755879576811253
0.000420210416096271
0.000365094593570125
0.000471125825745471
0.00054678868163088
0.000603509354701864
0.000735289804746138
0.000947873495468566
0.00116200130564898
0.00130946768673408
0.00130402462213408
0.00118385589122726
0.00105097565995052
0.000940935504379611
0.000843631161751114
0.000738595589337886
0.00062526606475209
0.000521093910130579
0.000450711099473541
0.000471968906592873
0.000580453780766989
0.000680096208311275
0.000767279771249546
0.000845582372892714
0.000914504185087559
0.000977247509187545
0.00103855994202925
0.00109799344991912
0.0011490303819364
0.00118821398312036
0.00121888810886405
0.00122994153852392
0.00114931708695577
0.00185413970519016
0.00073194650610741
0.00137214864227822
0.00172040461455366
0.000514017671457762
0.00106861980748169
0.00152440144504117
0.00123177573566869
0.000365424501565435
0.00126235486247545
0.00131198760112413
0.00108664113022726
0.00048949884205702
0.000723101884854092
0.00142357837727141
0.00116478011426015
0.000964314235721734
0.000554270147894087
0.000878680530348664
0.00150154422261691
0.00130642688646563
0.000975071953423196
0.000441316089195831
0.000951872804337548
0.00126113918896151
0.00159083504947826
0.00148525458470341
0.000816050265563208
0.000375420153805892
0.000810878816517176
0.00137975105258838
0.00139757470175455
0.00154542691080518
0.00122667504152668
0.000563749135016676
0.000304798460669934
0.000580939384901463
0.00121360312395284
0.00143216489928917
0.00152341970095985
0.00113945255385307
0.00113167199492601
0.000744121481591525
0.000241781142464155
0.000501195530597596
0.000906210055120236
0.000922836313359798
0.00119124902907482
0.00121110034222128
0.00103452796647163
0.000779604125634567
0.000832767871827416
0.000789577153970602
0.00054612037111296
0.000483844323313068
0.000576064103763581
0.000654172239597063
0.000738404463835607
0.000676754062253183
0.000974190659624201
0.00103961527778878
0.000975720298402681
0.000835850237686391
0.000774008645545766
0.000774659158092841
0.00076677517611024
0.000791844419765464
0.00070647463953154
0.000458418546228715
0.000458912227127785
0.000547576517715558
0.000582528142989801
0.000594867949550488
0.000691062359326974
0.00087454640846845
0.00106350856255275
0.00119326429528117
0.00118900311492134
0.00108658168189537
0.000980434776051782
0.000905404614430421
0.000842509402749325
0.000758292045162444
0.000649903999207966
0.000538774530017592
0.000452970692255181
0.000448626934792633
0.000531838977777715
0.000617202057152524
0.000694369158337553
0.000763286559326462
0.000824164060587312
0.000884279310783486
0.00095266374625171
0.00102697272116138
0.00109334865489555
0.00114300735370363
0.0011778772450816
0.00134068864355313
0.00105107317986296
0.00192660208525187
0.000820357434258096
0.00139885208657034
0.001843365738537
0.000535640261171879
0.00121107940108784
0.00154643594404485
0.00120711709258877
0.000408200723542225
0.0013651036493463
0.00126364557557655
0.00100849619112132
0.000577179251967019
0.000773826747412177
0.00135259102233266
0.00112629997553645
0.000900858793206459
0.000596053522821501
0.000792912329182529
0.00141795354265985
0.00125184366084787
0.00105514422174118
0.000395174648628251
0.000839034002333814
0.00123868085707982
0.00162164476637322
0.00146315766277711
0.00092649533192384
0.000445143796454293
0.000792048593036191
0.00132788998083226
0.00143425942840633
0.00165834772207639
0.00127232162355901
0.000647849541403976
0.000312652391203526
0.000589416971646416
0.00129499750647377
0.00146842508245671
0.00153245458145597
0.0012672798791398
0.00122880300143962
0.000810804095960119
0.000265639714695771
0.000490652029654003
0.000890235246027313
0.0010378905848227
0.00133304786039409
0.0013094328519905
0.0010883293358777
0.000839548378707614
0.000809038883453543
0.000710529534078479
0.000465680796219155
0.00051845673912123
0.000663054670026739
0.000722344865616111
0.000800822404133196
0.000793841258369351
0.00100478321448907
0.00104306736194851
0.000947419861847903
0.000748416652622701
0.00067180537226401
0.000700823390086214
0.000702431272678656
0.000715527662683409
0.000649786282687009
0.00049585565488155
0.000541172941657602
0.000618642658383803
0.000618296452114667
0.000585531903619519
0.000640651767351911
0.000789064272383707
0.000947515880188845
0.00105564632946243
0.00105288817410623
0.000972435472645489
0.000899309929230204
0.000865993770836767
0.00084131400900239
0.000778705582779768
0.000675136336921928
0.000556973752436505
0.000455362985848854
0.000422372488410158
0.000474666686147187
0.000542318617572878
0.00060723916337208
0.000664609549236653
0.000715607709310815
0.000773162544412094
0.000851793872463966
0.000945553187177027
0.00103079509929224
0.00109284750561595
0.00113260457991784
0.00143699930094952
0.000949535063273469
0.00199229396436213
0.000895516794502448
0.00142348865934242
0.00195186460764592
0.000555191909576222
0.0013311245663541
0.0015668592253301
0.00118347740174665
0.000444662632978479
0.00145505844384945
0.00121646938618609
0.000929093093982563
0.000648862317359951
0.000818633070691282
0.00128230827129356
0.00108890188670729
0.000836856551720706
0.000632807687198561
0.000702841866064164
0.00133464116064862
0.0011982884186455
0.00112520644031893
0.000346256830105393
0.000716994715164567
0.00121719934339902
0.00165007223578338
0.00144208480576895
0.00101943252525023
0.000501911704091893
0.000773936547166667
0.00127723884523348
0.00146789649948256
0.00175786018406004
0.00131377078203249
0.000717955355300379
0.000319856965295544
0.00059727364448253
0.00136707374292254
0.00150170078993296
0.00154089631353539
0.00137662308837565
0.00131354677701025
0.000868813399672342
0.000286252849294636
0.000480533594757227
0.000874958065229745
0.00113543037166732
0.00145374426291687
0.00139553485928214
0.00113656742381109
0.000892214660572878
0.000786088405551376
0.000627234881288406
0.000374670651077941
0.000548996597613692
0.000735481140278238
0.000781001663792659
0.00085533492848949
0.00088993686644833
0.00103270521138332
0.00104630088006997
0.000920033129962787
0.000655715653035423
0.00055898744978579
0.000623522354953853
0.000636063158483793
0.000635515312303424
0.000591586591150515
0.000528624252383748
0.000608419692922186
0.000678674618533241
0.000650116664694243
0.000576621146287626
0.000589364721141409
0.000699277972701619
0.000823765604709619
0.000907503845005337
0.00090654382096701
0.000851337611465831
0.000815757844642275
0.000827250327021831
0.000840189156313914
0.000797411917279745
0.000698016210333439
0.000573549380545153
0.000457599608538617
0.000396118665044659
0.000413804989838032
0.00046099567217069
0.000512025079673336
0.000556149867605942
0.000595837971135361
0.000651703556341539
0.000744657143524277
0.000862063909304217
0.000968338266967667
0.00104351761435487
0.00108834724100422
0.00151097719013881
0.000857914463801533
0.00204428519593451
0.000952408921029613
0.0014432614537123
0.0020360403019822
0.000570635127231318
0.00142150520652742
0.00158331353230303
0.00116385093986245
0.000472308570121047
0.00152446800393504
0.00117661232317065
0.000858949257530597
0.000701903106750464
0.000853420768083338
0.00122202613942052
0.00105743652938828
0.000780809456306883
0.000661260190476939
0.000619805832675828
0.00126266361091084
0.0011527904041457
0.00117924585780806
0.000300544274737398
0.00059939658487466
0.00119940282501918
0.00167288914361602
0.00142467545487761
0.00108934484393297
0.00054382243008768
0.000758851692283558
0.00123441087726936
0.0014947577418722
0.00183499495729908
0.00134661682006499
0.000770400358017863
0.000325612264054437
0.000603602803391098
0.00142313251973204
0.00152829142987847
0.00154774401038266
0.00145971290537221
0.00137878214895801
0.000913381186930888
0.000302017691612337
0.000472124550226903
0.000862303758258615
0.00120913775001491
0.00154517705433463
0.0014619787722811
0.00117442643845957
0.000932951457447715
0.00076687098343729
0.000550078313495094
0.000279339607071989
0.000572689204408766
0.000789623769558868
0.000825741976263484
0.000897327055079263
0.000961192590997595
0.00105492076208209
0.00104892949310625
0.000897088875482961
0.000569079933644817
0.000446397734212073
0.000552561897714045
0.000576332135258074
0.000561921421343442
0.000539516430014242
0.000553904994050737
0.000658175700653023
0.000723939225611745
0.000674947708379931
0.000569253837809182
0.000543989244276411
0.000616482986805923
0.00070703542276685
0.000765819656821757
0.000766850365981644
0.000738060341028012
0.000740704852695148
0.000794269334343184
0.000839271052542643
0.000812342808401534
0.000716127402472382
0.000586715579728341
0.000459414863660741
0.00037335290681168
0.000356585372519409
0.000382102363484633
0.000418680368594828
0.00044873891724061
0.000476421056581184
0.000532574353925155
0.000644268861797316
0.000787480670651289
0.000914271607213059
0.00100150737384124
0.00105089018880846
0.00155736861227573
0.000792420190763398
0.0020775184082419
0.000987776831539612
0.00145602240902048
0.00208915358827749
0.000580493419292462
0.00147751804171518
0.00159396170696457
0.00115086016367588
0.000489511764503975
0.00156811567887841
0.00114985255429643
0.000809896066056178
0.000734459908728149
0.000875381492242805
0.00118102134788367
0.00103638384483901
0.0007419472468438
0.000679188664599479
0.000558994198446701
0.00121338287141872
0.00112209909841015
0.00121322001315387
0.000266511570565131
0.000508167665910251
0.00118764314612806
0.00168761544306062
0.00141319663674623
0.00113265174306935
0.000569516627751618
0.000748841872633111
0.00120563660816964
0.00151203281623811
0.00188363821065783
0.00136763013575224
0.000802785576705734
0.000329314522230485
0.000607698315802465
0.00145856064953477
0.00154540048422928
0.00155219723332822
0.00151148432042994
0.00141974570624776
0.000941333333080792
0.000311877948295556
0.000466554196299645
0.000853943110599939
0.00125491398148048
0.00160204347745522
0.00150376431267442
0.00119849229213743
0.000958607253099943
0.000754063590510786
0.000493250665828617
0.000193225744119593
0.000587638456378781
0.000823044056750429
0.000853680387659476
0.000923706408525884
0.00100498016813523
0.00106917199162794
0.00105064165126989
0.000881791130296576
0.000504572000727735
0.000354100938323342
0.000500852230944992
0.000533752275124062
0.000508170059370393
0.000502628965230674
0.000569801172262418
0.000688715553198617
0.000752015525364115
0.00069067368685115
0.000564393301021038
0.000512208989724613
0.000555829808228043
0.000619085639746477
0.000657065060729792
0.000659910625574609
0.000653619587766943
0.000687311194559068
0.000771982916343008
0.000838671260773389
0.000821941979588273
0.00072770556490576
0.00059515212748484
0.000460595828652371
0.000357712998361719
0.000313657472766037
0.000320293253108766
0.000344367082904197
0.000361823653856882
0.000378683272121507
0.000437665000611
0.000569275557313059
0.000734727661473854
0.000877186524940688
0.000973109423350532
0.00102570432090284
0.00157316015341334
0.000768369295893829
0.00208893649023562
0.000999767300225072
0.00146042815579861
0.00210728646635131
0.000583878227831446
0.00149648067744364
0.00159764317563876
0.00114631407205321
0.000495346611790641
0.00158299281865019
0.00114041208866163
0.000792149731973371
0.000745434176263116
0.000882880582759083
0.00116644334208328
0.00102897155597964
0.00072796532957229
0.000685305434458411
0.000536263609891295
0.00119579279333039
0.0011112418225016
0.00122479865494618
0.000253625980605093
0.000472380034286996
0.00118353171623158
0.00169269985972968
0.00140918820967857
0.00114730969187708
0.000578173046506122
0.000745334048381535
0.00119548138897691
0.00151798639286008
0.00190024053778129
0.0013748528466001
0.000813731360243935
0.000330590603042691
0.000609114229919158
0.00147066505195981
0.00155129825120733
0.00155374083533431
0.00152905429845414
0.00143369840293021
0.000950848787244638
0.000315230230183064
0.000464604008090007
0.000851020271900697
0.00127042606795914
0.00162132641384792
0.00151800720371913
0.00120673799532693
0.000967358240071391
0.000749564434215501
0.000471916350823716
0.000152325840560223
0.000592742075958351
0.000834337666574898
0.000863171759108883
0.000932693326984372
0.00101974764054375
0.00107407715389898
0.00105123562514943
0.000876415810439746
0.000480145272172639
0.000315797430713069
0.000481596445792091
0.00051814645747386
0.000488119569117293
0.000489167737001751
0.000575219091663743
0.000699009837538968
0.000761524185380646
0.000696052142723486
0.000562695431750325
0.000500700123134863
0.000533153301549003
0.000585458060059846
0.000614810565742975
0.000618459733074271
0.000621615803730695
0.000667769700374931
0.0007640908608506
0.000838462854897087
0.000825249614622814
0.000731683756118104
0.0005980542670176
0.000461005265704987
0.000352118830510253
0.000297302133559385
0.000295821041105088
0.00031447638963422
0.00032626559454482
0.000338194292528626
0.000399462064426262
0.000540803120838548
0.000715497356776833
0.000863934655864923
0.000963051027911826
0.0010168114203416
