2.54e-07
2.59e-07
2.64e-07
2.69e-07
2.74e-07
2.79e-07
2.84e-07
2.89e-07
2.94e-07
2.99e-07
3.04e-07
3.09e-07
3.14e-07
3.19e-07
3.24e-07
3.29e-07
3.34e-07
3.39e-07
3.44e-07
3.49e-07
3.54e-07
3.59e-07
3.64e-07
3.69e-07
3.74e-07
3.79e-07
3.84e-07
3.89e-07
3.94e-07
3.99e-07
4.04e-07
4.09e-07
4.14e-07
4.19e-07
4.24e-07
4.29e-07
4.34e-07
4.39e-07
4.44e-07
4.49e-07
4.54e-07
4.59e-07
4.64e-07
4.69e-07
4.74e-07
4.79e-07
4.84e-07
4.89e-07
4.94e-07
4.99e-07
5.04e-07
5.09e-07
5.14e-07
5.19e-07
5.24e-07
5.29e-07
5.34e-07
5.39e-07
5.44e-07
5.49e-07
5.54e-07
5.59e-07
5.64e-07
5.69e-07
5.74e-07
5.79e-07
5.84e-07
5.89e-07
5.94e-07
5.99e-07
6.04e-07
6.09e-07
6.14e-07
6.19e-07
6.24e-07
6.29e-07
6.34e-07
6.39e-07
6.44e-07
6.49e-07
6.54e-07
6.59e-07
6.64e-07
6.69e-07
6.74e-07
6.79e-07
6.84e-07
6.89e-07
6.94e-07
6.99e-07
7.04e-07
7.09e-07
7.14e-07
7.19e-07
7.24e-07
7.29e-07
7.34e-07
7.39e-07
7.44e-07
7.49e-07
