1.000000e-02
9.994965e-03
9.979867e-03
9.954719e-03
9.919548e-03
9.874389e-03
9.819287e-03
9.754298e-03
9.679487e-03
9.594930e-03
9.500711e-03
9.396926e-03
9.283679e-03
9.161085e-03
9.029265e-03
8.888354e-03
8.738494e-03
8.579834e-03
8.412535e-03
8.236766e-03
8.052703e-03
7.860531e-03
7.660444e-03
7.452644e-03
7.237340e-03
7.014749e-03
6.785094e-03
6.548607e-03
6.305527e-03
6.056097e-03
5.800569e-03
5.539201e-03
5.272255e-03
5.000000e-03
4.722711e-03
4.440666e-03
4.154150e-03
3.863451e-03
3.568862e-03
3.270680e-03
2.969204e-03
2.664738e-03
2.357589e-03
2.048067e-03
1.736482e-03
1.423148e-03
1.108382e-03
7.924996e-04
4.758192e-04
1.586596e-04
-1.586596e-04
-4.758192e-04
-7.924996e-04
-1.108382e-03
-1.423148e-03
-1.736482e-03
-2.048067e-03
-2.357589e-03
-2.664738e-03
-2.969204e-03
-3.270680e-03
-3.568862e-03
-3.863451e-03
-4.154150e-03
-4.440666e-03
-4.722711e-03
-5.000000e-03
-5.272255e-03
-5.539201e-03
-5.800569e-03
-6.056097e-03
-6.305527e-03
-6.548607e-03
-6.785094e-03
-7.014749e-03
-7.237340e-03
-7.452644e-03
-7.660444e-03
-7.860531e-03
-8.052703e-03
-8.236766e-03
-8.412535e-03
-8.579834e-03
-8.738494e-03
-8.888354e-03
-9.029265e-03
-9.161085e-03
-9.283679e-03
-9.396926e-03
-9.500711e-03
-9.594930e-03
-9.679487e-03
-9.754298e-03
-9.819287e-03
-9.874389e-03
-9.919548e-03
-9.954719e-03
-9.979867e-03
-9.994965e-03
-1.000000e-02
