0.000000e+00
3.172793e-04
6.342392e-04
9.505604e-04
1.265925e-03
1.580014e-03
1.892512e-03
2.203105e-03
2.511480e-03
2.817326e-03
3.120334e-03
3.420201e-03
3.716625e-03
4.009305e-03
4.297949e-03
4.582265e-03
4.861967e-03
5.136774e-03
5.406408e-03
5.670599e-03
5.929079e-03
6.181590e-03
6.427876e-03
6.667690e-03
6.900790e-03
7.126942e-03
7.345917e-03
7.557496e-03
7.761465e-03
7.957618e-03
8.145760e-03
8.325699e-03
8.497254e-03
8.660254e-03
8.814534e-03
8.959938e-03
9.096320e-03
9.223543e-03
9.341479e-03
9.450008e-03
9.549022e-03
9.638422e-03
9.718116e-03
9.788024e-03
9.848078e-03
9.898214e-03
9.938385e-03
9.968548e-03
9.988673e-03
9.998741e-03
9.998741e-03
9.988673e-03
9.968548e-03
9.938385e-03
9.898214e-03
9.848078e-03
9.788024e-03
9.718116e-03
9.638422e-03
9.549022e-03
9.450008e-03
9.341479e-03
9.223543e-03
9.096320e-03
8.959938e-03
8.814534e-03
8.660254e-03
8.497254e-03
8.325699e-03
8.145760e-03
7.957618e-03
7.761465e-03
7.557496e-03
7.345917e-03
7.126942e-03
6.900790e-03
6.667690e-03
6.427876e-03
6.181590e-03
5.929079e-03
5.670599e-03
5.406408e-03
5.136774e-03
4.861967e-03
4.582265e-03
4.297949e-03
4.009305e-03
3.716625e-03
3.420201e-03
3.120334e-03
2.817326e-03
2.511480e-03
2.203105e-03
1.892512e-03
1.580014e-03
1.265925e-03
9.505604e-04
6.342392e-04
3.172793e-04
1.224647e-18
