2.785030e-04
2.682363e-04
2.571451e-04
2.453188e-04
2.328670e-04
2.199244e-04
2.066569e-04
1.932706e-04
1.800237e-04
1.672406e-04
1.553269e-04
1.447797e-04
1.361782e-04
1.301359e-04
1.271972e-04
1.276973e-04
1.316552e-04
1.387721e-04
1.485361e-04
1.603586e-04
1.736752e-04
1.879928e-04
2.029000e-04
2.180585e-04
2.331894e-04
2.480603e-04
2.624743e-04
2.762622e-04
2.892765e-04
3.013872e-04
3.124787e-04
3.224480e-04
3.312032e-04
3.386624e-04
3.447532e-04
3.494123e-04
3.525854e-04
3.542266e-04
3.542990e-04
3.527740e-04
3.496322e-04
3.448626e-04
3.384631e-04
3.304409e-04
3.208118e-04
3.096011e-04
2.968433e-04
2.825826e-04
2.668732e-04
2.497797e-04
2.313786e-04
2.117596e-04
1.910294e-04
1.693177e-04
1.467907e-04
1.236801e-04
1.003537e-04
7.751387e-05
5.682036e-05
4.275936e-05
4.336084e-05
5.856202e-05
8.058285e-05
1.051673e-04
1.307174e-04
1.565317e-04
1.822208e-04
2.075205e-04
2.322247e-04
2.561577e-04
2.791621e-04
3.010931e-04
3.218154e-04
3.412023e-04
3.591352e-04
3.755035e-04
3.902046e-04
4.031447e-04
4.142387e-04
4.234113e-04
4.305968e-04
4.357401e-04
4.387966e-04
4.397333e-04
4.385287e-04
4.351730e-04
4.296691e-04
4.220324e-04
4.122911e-04
4.004867e-04
3.866743e-04
3.709228e-04
3.533160e-04
3.339528e-04
3.129493e-04
2.904406e-04
2.665851e-04
2.415717e-04
2.156319e-04
1.890651e-04
1.622875e-04
1.359367e-04
1.111037e-04
8.982899e-05
7.582621e-05
7.373279e-05
8.447369e-05
1.039567e-04
1.279207e-04
1.538671e-04
1.804670e-04
2.069595e-04
2.328558e-04
2.578057e-04
2.815365e-04
3.038229e-04
3.244723e-04
3.433170e-04
3.602099e-04
3.750229e-04
3.876459e-04
3.979868e-04
4.059719e-04
4.115470e-04
4.146780e-04
4.153528e-04
4.135826e-04
4.094049e-04
4.028856e-04
3.941235e-04
3.832552e-04
3.704618e-04
3.559789e-04
3.401088e-04
3.232382e-04
3.058605e-04
2.886026e-04
2.722528e-04
2.577761e-04
2.462950e-04
2.389975e-04
2.369515e-04
2.408608e-04
2.508826e-04
2.666203e-04
2.872875e-04
3.119293e-04
3.395919e-04
3.694115e-04
4.006407e-04
4.326429e-04
4.648755e-04
4.968715e-04
5.282235e-04
5.585721e-04
5.875963e-04
6.150076e-04
6.405454e-04
6.639737e-04
6.850794e-04
7.036710e-04
7.195774e-04
7.326480e-04
7.427520e-04
7.497787e-04
7.536372e-04
7.542568e-04
7.515867e-04
7.455964e-04
7.362753e-04
7.236333e-04
7.077003e-04
6.885261e-04
6.661809e-04
6.407546e-04
6.123575e-04
5.811202e-04
5.471945e-04
5.107548e-04
4.720008e-04
4.311625e-04
3.885094e-04
3.443683e-04
2.991593e-04
2.534719e-04
2.082406e-04
1.651825e-04
1.279228e-04
1.042097e-04
1.045500e-04
1.289746e-04
1.671078e-04
2.113170e-04
2.580276e-04
3.055430e-04
3.529381e-04
3.996291e-04
4.452000e-04
4.893276e-04
5.317459e-04
5.722285e-04
6.105792e-04
6.466273e-04
6.802248e-04
7.112447e-04
7.395808e-04
7.651469e-04
7.878770e-04
8.077250e-04
8.246647e-04
8.386903e-04
8.498155e-04
8.580742e-04
8.635201e-04
8.662263e-04
8.662852e-04
8.638078e-04
8.589240e-04
8.517809e-04
8.425432e-04
8.313915e-04
8.185220e-04
8.041450e-04
7.884835e-04
7.717718e-04
7.542535e-04
7.361788e-04
7.178022e-04
6.993787e-04
6.811600e-04
6.633895e-04
6.462976e-04
6.300954e-04
6.149689e-04
6.010728e-04
5.885257e-04
5.774052e-04
5.677459e-04
5.595387e-04
5.527330e-04
5.472412e-04
5.429454e-04
5.397053e-04
5.373674e-04
5.357745e-04
5.347741e-04
5.342269e-04
5.340133e-04
5.340385e-04
5.342372e-04
5.345756e-04
5.350528e-04
5.357006e-04
5.365824e-04
5.377900e-04
5.394400e-04
5.416678e-04
5.446211e-04
5.484523e-04
5.533095e-04
5.593275e-04
5.666193e-04
5.752682e-04
5.853215e-04
5.967861e-04
6.096270e-04
6.237669e-04
6.390895e-04
6.554426e-04
6.726437e-04
6.904855e-04
7.087419e-04
7.271730e-04
7.455310e-04
7.635642e-04
7.810211e-04
7.976538e-04
8.132209e-04
8.274899e-04
8.402390e-04
8.512591e-04
8.603547e-04
8.673457e-04
8.720681e-04
8.743746e-04
8.741359e-04
8.712408e-04
8.655970e-04
8.571313e-04
8.457902e-04
8.315398e-04
8.143663e-04
7.942759e-04
7.712947e-04
7.454692e-04
7.168659e-04
6.855712e-04
6.516923e-04
6.153567e-04
5.767134e-04
5.359344e-04
4.932174e-04
4.487908e-04
4.029232e-04
3.559412e-04
3.082657e-04
2.604876e-04
2.135429e-04
1.691429e-04
1.308718e-04
1.063143e-04
1.057366e-04
1.292314e-04
1.664384e-04
2.095710e-04
2.549451e-04
3.008080e-04
3.462056e-04
3.905366e-04
4.333738e-04
4.743854e-04
5.132980e-04
5.498788e-04
5.839260e-04
6.152630e-04
6.437364e-04
6.692142e-04
6.915850e-04
7.107577e-04
7.266616e-04
7.392460e-04
7.484806e-04
7.543553e-04
7.568806e-04
7.560871e-04
7.520259e-04
7.447681e-04
7.344054e-04
7.210495e-04
7.048323e-04
6.859060e-04
6.644433e-04
6.406381e-04
6.147061e-04
5.868864e-04
5.574437e-04
5.266716e-04
4.948975e-04
4.624894e-04
4.298660e-04
3.975101e-04
3.659858e-04
3.359590e-04
3.082166e-04
2.836715e-04
2.633307e-04
2.481922e-04
2.390509e-04
2.362578e-04
2.395610e-04
2.481460e-04
2.608565e-04
2.764540e-04
2.937982e-04
3.119261e-04
3.300601e-04
3.475863e-04
3.640234e-04
3.789950e-04
3.922070e-04
4.034304e-04
4.124894e-04
4.192518e-04
4.236223e-04
4.255381e-04
4.249647e-04
4.218937e-04
4.163400e-04
4.083407e-04
3.979536e-04
3.852561e-04
3.703449e-04
3.533357e-04
3.343633e-04
3.135834e-04
2.911748e-04
2.673450e-04
2.423391e-04
2.164582e-04
1.900924e-04
1.637870e-04
1.383748e-04
1.152396e-04
9.675491e-05
8.650644e-05
8.769314e-05
9.989111e-05
1.195711e-04
1.433569e-04
1.691201e-04
1.956299e-04
2.221433e-04
2.481738e-04
2.733757e-04
2.974857e-04
3.202931e-04
3.416236e-04
3.613301e-04
3.792878e-04
3.953905e-04
4.095488e-04
4.216892e-04
4.317528e-04
4.396950e-04
4.454850e-04
4.491051e-04
4.505510e-04
4.498307e-04
4.469646e-04
4.419850e-04
4.349356e-04
4.258713e-04
4.148574e-04
4.019694e-04
3.872924e-04
3.709206e-04
3.529570e-04
3.335128e-04
3.127075e-04
2.906684e-04
2.675317e-04
2.434429e-04
2.185595e-04
1.930564e-04
1.671362e-04
1.410520e-04
1.151624e-04
9.007226e-05
6.704914e-05
4.926989e-05
4.354426e-05
5.347443e-05
7.244594e-05
9.469949e-05
1.179004e-04
1.410961e-04
1.638173e-04
1.857859e-04
2.068117e-04
2.267509e-04
2.454886e-04
2.629292e-04
2.789923e-04
2.936103e-04
3.067267e-04
3.182956e-04
3.282809e-04
3.366562e-04
3.434046e-04
3.485182e-04
3.519984e-04
3.538556e-04
3.541089e-04
3.527865e-04
3.499252e-04
3.455706e-04
3.397773e-04
3.326086e-04
3.241371e-04
3.144449e-04
3.036243e-04
2.917787e-04
2.790241e-04
2.654907e-04
2.513262e-04
2.366994e-04
2.218061e-04
2.068759e-04
1.921828e-04
1.780559e-04
1.648919e-04
1.531612e-04
1.433979e-04
1.361580e-04
1.319306e-04
1.310180e-04
1.334375e-04
1.389109e-04
1.469491e-04
1.569767e-04
1.684335e-04
1.808270e-04
1.937484e-04
2.068666e-04
2.199164e-04
2.326844e-04
2.449987e-04
2.567195e-04
2.677329e-04
2.779457e-04
