8.550716e-04
8.803806e-04
9.494949e-04
1.046568e-03
1.154552e-03
1.259338e-03
1.350414e-03
1.420346e-03
1.464190e-03
1.479113e-03
1.037914e-04
1.221240e-04
1.638279e-04
2.123916e-04
2.598508e-04
3.022797e-04
3.373207e-04
3.633949e-04
3.794485e-04
3.848672e-04
1.355076e-03
1.342734e-03
1.306547e-03
1.249073e-03
1.174737e-03
1.090077e-03
1.004037e-03
9.280135e-04
8.748366e-04
8.555956e-04
1.539531e-03
1.534276e-03
1.519043e-03
1.495403e-03
1.465884e-03
1.433803e-03
1.402989e-03
1.377359e-03
1.360369e-03
1.354419e-03
1.629718e-03
1.646300e-03
1.693140e-03
1.762491e-03
1.844003e-03
1.926962e-03
2.001788e-03
2.060778e-03
2.098386e-03
2.111291e-03
1.586352e-03
1.581988e-03
1.569355e-03
1.549800e-03
1.525471e-03
1.499146e-03
1.473981e-03
1.453143e-03
1.439380e-03
1.434569e-03
3.174657e-04
3.489579e-04
4.268510e-04
5.242005e-04
6.231835e-04
7.135951e-04
7.891701e-04
8.457978e-04
8.807974e-04
8.926316e-04
4.556833e-04
4.590453e-04
4.685911e-04
4.828501e-04
4.997861e-04
5.172003e-04
5.330460e-04
5.456232e-04
5.536783e-04
5.564485e-04
1.357761e-03
1.363899e-03
1.381421e-03
1.407844e-03
1.439593e-03
1.472629e-03
1.503010e-03
1.527331e-03
1.542998e-03
1.548402e-03
1.799148e-03
1.796125e-03
1.787390e-03
1.773925e-03
1.757266e-03
1.739364e-03
1.722371e-03
1.708393e-03
1.699208e-03
1.696006e-03
1.357604e-03
1.386241e-03
1.465578e-03
1.579418e-03
1.708737e-03
1.836380e-03
1.948720e-03
2.035719e-03
2.090551e-03
2.109261e-03
1.168707e-03
1.179991e-03
1.211896e-03
1.259210e-03
1.314927e-03
1.371736e-03
1.423053e-03
1.463557e-03
1.489400e-03
1.498271e-03
2.855262e-04
2.953746e-04
3.220542e-04
3.591053e-04
3.998941e-04
4.391592e-04
4.730957e-04
4.990563e-04
5.152960e-04
5.208176e-04
6.001251e-04
5.933863e-04
5.735407e-04
5.417272e-04
4.999449e-04
4.512518e-04
4.001310e-04
3.530215e-04
3.185370e-04
3.056518e-04
7.333743e-04
7.711336e-04
8.707598e-04
1.004408e-03
1.147282e-03
1.281954e-03
1.396721e-03
1.483725e-03
1.537861e-03
1.556222e-03
1.359252e-03
1.375906e-03
1.422771e-03
1.491720e-03
1.572174e-03
1.653497e-03
1.726429e-03
1.783678e-03
1.820074e-03
1.832545e-03
1.555859e-03
1.558741e-03
1.567011e-03
1.579596e-03
1.594899e-03
1.611025e-03
1.626032e-03
1.638164e-03
1.646035e-03
1.648760e-03
1.274090e-03
1.284338e-03
1.313399e-03
1.356716e-03
1.408034e-03
1.460666e-03
1.508452e-03
1.546314e-03
1.570535e-03
1.578860e-03
1.177829e-03
1.175981e-03
1.170644e-03
1.162419e-03
1.152250e-03
1.141329e-03
1.130970e-03
1.122455e-03
1.116862e-03
1.114913e-03
5.075407e-04
5.010426e-04
4.818428e-04
4.508439e-04
4.096267e-04
3.606268e-04
3.075476e-04
2.562679e-04
2.163378e-04
2.006195e-04
3.395108e-04
3.525782e-04
3.877525e-04
4.361749e-04
4.890694e-04
5.396944e-04
5.832756e-04
6.165281e-04
6.372970e-04
6.443534e-04
8.995892e-04
9.032639e-04
9.137621e-04
9.296164e-04
9.487029e-04
9.686012e-04
9.869340e-04
1.001631e-03
1.011108e-03
1.014379e-03
1.052233e-03
1.076638e-03
1.144005e-03
1.240139e-03
1.348739e-03
1.455436e-03
1.549015e-03
1.621310e-03
1.666807e-03
1.682320e-03
