6.576347e-06	-9.153310e-06
7.202428e-06	-6.292073e-06
6.930417e-06	-3.433129e-06
5.822890e-06	-8.386008e-07
4.016180e-06	1.266839e-06
1.703679e-06	2.715538e-06
-8.856490e-07	3.409886e-06
-3.511133e-06	3.327790e-06
-5.944158e-06	2.520391e-06
-7.989407e-06	1.102656e-06
-9.501542e-06	-7.618701e-07
-1.039585e-05	-2.880255e-06
-1.065208e-05	-5.051149e-06
-1.031141e-05	-7.085213e-06
-9.467243e-06	-8.822909e-06
-8.251269e-06	-1.014786e-05
-6.816384e-06	-1.099462e-05
-5.318728e-06	-1.135031e-05
-3.900796e-06	-1.125029e-05
-2.677521e-06	-1.076880e-05
-1.726768e-06	-1.000578e-05
-1.085103e-06	-9.071949e-06
-7.490455e-07	-8.073753e-06
-6.813437e-07	-7.100331e-06
-8.211933e-07	-6.213897e-06
-1.096869e-06	-5.444718e-06
-1.438957e-06	-4.791140e-06
-1.792335e-06	-4.224510e-06
-2.125227e-06	-3.698133e-06
-2.434072e-06	-3.158947e-06
-2.743495e-06	-2.560154e-06
-3.101347e-06	-1.872951e-06
-3.569444e-06	-1.095568e-06
-4.211254e-06	-2.581637e-07
-5.078249e-06	5.773534e-07
-6.196870e-06	1.322829e-06
-7.558080e-06	1.874239e-06
-9.111194e-06	2.125771e-06
-1.076323e-05	1.985896e-06
-1.238427e-05	1.393329e-06
-1.381868e-05	3.306738e-07
-1.490103e-05	-1.166282e-06
-1.547518e-05	-3.005220e-06
-1.541411e-05	-5.040821e-06
-1.463821e-05	-7.085258e-06
-1.312942e-05	-8.924889e-06
-1.093935e-05	-1.034151e-05
-8.189784e-06	-1.113590e-05
-5.065113e-06	-1.115096e-05
-1.797105e-06	-1.029161e-05
1.356690e-06	-8.538940e-06
4.138616e-06	-5.956562e-06
6.317871e-06	-2.688091e-06
7.715638e-06	1.054384e-06
8.225373e-06	5.009854e-06
7.825687e-06	8.893970e-06
6.584074e-06	1.242787e-05
4.650770e-06	1.536695e-05
2.243228e-06	1.752622e-05
-3.771838e-07	1.879915e-05
-2.933630e-06	1.916764e-05
-5.164094e-06	1.870191e-05
-6.849872e-06	1.754996e-05
-7.838809e-06	1.591804e-05
-8.060378e-06	1.404428e-05
-7.530686e-06	1.216874e-05
-6.346720e-06	1.050374e-05
-4.670524e-06	9.208054e-06
-2.705288e-06	8.368557e-06
-6.664369e-07	7.991539e-06
1.248484e-06	8.005106e-06
2.887095e-06	8.272361e-06
4.162872e-06	8.613766e-06
5.066290e-06	8.835748e-06
5.664641e-06	8.761717e-06
6.090264e-06	8.261220e-06
6.518470e-06	7.273033e-06
7.137903e-06	5.818701e-06
8.117258e-06	4.004185e-06
9.572894e-06	2.008791e-06
1.154203e-05	6.228794e-08
1.396565e-05	-1.587266e-06
1.668411e-05	-2.711032e-06
1.944709e-05	-3.137355e-06
2.193727e-05	-2.784974e-06
2.380579e-05	-1.686562e-06
2.471549e-05	1.300521e-09
2.438670e-05	2.004107e-06
2.263989e-05	3.951804e-06
1.942933e-05	5.415929e-06
1.486281e-05	5.957883e-06
9.203875e-06	5.183087e-06
2.854928e-06	2.794692e-06
-3.677968e-06	-1.359799e-06
-9.835758e-06	-7.255199e-06
-1.506743e-05	-1.467352e-05
-1.889490e-05	-2.321015e-05
-2.097440e-05	-3.230199e-05
-2.114701e-05	-4.127575e-05
-1.947183e-05	-4.941214e-05
-1.623704e-05	-5.601963e-05
-1.194638e-05	-6.051017e-05
-7.281031e-06	-6.246856e-05
-3.039939e-06	-6.170763e-05
-6.386372e-08	-5.830257e-05
8.494725e-07	-5.259982e-05
-9.694129e-07	-4.519851e-05
-5.985103e-06	-3.690520e-05
-1.439739e-05	-2.866579e-05
-2.610485e-05	-2.148058e-05
-4.069628e-05	-1.631073e-05
-5.747171e-05	-1.398515e-05
-7.549148e-05	-1.511706e-05
-9.364937e-05	-2.003870e-05
-1.107630e-04	-2.876065e-05
-1.256731e-04	-4.096018e-05
-1.373424e-04	-5.600002e-05
-1.449447e-04	-7.297575e-05
-1.479358e-04	-9.078781e-05
-1.461004e-04	-1.082311e-04
-1.395695e-04	-1.240939e-04
-1.288083e-04	-1.372574e-04
-1.145757e-04	-1.467860e-04
-9.785934e-05	-1.520013e-04
-7.979235e-05	-1.525331e-04
-6.156051e-05	-1.483429e-04
-4.430742e-05	-1.397200e-04
-2.904652e-05	-1.272497e-04
-1.658730e-05	-1.117590e-04
-7.481560e-06	-9.424384e-05
-1.993492e-06	-7.578640e-05
-9.505648e-08	-5.746884e-05
-1.485714e-06	-4.029191e-05
-5.633520e-06	-2.510455e-05
-1.183281e-05	-1.255014e-05
-1.927253e-05	-3.032762e-06
-2.710868e-05	3.294867e-06
-3.453445e-05	6.522349e-06
-4.084223e-05	6.953659e-06
-4.547283e-05	5.064115e-06
-4.804864e-05	1.447052e-06
-4.838939e-05	-3.244479e-06
-4.651022e-05	-8.355656e-06
-4.260411e-05	-1.328264e-05
-3.701107e-05	-1.751614e-05
-3.017821e-05	-2.067305e-05
-2.261446e-05	-2.251442e-05
-1.484455e-05	-2.294981e-05
-7.365895e-06	-2.202875e-05
-6.117825e-07	-1.992138e-05
5.076683e-06	-1.689102e-05
9.468507e-06	-1.326170e-05
1.245009e-05	-9.383861e-06
1.402235e-05	-5.601347e-06
1.428900e-05	-2.222267e-06
1.343779e-05	5.042964e-07
1.171696e-05	2.404349e-06
9.409332e-06	3.387279e-06
6.806352e-06	3.446470e-06
4.184059e-06	2.652968e-06
1.782794e-06	1.143397e-06
-2.082291e-07	-8.963489e-07
-1.660787e-06	-3.249948e-06
-2.511736e-06	-5.690308e-06
-2.761631e-06	-7.998459e-06
-2.468509e-06	-9.980312e-06
-1.737792e-06	-1.148022e-05
-7.094465e-07	-1.239061e-05
4.564152e-07	-1.265736e-05
1.594270e-06	-1.228080e-05
2.547175e-06	-1.131279e-05
3.179076e-06	-9.850155e-06
3.384690e-06	-8.025443e-06
3.096467e-06	-5.995685e-06
2.288378e-06	-3.930110e-06
9.764736e-07	-1.997689e-06
-7.835785e-07	-3.553509e-07
-2.901637e-06	8.624075e-07
-5.260393e-06	1.551936e-06
-7.724233e-06	1.646438e-06
-1.014899e-05	1.119316e-06
-1.239191e-05	-1.520798e-08
-1.432116e-05	-1.704104e-06
-1.582427e-05	-3.859930e-06
-1.681507e-05	-6.367213e-06
-1.723866e-05	-9.090345e-06
-1.707423e-05	-1.188241e-05
-1.633557e-05	-1.459439e-05
-1.506945e-05	-1.708410e-05
-1.335183e-05	-1.922440e-05
-1.128245e-05	-2.091007e-05
-8.978070e-06	-2.206316e-05
-6.564851e-06	-2.263631e-05
-4.170421e-06	-2.261417e-05
-1.916127e-06	-2.201270e-05
9.004967e-08	-2.087670e-05
1.759471e-06	-1.927557e-05
3.027395e-06	-1.729788e-05
3.855856e-06	-1.504504e-05
4.234771e-06	-1.262452e-05
4.181264e-06	-1.014314e-05
3.737343e-06	-7.700761e-06
2.966130e-06	-5.384886e-06
1.946979e-06	-3.266388e-06
7.698130e-07	-1.396597e-06
-4.708976e-07	1.941274e-07
-1.682135e-06	1.496340e-06
-2.777921e-06	2.520058e-06
-3.684176e-06	3.292101e-06
-4.342563e-06	3.852461e-06
-4.713160e-06	4.250021e-06
-4.775842e-06	4.537935e-06
-4.530363e-06	4.769016e-06
-3.995232e-06	4.991438e-06
-3.205502e-06	5.245027e-06
-2.209709e-06	5.558370e-06
-1.066177e-06	5.946890e-06
1.610145e-07	6.411969e-06
1.406138e-06	6.941138e-06
2.605750e-06	7.509261e-06
3.702198e-06	8.080605e-06
4.646542e-06	8.611611e-06
5.400736e-06	9.054173e-06
5.939005e-06	9.359188e-06
6.248394e-06	9.480146e-06
6.328519e-06	9.376534e-06
6.190599e-06	9.016858e-06
5.855903e-06	8.381103e-06
5.353734e-06	7.462512e-06
4.719132e-06	6.268593e-06
3.990454e-06	4.821326e-06
3.206986e-06	3.156560e-06
2.406748e-06	1.322683e-06
1.624582e-06	-6.213801e-07
8.906409e-07	-2.608698e-06
2.293188e-07	-4.567266e-06
-3.413567e-07	-6.423182e-06
-8.098705e-07	-8.103912e-06
-1.170951e-06	-9.541492e-06
-1.424947e-06	-1.067551e-05
-1.576934e-06	-1.145579e-05
-1.635635e-06	-1.184453e-05
-1.612268e-06	-1.181809e-05
-1.519396e-06	-1.136798e-05
-1.369877e-06	-1.050143e-05
-1.175983e-06	-9.241203e-06
-9.487398e-07	-7.624849e-06
-6.975207e-07	-5.703417e-06
-4.299038e-07	-3.539623e-06
-1.517854e-07	-1.205601e-06
1.322859e-07	1.219689e-06
4.185982e-07	3.653310e-06
7.036535e-07	6.011334e-06
9.834999e-07	8.211875e-06
1.253094e-06	1.017805e-05
1.505765e-06	1.184078e-05
1.732842e-06	1.314131e-05
1.923505e-06	1.403338e-05
2.064890e-06	1.448496e-05
2.142464e-06	1.447947e-05
2.140681e-06	1.401645e-05
2.043881e-06	1.311168e-05
1.837393e-06	1.179660e-05
1.508786e-06	1.011724e-05
1.049173e-06	8.132524e-06
4.544887e-07	5.912054e-06
-2.733521e-07	3.533460e-06
-1.125525e-06	1.079395e-06
-2.085672e-06	-1.365728e-06
-3.129676e-06	-3.719104e-06
-4.225872e-06	-5.902896e-06
-5.335755e-06	-7.847426e-06
-6.415171e-06	-9.494063e-06
-7.415984e-06	-1.079767e-05
-8.288153e-06	-1.172847e-05
-8.982139e-06	-1.227326e-05
-9.451532e-06	-1.243584e-05
-9.655748e-06	-1.223668e-05
-9.562661e-06	-1.171175e-05
-9.150988e-06	-1.091056e-05
-8.412280e-06	-9.893575e-06
-7.352359e-06	-8.728889e-06
-5.992073e-06	-7.488609e-06
-4.367274e-06	-6.244879e-06
-2.527946e-06	-5.065882e-06
-5.364831e-07	-4.012004e-06
1.534853e-06	-3.132388e-06
3.607204e-06	-2.462081e-06
5.598974e-06	-2.019987e-06
7.430075e-06	-1.807757e-06
9.026354e-06	-1.809739e-06
1.032391e-05	-1.994027e-06
1.127306e-05	-2.314601e-06
1.184168e-05	-2.714463e-06
1.201761e-05	-3.129622e-06
1.181005e-05	-3.493703e-06
1.124959e-05	-3.742908e-06
1.038703e-05	-3.821008e-06
9.290672e-06	-3.684029e-06
8.042527e-06	-3.304280e-06
6.733295e-06	-2.673402e-06
5.456575e-06	-1.804150e-06
4.302571e-06	-7.306964e-07
3.351715e-06	4.926756e-07
2.668644e-06	1.794506e-06
2.296993e-06	3.090628e-06
2.255430e-06	4.289956e-06
2.535318e-06	5.301257e-06
3.100287e-06	6.040460e-06
3.887904e-06	6.437994e-06
4.813457e-06	6.445572e-06
5.775734e-06	6.041844e-06
6.664499e-06	5.236356e-06
7.369207e-06	4.071364e-06
7.788360e-06	2.621129e-06
7.838803e-06	9.885346e-07
7.464176e-06	-7.009622e-07
6.641768e-06	-2.307803e-06
5.387030e-06	-3.688754e-06
3.755164e-06	-4.708598e-06
1.839372e-06	-5.252243e-06
-2.343838e-07	-5.236245e-06
-2.316017e-06	-4.618703e-06
-4.242885e-06	-3.406504e-06
-5.853583e-06	-1.659019e-06
-7.002920e-06	5.124413e-07
-7.576880e-06	2.949802e-06
-7.506170e-06	5.458052e-06
-6.776989e-06	7.819333e-06
-5.437723e-06	9.810468e-06
-3.600501e-06	1.122271e-05
-1.436914e-06	1.188214e-05
8.323479e-07	1.166895e-05
2.953635e-06	1.053368e-05
4.661391e-06	8.508597e-06
5.702672e-06	5.712719e-06
5.863217e-06	2.349217e-06
4.992765e-06	-1.305252e-06
3.027153e-06	-4.919206e-06
4.727798e-09	-8.132046e-06
-3.925100e-06	-1.058515e-05
-8.502866e-06	-1.195595e-05
-1.337056e-05	-1.199215e-05
-1.809373e-05	-1.054269e-05
-2.219314e-05	-7.582393e-06
-2.518423e-05	-3.227109e-06
-2.662117e-05	2.263015e-06
-2.614215e-05	8.493611e-06
-2.351151e-05	1.495999e-05
-1.865463e-05	2.108393e-05
-1.168139e-05	2.626119e-05
-2.895024e-06	2.991625e-05
7.215946e-06	3.155982e-05
1.800352e-05	3.084393e-05
2.870304e-05	2.760923e-05
3.849050e-05	2.191924e-05
4.655036e-05	1.407719e-05
5.214849e-05	4.622452e-06
5.470380e-05	-5.695075e-06
5.385201e-05	-1.596192e-05
4.949485e-05	-2.516676e-05
4.182928e-05	-3.228040e-05
3.135242e-05	-3.634355e-05
1.884009e-05	-3.655515e-05
5.299137e-06	-3.235298e-05
-8.103724e-06	-2.347888e-05
-2.013167e-05	-1.002156e-05
-2.957884e-05	7.568192e-06
-3.537439e-05	2.849281e-05
-3.667993e-05	5.165400e-05
-3.297157e-05	7.572695e-05
-2.409810e-05	9.925721e-05
-1.030923e-05	1.207726e-04
7.749847e-06	1.389004e-04
2.907832e-05	1.524801e-04
5.239149e-05	1.606604e-04
7.621873e-05	1.629724e-04
9.901960e-05	1.593708e-04
1.193078e-04	1.502401e-04
1.357717e-04	1.363631e-04
1.473816e-04	1.188552e-04
1.534713e-04	9.907031e-05
1.537899e-04	7.848578e-05
1.485155e-04	5.857796e-05
1.382324e-04	4.069934e-05
1.238725e-04	2.596866e-05
1.066270e-04	1.518418e-05
8.783748e-05	8.767719e-06
6.887604e-05	6.744411e-06
5.102707e-05	8.759209e-06
3.538077e-05	1.412777e-05
2.274887e-05	2.191595e-05
1.360990e-05	3.103939e-05
8.088147e-06	4.037280e-05
5.967407e-06	4.885803e-05
6.736563e-06	5.560017e-05
9.661329e-06	5.994263e-05
1.387371e-05	6.151462e-05
1.846933e-05	6.024738e-05
2.260222e-05	5.635903e-05
2.556757e-05	5.031120e-05
2.686415e-05	4.274337e-05
2.623128e-05	3.439299e-05
2.365751e-05	2.601077e-05
1.936193e-05	1.828037e-05
1.375156e-05	1.175099e-05
7.361141e-06	6.789566e-06
7.828066e-07	3.556440e-06
-5.405623e-06	2.006049e-06
-1.070566e-05	1.910791e-06
-1.474940e-05	2.904001e-06
-1.733195e-05	4.535835e-06
-1.842235e-05	6.334739e-06
-1.815318e-05	7.866919e-06
-1.679117e-05	8.786834e-06
-1.469365e-05	8.873209e-06
-1.225689e-05	8.047043e-06
-9.863128e-06	6.370467e-06
-7.832871e-06	4.027677e-06
-6.388162e-06	1.291301e-06
-5.630783e-06	-1.520808e-06
-5.537426e-06	-4.092413e-06
-5.971629e-06	-6.153230e-06
-6.710205e-06	-7.515195e-06
-7.480175e-06	-8.096339e-06
-8.001048e-06	-7.929652e-06
-8.026829e-06	-7.156303e-06
-7.382341e-06	-6.004552e-06
-5.989353e-06	-4.757464e-06
-3.879412e-06	-3.713813e-06
-1.192031e-06	-3.147297e-06
1.841262e-06	-3.269268e-06
4.924765e-06	-4.199581e-06
7.734679e-06	-5.949084e-06
9.958845e-06	-8.415737e-06
1.133523e-05	-1.139465e-05
1.168447e-05	-1.460064e-05
1.093276e-05	-1.770044e-05
9.122279e-06	-2.035059e-05
6.408386e-06	-2.223650e-05
3.043846e-06	-2.310806e-05
-6.477003e-07	-2.280791e-05
-4.305887e-06	-2.128904e-05
-7.571360e-06	-1.862019e-05
-1.012281e-05	-1.497862e-05
-1.170919e-05	-1.063139e-05
-1.217377e-05	-5.907489e-06
-1.146761e-05	-1.164302e-06
-9.651332e-06	3.247956e-06
-6.885604e-06	7.019752e-06
-3.411594e-06	9.910269e-06
4.758671e-07	1.176717e-05
4.459283e-06	1.253637e-05
8.230117e-06	1.226138e-05
1.151762e-05	1.107266e-05
1.411195e-05	9.169028e-06
1.587951e-05	6.793239e-06
1.676931e-05	4.205079e-06
1.681030e-05	1.654808e-06
1.610076e-05	-6.400807e-07
1.479126e-05	-2.512529e-06
1.306386e-05	-3.856511e-06
1.110999e-05	-4.629958e-06
9.109750e-06	-4.850346e-06
7.214774e-06	-4.584110e-06
5.536477e-06	-3.931666e-06
4.140479e-06	-3.010263e-06
3.047387e-06	-1.936939e-06
2.239234e-06	-8.137242e-07
1.670258e-06	2.832023e-07
1.280200e-06	1.309308e-06
1.008141e-06	2.252057e-06
8.048745e-07	3.126163e-06
6.421468e-07	3.964726e-06
5.175537e-07	4.807775e-06
4.545123e-07	5.689993e-06
4.974108e-07	6.629532e-06
7.026898e-07	7.619584e-06
1.127160e-06	8.624055e-06
1.815249e-06	9.578084e-06
2.787021e-06	1.039354e-05
4.028785e-06	1.096898e-05
5.487771e-06	1.120282e-05
7.071911e-06	1.100827e-05
8.655130e-06	1.032792e-05
1.008786e-05	9.146214e-06
1.121184e-05	7.497889e-06
1.187766e-05	5.471045e-06
1.196311e-05	3.204052e-06
1.139016e-05	8.761617e-07
1.013850e-05	-1.307538e-06
8.253692e-06	-3.135507e-06
5.848782e-06	-4.411566e-06
3.098484e-06	-4.976846e-06
2.262810e-07	-4.729426e-06
-2.514746e-06	-3.639339e-06
-4.865622e-06	-1.756986e-06
-6.587444e-06	7.863659e-07
-7.486945e-06	3.786562e-06
-7.438900e-06	6.982654e-06
