-0.000000e+00 1.000000e+00 -0.000000e+00 1.000000e+00 -0.000000e+00 1.000000e+00
-0.000000e+00 1.000000e+00 -6.218627e-02 9.397078e-01 -6.218627e-02 9.397078e-01
-0.000000e+00 1.000000e+00 -7.623385e-02 9.265995e-01 -7.623385e-02 9.265995e-01
-0.000000e+00 1.000000e+00 -9.579305e-02 9.086520e-01 -9.579305e-02 9.086520e-01
-0.000000e+00 1.000000e+00 -2.558368e-01 7.742683e-01 -2.558368e-01 7.742683e-01
-0.000000e+00 1.000000e+00 -2.186690e-01 8.035876e-01 -2.186690e-01 8.035876e-01
-0.000000e+00 1.000000e+00 -2.067916e-01 8.131891e-01 -2.067916e-01 8.131891e-01
-0.000000e+00 1.000000e+00 -3.169142e-01 7.283932e-01 -3.169142e-01 7.283932e-01
-0.000000e+00 1.000000e+00 -4.267548e-01 6.526236e-01 -4.267548e-01 6.526236e-01
-0.000000e+00 1.000000e+00 -4.829380e-01 6.169681e-01 -4.829380e-01 6.169681e-01
-0.000000e+00 1.000000e+00 -4.732678e-01 6.229632e-01 -4.732678e-01 6.229632e-01
