0.000943182155971471
0.00162616728490154
0.000429005136309852
0.00104962125353687
0.00128408877840617
0.000797122620742537
0.00054996113551657
0.0015346826624457
0.00132206855696462
0.000156422577686689
0.000596982279284198
0.00147812119590528
0.00112483208002635
0.000244740124054603
0.000867026356677756
0.00154541341380044
0.00125713910798758
0.000912383780955778
0.000366555989365647
0.00108459161232147
0.00156516756860326
0.00166425369688163
0.000797314012055047
0.000253617917147864
0.0011954723923426
0.00134005026247644
0.00147915319308125
0.00155831262788662
0.000428736345818105
8.41092932486331e-05
0.000752302981387831
0.00144208426511409
0.00143928404304519
0.00123262083415101
0.00109234001882802
0.000532878988718687
0.000289433120147953
0.000595590633801038
0.000992018404825594
0.0013245879404027
0.00155240990677395
0.000647221574731235
0.000830914125392811
0.000559542873102349
0.000134963378510064
0.000502612269058096
0.000979761880607619
0.000694972372255025
0.000751128462401931
0.000941232535610846
0.000928941872216193
0.000596802930309921
0.000779432524704972
0.000897496948007065
0.000693706427508401
0.00037987848963815
0.000282859364731798
0.000480028813264429
0.000624238362195738
0.000228787171411192
0.000859870809621281
0.00103079210911066
0.00103820289845586
0.00100123541414622
0.000948029324671479
0.000884813972313154
0.000839835620708886
0.000869511764008545
0.000807235071294024
0.000351092744977135
0.000127309229623323
0.000344473319927019
0.000511452936975727
0.000632493170249035
0.000793246052724885
0.00102268839307782
0.00125644444166989
0.00143811393685093
0.00146134542536454
0.00132477754320881
0.00114631536275688
0.000976725824436886
0.000819169019656212
0.000672931585265636
0.000544000787057974
0.000445374160526464
0.000398152463983229
0.000481343173276777
0.000665701389361416
0.000799631630909815
0.00089952072360363
0.000984601478309857
0.00105745954521571
0.00111732113651287
0.00116394073093167
0.00119839344279132
0.00122304762545468
0.00124187423792825
0.00126075882819973
0.00128608139263269
0.000933827342732018
0.00164403909949209
0.00046494167321474
0.00105600918890346
0.0013132551936886
0.000802519143814891
0.000561848860774044
0.00154166489619564
0.0013254931863517
0.00017157717247143
0.000630985732088045
0.00147525569813406
0.00111702036211869
0.000270727484839286
0.000868068257566182
0.00153856400370466
0.00124389032026761
0.000908968202531968
0.000381379101966249
0.00107199650566467
0.00155338546949771
0.00164848373010612
0.000816462448966079
0.0002573604594138
0.00118029648850065
0.00132728555979037
0.0014859148842243
0.00155472905389966
0.000461927558474268
0.000137282095411704
0.000750093519482328
0.00143491876683489
0.00143899332007403
0.00125901372288746
0.00110501290878454
0.000545391553134584
0.000290588447447614
0.000592250522323818
0.0010090800400006
0.00133356873317108
0.00155306834445618
0.000690156187649271
0.000855138037855549
0.000581005245906349
0.000150917415144549
0.000502401765748587
0.000976526877996155
0.000718508208855584
0.000791668468010822
0.000967970554768157
0.000941486585089681
0.000612983497838151
0.00077894689409736
0.000887857318800581
0.000683902595610666
0.000387445646232627
0.000318179349716164
0.000499175144625837
0.000637943718315121
0.000290664579598942
0.000868274138026223
0.00103244669714438
0.00103510964714485
0.000990684945021361
0.000934719394554749
0.000874439258537429
0.000831201171547974
0.000860028816100806
0.000799330532005099
0.000360352197958896
0.000177514474748217
0.000366907278269953
0.000520589146921615
0.00063220028424239
0.000786708039338412
0.00101156711090336
0.00124149576043063
0.00142016340898973
0.00144293794539467
0.0013087397559711
0.00113417034847583
0.000969925815900762
0.000818449948986959
0.000676750942709417
0.000549480068356919
0.000449876777522762
0.000399779414225487
0.000478043253470327
0.000657938241346229
0.00078957118737356
0.000887962906655708
0.000971666959774988
0.00104329403306111
0.00110257918588375
0.00114992178224836
0.00118637432193769
0.00121337559873299
0.0012339680181389
0.00125365379025099
0.00127878892457342
0.000906352122241349
0.0016944464745921
0.00055558259997341
0.00107419037229738
0.00139383200056839
0.000817858960892708
0.000594752608723638
0.00156159508426747
0.00133530496000794
0.000209168104271719
0.000719980668797465
0.00146697356492162
0.00109421598651108
0.000334461637578257
0.000871061331194226
0.00151866938872554
0.00120492860712958
0.000899060967044591
0.000421156710571346
0.00103487454756017
0.00151894992485212
0.00160220924292257
0.000869245459226369
0.000267844772142889
0.00113546694275563
0.00128982571381219
0.00150521476097746
0.00154436412203209
0.000546349773504633
0.00022965734965914
0.000743694966828211
0.00141408375960124
0.00143815588840625
0.0013320916094229
0.00114071697963967
0.000579914139539338
0.000293889714545254
0.0005825261000592
0.00105666954696764
0.00135909649052104
0.00155496268300997
0.000801030135587706
0.000921337702350904
0.00063878884594303
0.000189496189820166
0.00050179515242491
0.000967151626266049
0.000782332311089474
0.000898237219375092
0.00104113147194828
0.000976708170595263
0.000657352891507451
0.000777546882476387
0.000859497502967986
0.000654854352463359
0.000408452163013484
0.000402943720363637
0.000550598774200827
0.00067585625643207
0.000420756512481834
0.000892028530583991
0.00103719615177911
0.00102615090858456
0.000959658470723398
0.000895290511939417
0.000843854371884107
0.000805822703077325
0.000832120396802863
0.00077612081715992
0.000385774440407228
0.000274912308153726
0.000424939169834775
0.000546042716681037
0.000631356193748664
0.000767571610845411
0.000978839191583267
0.00119741089552418
0.00136716121912012
0.00138857352351632
0.00126142246613827
0.0010984504518775
0.000950074182619067
0.000816375930110011
0.000687629870683538
0.00056496030931752
0.000462596840129855
0.000404427477916548
0.000468411690106891
0.000635055342921152
0.000759859726070591
0.000853810123730984
0.000933422986603997
0.00100138752366764
0.00105898587146917
0.00110856611785498
0.00115106592077902
0.00118508531209789
0.00121091469173323
0.00123296699749292
0.00125755493549503
0.000862561749603222
0.00176889099515521
0.000671112648401375
0.00110146360237479
0.00150895984295741
0.000840818260148623
0.000641900803728597
0.00159164590629482
0.00135019917393562
0.000256279973590362
0.000838196837023395
0.0014541931089947
0.00105832495904538
0.000413472028459937
0.000875627141379133
0.00148767310411396
0.00114266183579585
0.000883666776501825
0.000475690845096936
0.000975263477835666
0.00146462201094348
0.00152859781799608
0.000944408777767627
0.000283155682548651
0.00106312367505378
0.00123022339814993
0.00153431306064349
0.0015283477848084
0.000654912988017361
0.000323534192836222
0.000733783598195554
0.00138155334061927
0.00143687192195288
0.00143686217814633
0.00119334853150457
0.000629142040924328
0.000298876827813876
0.000567304183953788
0.00112568518352117
0.00139730295340985
0.00155786050999595
0.000946020731822342
0.00101441610254173
0.000718358605898709
0.000236705155398599
0.000500864341824014
0.000952608952489857
0.000871092607650358
0.00104055068828262
0.00114418225621927
0.00102833342174228
0.000720046919832549
0.000775397037131698
0.00081413378035866
0.000607662346270689
0.000438689213331814
0.000505977674580927
0.000621181171758275
0.000730133034384584
0.000564651300638381
0.000927242726864126
0.00104443084635318
0.00101227154594647
0.000910073727219727
0.000831262203286662
0.000794715725050139
0.000765309971670985
0.000787445957364527
0.000739149175021223
0.000421761669814427
0.000378270893744991
0.000500975427062632
0.000582887837684492
0.000630060778634288
0.000737290108682008
0.00092645725644623
0.00112652757899966
0.00128171280163483
0.00130088302705461
0.00118526981849474
0.00104135049956909
0.000918828153907576
0.000813188088432079
0.00070397133131343
0.00058788727720966
0.000481433656469027
0.000411446886717728
0.000453258461710555
0.000598301512006654
0.000711938044353832
0.000798657173553475
0.000871580874016158
0.000933541226225862
0.000988474920954248
0.00104202677199524
0.00109476367337148
0.00114038157871412
0.00117471773475805
0.00120058179418947
0.00122430844463424
0.000805600584009906
0.001856137487472
0.000790087147602447
0.0011340237254787
0.00163917881343964
0.00086815316446859
0.000695384433156104
0.00162775119492865
0.00136824822313856
0.000304266753335726
0.000963603063542324
0.00143836047686559
0.00101256214321461
0.00049340580899612
0.000881195628312991
0.00144874510908528
0.00106130277758678
0.00086440867116324
0.000535048886958655
0.000896744063713732
0.00139509257567779
0.00143314561754853
0.00102914017870035
0.0003008750859179
0.000967018241163567
0.00115290983947792
0.00156927070131713
0.00150846860956619
0.000767389199684
0.000410339189117731
0.000721439565341527
0.00134057123141972
0.00143529533528418
0.00155577608148344
0.0012548996053459
0.000684712301402124
0.000304883037973856
0.000548054646120605
0.00120495881461728
0.00144278902508313
0.00156140787610353
0.0010980350488527
0.0011180606765416
0.000805298610806719
0.000284096476365396
0.000499720165736724
0.000934460681513987
0.000968931506984205
0.00119214360029006
0.00125912653765171
0.0010883218228006
0.00079018816780739
0.000772751693102501
0.00075477249148332
0.000544212259993105
0.000473148754845431
0.000609008908750507
0.000698083984625607
0.000791647314996841
0.000701974691752188
0.000968692634015243
0.00105323764583418
0.000994981608637544
0.000845285929890773
0.000745244487787054
0.000729934392673017
0.000712474557057587
0.000728914791685919
0.000691100804592725
0.000462094670361549
0.000475294340101659
0.000580808524117199
0.000625126201140237
0.000628468070108702
0.000698353399033051
0.000857844043861995
0.00103295450429229
0.00116839121254478
0.0011844814612196
0.00108457671792116
0.000966711849076667
0.000878983590618104
0.000809260471853799
0.000723513200692326
0.000614844890608571
0.000503579057104149
0.000419897239509894
0.000433948218712725
0.00054987134822083
0.000648333763945398
0.000725296784602958
0.000789128999346137
0.000842889802537933
0.000894420819181496
0.000954087432901729
0.00102146925314299
0.00108302721233644
0.00112873139808125
0.00115962091870736
0.0011822494172352
0.000740184860607124
0.00194468891126516
0.000899577807979952
0.0011676767137033
0.0017672475962767
0.00089632724181652
0.000748112662823411
0.00166531410331035
0.00138719771425556
0.000348142781984799
0.0010811980404888
0.00142131804745199
0.000961473018534205
0.000566208198703807
0.000887083097107264
0.00140613563663407
0.000967234834236565
0.000843431804759336
0.000591712111014338
0.000804815232186245
0.00131707562783425
0.00132403098923796
0.00111224232208792
0.000318651297055992
0.000852933193978884
0.00106448481789603
0.00160563613593671
0.00148702177751595
0.000871279630918072
0.00048597376389018
0.000708067000977056
0.00129553589298611
0.0014336156625011
0.00167306431994354
0.00131724576963174
0.000739275227304672
0.000311147398984836
0.000526797728971137
0.00128395551077377
0.00148966962102699
0.00156517407388506
0.0012394952190497
0.00121871402404363
0.000888523517093246
0.000327072296913296
0.000498499674607434
0.000914752324280174
0.00106320640648473
0.0013346867204586
0.00137090303515044
0.00114872455845244
0.00085856010345552
0.000769926594190512
0.000685982647026341
0.000467322061581985
0.000507255187832916
0.000702241366858183
0.000771548844772085
0.000852246709928027
0.000823327855586974
0.00101093781233903
0.00106252947641207
0.000976245774730986
0.00077037896099886
0.000641154314499116
0.000653985157140184
0.000651559419299964
0.000660958662884407
0.000635994315206927
0.000501465760517554
0.000560388692419115
0.000655166571271814
0.0006671446203393
0.00062676869985939
0.000654378137756424
0.000778211211578044
0.000923015312464262
0.00103424823288082
0.0010464842874477
0.000965960887148421
0.000880360057522796
0.000834494985505179
0.000805059744265872
0.000743745489245097
0.000642291094966155
0.000526122903741862
0.000428707011208007
0.000412406807660311
0.000493136510398399
0.000572944112648545
0.000638030276188827
0.000690657773440558
0.000734229041576983
0.000782003217026494
0.000850576448271811
0.000937196286573838
0.0010184506121361
0.00107764057586285
0.00111437886613752
0.00113578179634365
0.000672943650650234
0.00202437298471788
0.000991506806115041
0.00119843925599816
0.00187965726698176
0.000922017947114668
0.00079447808297351
0.00169985538333463
0.00140477147225472
0.000384840524075034
0.00118107837556564
0.00140511503271937
0.000910857145935751
0.000626962437719609
0.000892580117306952
0.00136488408116025
0.000869615282346158
0.000823233009645901
0.000640405148048944
0.000707628873476926
0.00123929571499522
0.00121258118589178
0.00118503356531974
0.000334495629092297
0.000729648794745943
0.00097410441747312
0.00163907332568663
0.00146658254507692
0.000958698783336428
0.000547607866434466
0.000695266535461163
0.00125174072537
0.00143203549088717
0.00177623492685969
0.00137325479043983
0.000787108054678597
0.000316921145610483
0.000506009590079067
0.00135399422678647
0.00153241646007317
0.00156870490166735
0.00135907105830355
0.00130624787836555
0.000960177486888215
0.000362846750983222
0.000497350058527049
0.000895837465005691
0.0011447418036019
0.00145597021624602
0.00146820357381278
0.00120272310816065
0.00091818038806542
0.000767262389565838
0.000614361370530006
0.000381186786356604
0.000537335410987904
0.000779757257798886
0.000834711220310927
0.000905502997248138
0.000922933439817437
0.00104908608087702
0.00107118748780629
0.000958306074004646
0.000692645549935536
0.000524853647186263
0.000573522205084151
0.00058860030461584
0.000590010162463998
0.000579454560901618
0.000535832517884805
0.000629961369664301
0.000718056682497024
0.000704348266469912
0.00062516760432414
0.000610173346479578
0.000695115850339634
0.000806156243376021
0.000889954901606961
0.000897679812499211
0.000839358415649965
0.000790667292275288
0.000790410562300248
0.000801092276816225
0.000762268370744379
0.000667053700593436
0.000546460255658575
0.000436823594391756
0.000391084643544473
0.000433102087518401
0.000491676567157788
0.000543401120923249
0.000583163371339626
0.000614862816939031
0.00065911680593778
0.000740231943664187
0.000850428606145482
0.000953792140327747
0.00102731787846081
0.00107012349187205
0.00109031316870705
0.000612692222358465
0.00208708228844467
0.00106056867199755
0.00122294470919084
0.00196654611010439
0.000942443187403949
0.000830362210465421
0.00172750276644281
0.00141893670131417
0.0004123473753875
0.0012566415174515
0.00139176665186468
0.000867412147773096
0.000672440651372016
0.000897036406078239
0.00133030940290486
0.000781059448438423
0.000806392545599686
0.000677515725940847
0.000617180803780865
0.00117207620483439
0.00111350346360241
0.00124121908705644
0.000346876987529
0.000611010747895038
0.000893688230584463
0.00166583506337603
0.00144970713298683
0.00102445902994489
0.000593132574609322
0.000684654453448783
0.00121487102087373
0.00143074603193544
0.00185610220044303
0.00141727704048003
0.000824049991299218
0.000321551250073363
0.000488408727535995
0.00140851587391883
0.00156640112364765
0.00157157738962049
0.00144926881165517
0.00137348476040172
0.00101485403053568
0.000389587332102803
0.000496410913085362
0.000880117214854132
0.00120714219669524
0.00154782586333553
0.00154299061167662
0.0012450115062393
0.00096405911012505
0.000765083645875604
0.000549106317858765
0.000292784340817417
0.000560664249194445
0.000837658132225695
0.000882864575859989
0.000946703885365718
0.000996795456876688
0.00107918755563451
0.00107819412425655
0.000943429131953255
0.000622131550710727
0.000406107252839777
0.000498408068171681
0.000531788907874124
0.000525127387216761
0.00052890979217182
0.000562296607207344
0.000681442161265004
0.000765511906987199
0.000733281708048997
0.000623859339021895
0.000571613540198893
0.000619179239344915
0.000696533862967844
0.000752115439080296
0.000754976334490162
0.000719861413383754
0.000709205354461486
0.000752564336737838
0.000797843370517928
0.000777041739736206
0.000686579885429235
0.000562495635625327
0.000443330360242829
0.000372801448628723
0.000377156239388248
0.000413781128600872
0.000451825554504686
0.000477968896166004
0.0004967680868979
0.000538578274026904
0.000636273751084871
0.000772517676629771
0.000897642687861442
0.000984392903827011
0.00103264384735925
0.00105179349573518
0.000569940718667634
0.00212701593161371
0.00110331644324049
0.00123867804962628
0.0020212451719732
0.000955539358273318
0.000852970060300961
0.00174531211051602
0.00142810661769102
0.000429351752902559
0.00130360157744894
0.00138298462700955
0.000837841255759753
0.000700533829006852
0.000899933140148363
0.00130724925940432
0.000717386702844724
0.000795208379512771
0.000700678609877621
0.000550182665695593
0.00112603955849718
0.00104377479042961
0.00127655848275245
0.000354725330885573
0.000519152685986662
0.000837043647767717
0.00168307305007226
0.00143858572278928
0.00106519355507172
0.000621049414776728
0.000677638278393028
0.00119019015670221
0.00142990377020241
0.00190642804216802
0.00144528748300459
0.000847293839920681
0.000324537709594955
0.000476570101024707
0.00144299167407258
0.00158819085270625
0.00157344944455426
0.0015052288208792
0.00141564913910251
0.00104900562306643
0.000406092389854184
0.000495796969938604
0.000869703303789737
0.00124618701719437
0.00160494736432023
0.00158990810259756
0.00127185514555393
0.000992861532725702
0.000763658219238789
0.000501959248717324
0.000216411951807425
0.000575381126741696
0.000873382327322122
0.000912925541568236
0.000972654994428728
0.00104218584130299
0.001098390049503
0.00108274292627679
0.000933591041406636
0.000571432748911894
0.000304578159133297
0.000442557099700181
0.000491176428333254
0.000478051841390374
0.000493132630930813
0.000578917685663177
0.000713041939565164
0.000794959638567709
0.000751566132756826
0.000623003947718985
0.000544975850799772
0.000564128596646126
0.000614524655171823
0.000646485362970907
0.000645023861259077
0.000629751811192903
0.000650556108775451
0.000726799797095648
0.000795715642767974
0.000786534720079359
0.000699030574909901
0.000572719880606069
0.000447526326788131
0.000360367977683891
0.000335647714212926
0.000353806395871943
0.000380341866604987
0.000394456660362609
0.000401364005980324
0.000442534486883247
0.000558070800782897
0.000717113856323482
0.000859016442462509
0.00095533591472937
0.0010074289585797
0.00102587175604314
0.000554322423762755
0.00214071046512899
0.00111778017804725
0.00124409563209521
0.00203989883527261
0.000960045816041885
0.000860682761285398
0.00175145486406705
0.0014312775514357
0.000435101862813285
0.00131951969483047
0.00137992158604649
0.000827324151094484
0.000710030484069862
0.000900936986341065
0.00129914479568439
0.000693907827771607
0.000791287176890115
0.000708545863312269
0.000524917620437131
0.00110960442786532
0.00101844197378983
0.00128860500411895
0.000357410714085441
0.000483182234029179
0.000816452276335287
0.00168901858084384
0.00143470312839344
0.00107898078056049
0.000630455689247324
0.000675184529227153
0.00118149796818993
0.00142961113967838
0.00192359801247575
0.00145488924677341
0.000855218557318448
0.000325568486958643
0.000472389182043957
0.00145477385976567
0.00159568873495141
0.00157409908152896
0.00152418292857467
0.00143000184092606
0.0010606091014865
0.000411669748405824
0.000495583571781708
0.000866057294513426
0.00125946398512184
0.0016243155599978
0.00160588171529263
0.00128104625178773
0.00100267096006709
0.000763162550880735
0.000484513089852879
0.000182560361529214
0.000580404947347521
0.000885452069876156
0.000923136613885443
0.000981507204806973
0.00105749404529939
0.00110498093665627
0.00108431824417088
0.000930149964169746
0.000552738357887715
0.000260208764534511
0.000421432127116408
0.000476262324272384
0.000460578353628571
0.000480083983024975
0.000584579573515765
0.000723693689606749
0.000804934723848861
0.000757813040966357
0.000622706598534111
0.000535414714918118
0.000543707222757922
0.000583352072060916
0.000605504531282832
0.000602158819260821
0.00059527435151108
0.000628909150143684
0.000717635490542955
0.000794975358346386
0.000789804903694801
0.00070330308819216
0.000576228282654566
0.000448974396409209
0.000355948284261004
0.00031997465162797
0.000330440434176739
0.000352137085375241
0.000360960754837388
0.000362401455502208
0.000403870166175492
0.0005282093324184
0.000696842500827124
0.000845188794229406
0.000945035532099381
0.000998522963939644
0.00101671462317734
