2.51e-07
2.56e-07
2.61e-07
2.66e-07
2.71e-07
2.76e-07
2.81e-07
2.86e-07
2.91e-07
2.96e-07
3.01e-07
3.06e-07
3.11e-07
3.16e-07
3.21e-07
3.26e-07
3.31e-07
3.36e-07
3.41e-07
3.46e-07
3.51e-07
3.56e-07
3.61e-07
3.66e-07
3.71e-07
3.76e-07
3.81e-07
3.86e-07
3.91e-07
3.96e-07
4.01e-07
4.06e-07
4.11e-07
4.16e-07
4.21e-07
4.26e-07
4.31e-07
4.36e-07
4.41e-07
4.46e-07
4.51e-07
4.56e-07
4.61e-07
4.66e-07
4.71e-07
4.76e-07
4.81e-07
4.86e-07
4.91e-07
4.96e-07
5.01e-07
5.06e-07
5.11e-07
5.16e-07
5.21e-07
5.26e-07
5.31e-07
5.36e-07
5.41e-07
5.46e-07
5.51e-07
5.56e-07
5.61e-07
5.66e-07
5.71e-07
5.76e-07
5.81e-07
5.86e-07
5.91e-07
5.96e-07
6.01e-07
6.06e-07
6.11e-07
6.16e-07
6.21e-07
6.26e-07
6.31e-07
6.36e-07
6.41e-07
6.46e-07
6.51e-07
6.56e-07
6.61e-07
6.66e-07
6.71e-07
6.76e-07
6.81e-07
6.86e-07
6.91e-07
6.96e-07
7.01e-07
7.06e-07
7.11e-07
7.16e-07
7.21e-07
7.26e-07
7.31e-07
7.36e-07
7.41e-07
7.46e-07
