0.000517548138997138
0.00166798241725662
0.00160922080595878
0.000197731793782857
0.00159179566294897
0.00132723144274154
0.000288423018926902
0.000985021654043273
0.00105064342486598
0.00105003501390744
0.000568155260224362
0.00121337468097568
0.00114387301879373
0.00105853824285076
0.000324992378164029
0.000546843939514796
0.00156849592583768
0.00111930037220053
0.000973088250988119
0.000706573335623087
0.00115352921492492
0.00173303669203735
0.00124472885581755
0.000512923335366176
0.000767644595038502
0.00131917006401651
0.0013951440101872
0.00150791554462691
0.0012098641101858
0.000259212149026352
0.000263122543062395
0.00108064014591244
0.00162424538267171
0.0012931686394781
0.00119076584841058
0.00100657682580451
8.38145431952165e-05
0.00042390191734065
0.0007501786324741
0.00113725399651787
0.00143338738451079
0.00136205264894624
0.000797191882784535
0.000760724284369771
0.000374385238742526
0.00022095270318474
0.000705761703519426
0.00101073467033765
0.000622060472496365
0.000845635583460898
0.000967781112160873
0.000818024412859631
0.00063334536734781
0.000854807661588238
0.000851443569413497
0.000564038878126831
0.000292932055488395
0.00034932609377301
0.000559295838878219
0.000578280599389679
0.00047099215447939
0.000965434379577655
0.00104332355169346
0.00102596804087129
0.000981658468655567
0.000923174945377013
0.000861586339667023
0.000840822162862102
0.000887478793760399
0.000645130607064648
0.000189701176240497
0.000212461312912076
0.000419391774504924
0.0005618627274235
0.000686690340416633
0.00088046538243701
0.00111831201501971
0.00134042581846102
0.00147165447279556
0.0014189611341919
0.00125362184603213
0.00107684225051898
0.000912449621647307
0.000759218480019224
0.000618678608552233
0.000500093875853936
0.000418172629553782
0.00040927725052603
0.000556209817315048
0.000725816233809431
0.000841935869265315
0.000934954070373928
0.00101525593030482
0.00108295968001428
0.00113753331464155
0.00117908577845958
0.00120924240499205
0.00123097459996777
0.0012490033330902
0.00126986382023593
0.000546134213486319
0.00165268303452448
0.00161966571128896
0.00021981315644638
0.00159430648054965
0.00135058766545633
0.000287256279872101
0.00102009161961053
0.00107064991219641
0.00104428279816604
0.000574685558592493
0.00123063727219655
0.00114134965895964
0.00104625433033455
0.000349511167156047
0.000570254188015326
0.00155580079634366
0.00111575586793315
0.000961905003388743
0.000706749023298556
0.00114273267421428
0.00171931681474643
0.00124393353756758
0.000531405806154502
0.000756143660068951
0.00130337855773956
0.0013955033672555
0.00151189543603766
0.00121170187924208
0.000306396174661063
0.000269020449576754
0.00107618756225229
0.00161514407762737
0.00130518086045967
0.00121327805403164
0.00101345640754574
0.000136492051239404
0.000419352563099844
0.000753803893164929
0.00115279312365241
0.00143840024068009
0.0013683358916402
0.000826964527379997
0.000784562863225518
0.000392463516422126
0.000225972337929932
0.000703838361899569
0.0010110360674447
0.000660417619541665
0.000882572485159123
0.000987241333453981
0.00083040433541146
0.000643296170857802
0.000849590027335616
0.000840721211412724
0.000557396819323604
0.000317180967465212
0.000378365958194987
0.000574537069295632
0.000596026995762946
0.000500452341371815
0.000970024470943253
0.00104334833387617
0.00102005984729171
0.00096890792068005
0.000910857287139393
0.000852228545874441
0.000832098736290673
0.000877624769400433
0.000641536982005285
0.000217462094356799
0.000248150134484497
0.000435902297351941
0.000566789612066692
0.000683604594051165
0.000871959630374892
0.00110560147298249
0.00132410578406445
0.00145311957882963
0.00140125198529984
0.00123898627031719
0.00106665546176685
0.000908107768619603
0.000760618543462692
0.000623517018496386
0.000505456208885698
0.000421728258854233
0.00040917593976636
0.00055082850571702
0.000716952323893172
0.000831239754040303
0.00092284290457887
0.00100179234953304
0.00106844533449947
0.0011229019619259
0.00116575271589869
0.0011981834185304
0.00122211214127173
0.00124154104395723
0.00126279557138502
0.000621139770916233
0.00160781732347357
0.00164937123645582
0.000273615870782806
0.00160151410655213
0.00141568872373008
0.000283870006832798
0.00111492741155066
0.00112627317902445
0.00102754012136197
0.000593087351807898
0.00127904233683645
0.00113405257564069
0.00101005017965236
0.000412040481239091
0.0006328429591848
0.00151865402546493
0.00110548640329441
0.000928952503443823
0.000707254652049559
0.00111105947316269
0.00167918603274838
0.00124164066470108
0.00058135135631824
0.00072200556657499
0.00125680102819554
0.00139653757823958
0.00152329700255821
0.00121697802443446
0.00041318606097868
0.000285322691293454
0.00106326272398498
0.00158864672658978
0.00133916701797727
0.00127588279937811
0.00103300951588253
0.000228135767842346
0.000405968585133271
0.000764146363092036
0.00119640957434673
0.00145273757931615
0.00138626871999251
0.000907250927555347
0.000849475187893009
0.000440392332782201
0.000239839762548244
0.000698270732636239
0.0010119034044414
0.000760128100431737
0.000981192511752213
0.00104124548010294
0.000865061954379774
0.000671124837862537
0.000834384240691159
0.000809054138704047
0.000537813819820238
0.000378421792132985
0.000451672661741017
0.00061632095951801
0.000644401881636625
0.000576938028815789
0.0009831214267201
0.00104341968803967
0.0010028534969875
0.000931219615420363
0.000874421441119446
0.00082469101963745
0.000806453782259901
0.00084861240438845
0.000631075269072105
0.000282552836169954
0.000330017849725799
0.00048028286069944
0.000580742607948055
0.000674640718096052
0.000846991360950171
0.00106815851557863
0.00127594880296692
0.00139837904415482
0.00134896268899618
0.0011958448189544
0.00103676490364827
0.000895488331641257
0.000764635547900968
0.000637243518856338
0.000520588029287109
0.000431802792830466
0.000408884086867717
0.000535031427768507
0.000690794769453161
0.000799642839300072
0.000887047128161026
0.000961973665009807
0.00102550625084539
0.00107966580837455
0.00112648064552276
0.00116575453915487
0.00119622705066824
0.00121979929577136
0.00124221875517295
0.000721077052847468
0.00153654008512791
0.00169387256514052
0.000339910673924881
0.00161249434020894
0.00150999491756513
0.000278602112139304
0.00124630441721831
0.00120652915253001
0.0010013460010707
0.000620222413405567
0.00134984047261048
0.00112278081001704
0.000951915077286464
0.000492680791050935
0.000718231908315846
0.00145990965482326
0.00108956493879116
0.000876065420521394
0.000708028619841166
0.00106070037054802
0.0016157699211416
0.00123811954342743
0.000650475760626247
0.000666318992544526
0.00118188496298417
0.00139812059748821
0.00154060155364204
0.001225017470413
0.000537079808264423
0.000308633407779358
0.00104315014421116
0.00154717044270011
0.00138962549084173
0.00136624571590087
0.00106226872502485
0.000321312898444593
0.000384560678714834
0.000779725895013573
0.0012603093457429
0.00147443325751191
0.00141330211334688
0.00101804861418741
0.000940274188920985
0.000505077238582429
0.000259653258805625
0.000689653450059537
0.00101323080169027
0.00089151828360549
0.0011155015279531
0.00111894031585259
0.000915619457690001
0.000711653139435366
0.00081053448909822
0.000757975479737008
0.000506343968065819
0.000456583997072062
0.000545189701908186
0.000675341578402589
0.000712171121409361
0.000677575963713811
0.00100285541334489
0.00104352899949668
0.000975903574399437
0.000870317829347135
0.000815446701525848
0.000780619078382547
0.000765498793282146
0.00080213003662225
0.000614701730297524
0.000360138855493268
0.000425946700416704
0.000541264821197584
0.000601492341425596
0.000660671399417822
0.000807241158495592
0.00100809862201188
0.00119842033691425
0.00131008254544707
0.00126466420506582
0.00112654823464984
0.000989219564528951
0.000875801602125394
0.00077074934763248
0.000657718307551483
0.000542953940338978
0.000446797463371383
0.000408436537753384
0.000509880450432691
0.000648676317972974
0.000748651330871729
0.000829212913021833
0.000897547929691478
0.000955986056133602
0.00100983987727499
0.00106350310498064
0.00111424141358503
0.00115544451757577
0.00118571596918547
0.00121001470152739
0.000827342806963185
0.00144430958906996
0.00174691398535134
0.000406734371828241
0.00162586231959116
0.00161818987734118
0.0002720007821257
0.00139061336150424
0.00129821937525664
0.000968246848084785
0.000651967920101362
0.00143191455152047
0.00110879746178044
0.000875344603845337
0.000576393420905858
0.000810786952297269
0.00138444898785248
0.00106971078214446
0.000806466973747471
0.000708976877973749
0.000995452517344709
0.00153440323157771
0.00123378652479925
0.000726340012448289
0.000590884905761355
0.00108293181408633
0.00140006001359486
0.0015615668592634
0.00123480782825525
0.000657931909507097
0.000335020375874318
0.00101793583820812
0.00149472126631986
0.00144912444459991
0.00146952309452415
0.00109709526121336
0.000407484025754656
0.000356548840645176
0.00079842194810301
0.0013345219210226
0.00150061862099291
0.00144577330761137
0.00113934066359244
0.00104089406539704
0.000574564123339427
0.000282063677885946
0.000678933431072965
0.00101485672433078
0.00103005202378248
0.00126086606114908
0.0012074385617789
0.000974060171612468
0.000758416404648372
0.000780283494096729
0.000690174658933889
0.000464839844846666
0.000537149343286387
0.000641550861038609
0.000741351454106471
0.000787376247628635
0.00078356864441786
0.00102654476445627
0.00104366307421316
0.000941791966305939
0.000789218275059924
0.00073668365472066
0.000722896594888431
0.000712050208544367
0.000741140205974596
0.000594000537319695
0.000436883407168669
0.000519988540079955
0.000607770466018934
0.000626007058091162
0.000643121228766531
0.000755629881454993
0.000929137182080736
0.00109585218559025
0.00119287812609575
0.00115286911347529
0.00103522763880738
0.000927574185642983
0.000851030521102642
0.000778183436533227
0.000681995376469397
0.000569190794775105
0.000464530591955226
0.000407886866840403
0.000477221332925853
0.000592938400652774
0.00068090563276391
0.000752220323767035
0.000811563027483672
0.000863092910872166
0.000916952382555436
0.00098074216057491
0.00104759749920761
0.001103360561974
0.00114251881164314
0.00116929989877996
0.00092714626245296
0.00133920157376967
0.00180164519005849
0.000467470310523475
0.00163996854890319
0.00172589499100449
0.000264795102642413
0.00152929982751869
0.00138916292237417
0.000931732920826513
0.000684134782101121
0.00151437831807754
0.00109372035359605
0.000785706471161724
0.000653810354835043
0.000898874978015609
0.00129934093381237
0.00104816946126039
0.000725101383232996
0.000709984602175593
0.000920953902572426
0.00144278346375713
0.00122915864618195
0.000799202321718565
0.00049821940835541
0.000966564862467544
0.00140212095073647
0.00158357284421414
0.00124514196311738
0.000765873754497593
0.000360988537219082
0.000990398542429993
0.00143680469264552
0.00150986890258472
0.00157199385750959
0.00113298170858739
0.000482571163954309
0.000324090906442705
0.000817848590488583
0.00140921131310617
0.00152799171778135
0.0014795459304661
0.00125561338784104
0.00113824376667111
0.000640280814901292
0.000304103842069967
0.000667336314445908
0.00101658413887455
0.00115943683115044
0.00139906837977089
0.00129499084134991
0.00103262523076448
0.000805203459972189
0.000746746291782601
0.000609798284602663
0.000416150288420139
0.000611332961871742
0.000730261800579805
0.000805679428059602
0.000860216580918457
0.000882490626994675
0.00105116824739298
0.00104380573463134
0.000904078645099674
0.000692560692259525
0.000642344553523629
0.000655913907335416
0.000650364737249502
0.000670167411133797
0.000571147292950005
0.000505924694940466
0.000604197538558719
0.000671346830077216
0.000651082069680287
0.000623902740738302
0.000696518524369143
0.000836965888079756
0.00097492074214364
0.00105393221092455
0.0010205359439037
0.000928230558709424
0.000857116708803898
0.000823852057838613
0.000786017408079281
0.000706915379282813
0.000595843935211764
0.000482686778379365
0.000407301104529303
0.000439810609897686
0.000527190197656113
0.000600475448476677
0.000660501761983114
0.000708692732259447
0.000751734426653648
0.000806436950558593
0.000884202287801557
0.000971669080800666
0.00104508692056334
0.00109467874338832
0.00112435395426638
0.00101200009687312
0.00123228876934827
0.00185160190001587
0.000518094657566825
0.00165311437186054
0.00182130924008227
0.00025784052236241
0.00164902661690623
0.00146950147168553
0.000896066058233397
0.000713040480499807
0.00158797092908756
0.00107936058654096
0.000690956235908765
0.000719001386565032
0.000974420152706649
0.00121393972749882
0.0010275157522452
0.000639273317665095
0.000710930251370343
0.000844983153010213
0.00135103847550743
0.00122479392652092
0.000862076243473516
0.000391645950946756
0.000842696197683115
0.00140405484117971
0.0016039765776962
0.00125477530985411
0.000854975020061979
0.000383792646956011
0.000963805177506475
0.00138016774706287
0.00156480246489197
0.00166253885884526
0.0011656975250915
0.000543761143167256
0.000290301697877638
0.000835692199809607
0.00147595583799425
0.00155327444594374
0.00151059384143105
0.00135581678208835
0.00122267893471368
0.000696405368176847
0.000323448991860874
0.000656251841313803
0.0010182047067447
0.00126905322470089
0.00151750845024557
0.0013721813762074
0.00108478066623317
0.000846816310614745
0.000713797028176169
0.000523133042214317
0.000364517393155207
0.000673638227004369
0.00080475958746618
0.000861762770015561
0.000923442589036988
0.00096626101062067
0.00107379227864824
0.00104393977380646
0.000867146191710554
0.000587411843660069
0.000538846925893192
0.000586034465882847
0.000586516315569556
0.000595819241218477
0.000548805658999039
0.000563140225142826
0.000673804241467051
0.000726032987510531
0.000673794969887168
0.000605287408412089
0.000635984500257504
0.000739962816114286
0.000845666105620408
0.000904110089014052
0.000878194314505542
0.000814983011651256
0.000785167227751573
0.000797468942823345
0.000793308432970765
0.000729557177269257
0.000619846089489696
0.000499146495138924
0.000406749899225156
0.000401491593242832
0.000456863749901748
0.000513541069182352
0.000560806506692903
0.000596060106232808
0.000629384367054191
0.000686560739749645
0.000782706852518254
0.000894464865258572
0.000987197633737105
0.00104773490282775
0.00108041588744746
0.00107623496375138
0.00113772338404706
0.00189135094242963
0.000555963753947218
0.00166375409546379
0.00189554146264203
0.000252029147284721
0.00174054599210015
0.00153187985736519
0.000865903859310593
0.000735764882314277
0.00164553081821684
0.00106751148883924
0.000602794715380497
0.000768062495877359
0.00103192126498787
0.0011395945828168
0.001010366363794
0.00055965010681426
0.000711700221990381
0.00077757871115883
0.00127135819806606
0.00122122423249009
0.000910123489000567
0.000275817897448631
0.000726250730012818
0.00140562939451553
0.0016204197761319
0.00126257410439158
0.00092125690466268
0.000401425382963925
0.000941570508958386
0.00133221656155927
0.00160819695836398
0.0017328548397483
0.00119170336253051
0.000588958598677687
0.000259521674025712
0.000849961328501219
0.00152821118078874
0.00157358458969371
0.0015354398891952
0.00143232603896295
0.00128742037924609
0.000739011533730173
0.000338402058864633
0.000647075223100401
0.00101952389987222
0.00135185287959179
0.00160761836587971
0.00143203247512615
0.00112551139497474
0.000879283519005507
0.000685766209678674
0.000440030008504894
0.000316249014416754
0.000720454269543072
0.000860733182421405
0.000904914246856012
0.000971946570733257
0.00102952029516398
0.00109188877550956
0.00104404903081064
0.000835832021343948
0.00048511424016199
0.000436688076187775
0.000522194659937036
0.000528793048388947
0.000527513176115644
0.000529896096745254
0.000605797658613868
0.000725624535332989
0.00076773685552925
0.000691759149959653
0.000589677408654741
0.00058199674141067
0.000650265473888151
0.000723406606502933
0.000760438937595053
0.00074222669670455
0.000709410602720685
0.000721222196653133
0.000775297239094498
0.000799202918903873
0.000747507688702279
0.000638745849104147
0.000512173354430338
0.000406299999265311
0.000367307697275944
0.000390266624206264
0.000429854131664282
0.000463945455298622
0.000485269620070482
0.000508302026841506
0.000570494495439907
0.000688992181773663
0.000826206800607371
0.000937364413929339
0.00100784942537083
0.00104322894517834
0.00111616922241809
0.00107150820419712
0.0019168507627751
0.000579347492184439
0.00167066213512353
0.00194246363080076
0.000248162651368335
0.00179776988829025
0.00157125934737233
0.000845636820409338
0.000750226017721938
0.0016820383103258
0.00105970608147436
0.000537507870233322
0.000798460581235104
0.00106778362469875
0.00108833347111197
0.000999014124088134
0.000500898952052901
0.000712202335641994
0.000730235469033418
0.00121653898042657
0.00121888864149848
0.000940160642608164
0.00016004473142221
0.000638900056771234
0.00140665616059488
0.00163106290478659
0.00126763852768736
0.00096205945218023
0.000412528028094616
0.000926770184247078
0.00129996499849134
0.00163589996039464
0.00177725045421091
0.00120837563455036
0.000616675019336804
0.000237287629736746
0.000859147027479451
0.00156137545027968
0.00158670088009381
0.00155144239500197
0.00148013235823555
0.00132797606958538
0.000765542841412009
0.000347815421789587
0.000641014758586325
0.00102038402214879
0.0014032638757288
0.00166380328280496
0.00146978355861358
0.0011513195581
0.00089984337045433
0.000666835167715941
0.000376009112149842
0.000280296146454444
0.000749435548357438
0.000895382044919743
0.000932002400913923
0.00100234013275867
0.00106879230033898
0.00110354037693732
0.00104412033708906
0.000814744261880455
0.000404627284541065
0.000354469088975404
0.000475929665322669
0.000487443826516639
0.000477690200854595
0.000517180983119071
0.00063208950784509
0.00075753828825358
0.000793776223367089
0.000703236968519461
0.000579261861150134
0.000543875882470947
0.000584339955739009
0.000630956685305539
0.000649749812284629
0.000638038932431109
0.00063104774481684
0.000676231504933655
0.000760477114465573
0.000803026934815492
0.000758995108442058
0.00065078581490704
0.000520500213802265
0.000406006079028406
0.000343163999375845
0.000339830570634011
0.000365025637806361
0.000387890405320198
0.000396600585920902
0.00041043706972013
0.000479826438416321
0.000620233404983557
0.00077843292484893
0.000903356582645088
0.000980941701812224
0.00101822463761772
0.00112970803132281
0.0010475331498289
0.00192562775757561
0.000587250779628027
0.00167305459895217
0.00195849653981954
0.000246805660417356
0.00181722200754639
0.00158470677570863
0.000838483550313555
0.000755183533454546
0.00169453322678831
0.00105698180684285
0.000512893383393635
0.000808750462063878
0.0010799599131173
0.0010699562574581
0.000995041232184148
0.000478811290072517
0.000712376635083448
0.000713058311266213
0.00119691320671929
0.00121807645152336
0.000950370357682029
8.99406828232462e-05
0.000605623058940437
0.0014070125774135
0.0016347430131841
0.00126939265631905
0.000975830962397109
0.000416314668954775
0.000921574478052849
0.0012885753084965
0.00164541199363559
0.00179241164570165
0.00121411229213929
0.000626013803261801
0.000229061467468666
0.00086231429511316
0.0015727296748267
0.00159123082587164
0.00155696152773876
0.00149637803694911
0.00134177415793966
0.000774544476948452
0.000351025594650225
0.000638896531726638
0.00102068256990517
0.00142068353467061
0.0016828773025438
0.0014826695109145
0.00116014832892127
0.000906874688394206
0.000660133484335416
0.000351053921560859
0.000266678247839509
0.000759241870638886
0.000907105884059207
0.000941227647233987
0.00101268231434463
0.00108209792425051
0.00110755825873373
0.00104414510036052
0.000807291696621701
0.000372629103893361
0.000321025470643872
0.000458771751567766
0.00047223710293211
0.000459123681031031
0.000512691299329861
0.000640968308220365
0.000768311745276907
0.00080262198144375
0.000707179590890004
0.000575600487464162
0.000529995549855907
0.000559630269013865
0.000595500706404178
0.000606600726708178
0.000597620368844256
0.000601448668985079
0.000659889149690604
0.000755262106165102
0.00080435074830321
0.000762944182960626
0.000654915468835085
0.000523361107435884
0.000405903951808187
0.000334371368840507
0.000320462550404801
0.000339628086290647
0.000357713403945335
0.000360742750885792
0.000370448852714362
0.000444027234728879
0.000594496087722202
0.000761140019246825
0.000891242242875766
0.000971422390165281
0.0010093958320783
