0.000598883328531067
0.00148889579192527
0.00168259501430437
0.000242137841830571
0.00158127884889171
0.0013744152721781
0.000418532157040559
0.000937007890335211
0.000886161923018038
0.00113516486851991
0.000487948376950845
0.00119334880119086
0.0010868116415653
0.001181057051258
0.000234306153243881
0.000665252939013123
0.00156314502812617
0.00120260206221428
0.00112074140245309
0.000612526289812981
0.00114203573521093
0.00179417561000146
0.00126829136340616
0.000621325795438288
0.000728399819652401
0.00121957487167615
0.00136166316215349
0.00153960477778849
0.00117045552943405
0.000372135271979044
0.000149891966893262
0.00100822252083403
0.00156922052704873
0.00127217270212596
0.00122084171110118
0.00106924610720914
8.70723523376664e-05
0.000326938837794879
0.000646782449602756
0.00107143420568392
0.00140081710339707
0.00133169539424323
0.000827838903645035
0.000821475020416409
0.000461718075519249
0.000194798925115193
0.000625153086374244
0.000931392032401701
0.000554988088232526
0.000803216224077282
0.000950915177563413
0.00083512111302971
0.000659590947203706
0.000925144449963349
0.00092039023307825
0.000636360233113036
0.000339460343101793
0.000297989410092373
0.000490707465714104
0.000534371649659256
0.000419028195571468
0.000944369338237009
0.00103862656890389
0.00103617510357929
0.0010072580652519
0.000965698520295469
0.000918344625027414
0.000904861000996455
0.000957876041477885
0.000739596880043928
0.000271700079574632
0.000153232494220345
0.000358586031428507
0.000513835578788874
0.000645561621906509
0.000845472888786127
0.00110216957766902
0.00134227182546954
0.00148446981501087
0.00144063217187048
0.00128519388687421
0.00111815568299942
0.000962665762888941
0.000816876389651331
0.000681290361011139
0.000564154314786525
0.000479058001594953
0.000447810107763609
0.0005326353986602
0.000674063647730487
0.000787576224835252
0.000886113993222797
0.000974969553652445
0.00105220945809456
0.00111632544457073
0.00116696520683027
0.00120553136873786
0.0012347517505252
0.00125909481838827
0.0012846941049564
0.000623465991847393
0.00147597685616784
0.00168915048840897
0.000265629010967523
0.00158148809412773
0.00139392668866318
0.000415817490184997
0.000969562050689623
0.00091382023118101
0.00112560825032428
0.000492574530571336
0.00120681793125515
0.00108562647053083
0.00116732366364962
0.00026136506209615
0.000678062275953833
0.00154876138012759
0.00120003086967686
0.00110790404201103
0.000612198793696312
0.00113136755057891
0.00177959586395092
0.00127153481863144
0.00063822066746868
0.00071746078401731
0.00120442185468619
0.00136452701307312
0.00154334282811681
0.00117581765735711
0.000412760147849613
0.0001684489364353
0.00100408493014721
0.00156056267525722
0.00128560886632832
0.0012428536120266
0.00107553766089784
0.000149602119279322
0.000325568701296409
0.000652713754374339
0.00108724190662273
0.00140568965675599
0.00133882582811946
0.000856925929374953
0.000843937085542988
0.000475239036970301
0.000197965604223047
0.000622708473289305
0.000931416985358461
0.000595107837808264
0.000840941406710089
0.000969961419819181
0.000846451787864027
0.000669131606182208
0.000919188012356643
0.000909114002084486
0.000627523614412509
0.000354511862092086
0.000327891544261172
0.000506471754445214
0.000551529500279106
0.000450071154766003
0.000948652105646099
0.00103842144098292
0.00103017020267365
0.00099434466989826
0.000952998324391493
0.000908533332299365
0.000895578613411231
0.000947043579857707
0.000733509956252687
0.000287137686309346
0.000195924056132725
0.000376932630319585
0.000519243268311879
0.000642662751487465
0.000837174905731384
0.00108953038199234
0.00132589392462728
0.00146584036242067
0.00142279660276803
0.00127032953261619
0.00110756286166123
0.000957759067307188
0.000817693902926721
0.000685587262039033
0.000568980980792203
0.000482047398601857
0.000447459889682329
0.000527783638428452
0.000665777173115612
0.000777348721843557
0.000874394569598466
0.000961841546964782
0.00103794962629112
0.00110180386471993
0.00115357091699093
0.00119431243848422
0.00122572667411504
0.00125152136084496
0.00127758988131634
0.000689370251415504
0.00143813024067278
0.00170788569535523
0.000323889155773245
0.00158209043720673
0.00144864057439855
0.000407900026133818
0.00105771676302836
0.000989149158361244
0.00109762644836839
0.00050565868175686
0.00124478702593268
0.00108220665746216
0.00112684552681797
0.000327002963882164
0.000713662361548646
0.00150657854038012
0.00119259645570394
0.00107008054410734
0.000611254826218151
0.00110007206883188
0.00173693177495534
0.00128082810350684
0.000684542607998591
0.000684988099384878
0.00115968517173805
0.00137273977439076
0.00155405589823089
0.00119112247814384
0.000512038886042359
0.000213037195773452
0.000992074838071902
0.00153536073553256
0.00132353516635682
0.00130416101007665
0.00109345130135263
0.000254938013775362
0.000321590949212866
0.000669498846834474
0.0011315256338824
0.00141962621268035
0.00135914818169255
0.000935641886993916
0.00090550735018757
0.000512181422773175
0.000206813061542389
0.000615615274829627
0.000931488830800555
0.000697862928564894
0.000941158659042012
0.00102282395847696
0.000878261111815223
0.000695872655587023
0.000901817431643923
0.000875834918008211
0.000601354794426714
0.000394657834310206
0.000401747516674296
0.000549342387815591
0.000598191204595065
0.000529384714224826
0.000960877234945079
0.00103783057223328
0.00101268092801965
0.000956188500574568
0.000915446037892274
0.000879671879581847
0.00086829699832502
0.000915136884761183
0.000715694280967005
0.000327549761351665
0.000285142881727532
0.000425362666173476
0.00053450861350525
0.000634241790468797
0.000812808813737913
0.00105228972621684
0.00127756353106105
0.00141082574606535
0.00137014503961338
0.0012265236247877
0.00107648003532699
0.000943488291690072
0.000820043286774628
0.00069781193471677
0.000582655540766566
0.0004905532896308
0.000446449942515829
0.00051355761409307
0.000641319503536729
0.000747118252993727
0.000839736844302989
0.000922998679115131
0.000995750187983246
0.00105887894563526
0.00111410457325321
0.00116140369942329
0.00119936076069495
0.00122945392592695
0.00125690983945778
0.000779608858944403
0.00137813130682123
0.00173619759329932
0.000396893451624508
0.00158301283577766
0.00152867330765535
0.000395462418907023
0.00118007235404621
0.00109454964237815
0.00105331495639135
0.000525072726278695
0.00130081112083418
0.00107694613593569
0.00106184057521572
0.000407552513092713
0.000764998105262004
0.00143955507633418
0.00118111550790537
0.00100938616372682
0.000609805749779917
0.00105031742594029
0.00166945306634933
0.00129493688164874
0.000749982803760997
0.000632009024365832
0.00108758100534257
0.00138522801054078
0.00157032751478414
0.00121419668456284
0.000634704116631123
0.000267292679096708
0.000973386916620084
0.00149592579877047
0.00137962076933399
0.00139286499907083
0.00112034114372321
0.00036094276111355
0.000315399386695722
0.000694428585597724
0.00119619651733854
0.00144071678274787
0.00138970750872675
0.00104480100469903
0.000992456856023504
0.000564107116529361
0.000219678069197027
0.00060458646533504
0.000931598893654426
0.000831002387245561
0.00107675733746251
0.00109889251202999
0.00092487618980358
0.00073495749508053
0.000874535170134937
0.000822239915698834
0.000558890166329665
0.000449259540724145
0.000493925685786429
0.00060920000272351
0.000663344639584031
0.000631875913340958
0.000979311245739391
0.0010369246557069
0.000985283824078826
0.000894578630659378
0.000854718325058171
0.000833517367321782
0.000824750539682872
0.000863970420417752
0.000687504172392894
0.000381244216360592
0.00038348932987941
0.000490370270823014
0.000557085689477362
0.000621118716122575
0.000773991340087983
0.000992527073122471
0.00119974654429001
0.00132210548648597
0.00128530134829184
0.00115619420502384
0.00102703531290877
0.000921195473506334
0.000823629752792953
0.000716136561182337
0.000603004977531095
0.000503306317511585
0.000444898166683171
0.000490963170255677
0.000601923635421992
0.000698268450715863
0.000783670715912812
0.000860092059684722
0.00092737966988437
0.000989508851425724
0.00105076726966379
0.00110909216659228
0.00115780180267443
0.00119485437950127
0.00122454894196897
0.00087772273762864
0.00130075755207246
0.00177030901480217
0.000471245876033228
0.00158414359162573
0.0016214619706467
0.000379649360440038
0.00131470283880581
0.00121138195581754
0.000996270861278862
0.000547948978396177
0.00136640131811149
0.00107045784561272
0.000976206305259775
0.000488548345310131
0.000823612295333167
0.00135281121036328
0.00116687777766425
0.000929536744459816
0.000608023477873602
0.000985860917091328
0.0015827540586283
0.00131203667505074
0.000823182668680889
0.000560219418437336
0.000992000163929864
0.00140039501442275
0.00159006021453926
0.00124191603445528
0.000758551968898097
0.000321579458705445
0.000949960836030065
0.00144608374706794
0.0014454509230419
0.00149450342536651
0.00115246988265413
0.000458655821160137
0.000307634171128077
0.000723837774030249
0.00127104117260599
0.00146617392092297
0.00142630014892217
0.00116481643883874
0.00108968172237525
0.000621910306236669
0.000234497387996275
0.000590776508361778
0.000931733887980199
0.000969669443001618
0.0012227261561638
0.00118555731070816
0.000979031515404012
0.000780232769829226
0.000839859033620568
0.000751292381150391
0.000501916713825894
0.000508290074176218
0.000587570655562454
0.000675419905487632
0.000735425886268209
0.000738421004397054
0.00100146060430306
0.00103581230250645
0.000950598531035874
0.000812648704406666
0.000773742564604074
0.000773146656921769
0.000767968000498341
0.000796730373574135
0.00065125953448514
0.000438215217117684
0.00047720824358902
0.00055989898473168
0.000583588932886544
0.000604632015964368
0.000723536065781212
0.000913895502344948
0.00109677527829943
0.00120438112134615
0.00117287288334438
0.0010635899923738
0.000962921161140908
0.00089308963952756
0.000828007989153063
0.000737993895743304
0.000627066019075807
0.000518522028589018
0.000442987208080589
0.000461739479781532
0.0005497552757297
0.000633219314297979
0.000708864915648065
0.000775992056361037
0.000835908099240173
0.000897117701701046
0.000967425850608002
0.00104133982669733
0.00110468900079152
0.00115099217000308
0.00118364472691803
0.000971308501580832
0.00121300949199202
0.00180590209028689
0.00053922490966049
0.00158534603104655
0.00171469960141912
0.000362063708807048
0.00144425479596648
0.00132444083598531
0.000931737840249608
0.000571288150991173
0.00143290718596806
0.00106350967607714
0.000875928856480979
0.000562065806744795
0.000881718915223625
0.0012539267691546
0.00115153297128969
0.000836229973419902
0.000606121067766331
0.000912279448464164
0.00148494158599624
0.00132999244665499
0.000894525365531648
0.00047197800392206
0.000878942382777582
0.00141635702914083
0.00161079383699893
0.00127075041837944
0.000871221471184239
0.00037071950778853
0.000924379502565872
0.00139108290664224
0.00151236197047032
0.00159556954313671
0.00118570477238874
0.00054368221953063
0.000299149297089788
0.000753875350863528
0.00134612638919682
0.00149278810004346
0.00146423716601235
0.00128023619723643
0.00118441283759368
0.000678032273679064
0.000249302123768197
0.000575716536697268
0.000931877524460886
0.00109817006223075
0.00136097523743382
0.00127131173406348
0.00103355048780973
0.000825691508929759
0.000801311020931652
0.000667560717543593
0.000433132533858801
0.000564367868630742
0.000673064395125524
0.000739404416222356
0.000805075828320954
0.000837038734073729
0.00102450565061944
0.00103462724744812
0.000912239879748593
0.000715225956552099
0.000677014652928051
0.000703232076035588
0.000702518397474804
0.000718294674636331
0.000610329318509065
0.00049164435015409
0.000559971572676519
0.000625457634898522
0.000610530765020052
0.000586578509651043
0.000665655412577583
0.000821997213158286
0.000975327516353301
0.00106490211793076
0.00103996409262169
0.000955232868639161
0.000889631783619312
0.000862174318410043
0.000832641925861443
0.000760564392330125
0.000651696277145252
0.000534238490817322
0.000440944512516938
0.0004284565966224
0.000488153445078727
0.000555694157976452
0.000619413978942999
0.000675084048024412
0.000726016784018765
0.000786972617758641
0.000870010951458246
0.000964023515946355
0.0010452073946281
0.00110239986123929
0.00113850240181066
0.0010516878987843
0.00112432928366056
0.00183872082835147
0.000596080335973253
0.00158647512391666
0.00179791311353538
0.000344721976888204
0.00155619558836694
0.00142251567698764
0.000866728697245452
0.000592382365121691
0.00149270425525296
0.0010569389058203
0.000769886163579215
0.000623296402916657
0.00093302913000225
0.00115330468458586
0.00113692483874674
0.000737874447466501
0.000604327929166473
0.000837262709491004
0.00138675462255675
0.00134664717628016
0.000956729392074008
0.000370369580420192
0.000757477124603573
0.00143119418292207
0.00163003673807872
0.00129726191405021
0.000965183208361574
0.000411583436762961
0.000899678256549365
0.00133733909733448
0.00157264542522094
0.00168502514811528
0.00121610787324623
0.00061292400941522
0.00029095070384333
0.000781049362881456
0.00141305194881827
0.00151737188254382
0.00149901155210225
0.00137992496806301
0.00126699227103705
0.000726831035547361
0.000262454033701751
0.000561196596027252
0.000932012478427399
0.00120651205823364
0.00147915735677307
0.0013469279524703
0.00108228154957028
0.00086623733668027
0.000763315652149367
0.000577926530463497
0.000356603367180691
0.000612401629420712
0.000744508141113475
0.000794849857608193
0.000865431807062387
0.000920126215371542
0.00104569816586352
0.00103351242158612
0.000874662764395575
0.000609651670437595
0.000571386892892177
0.000630507655978603
0.000634896444999365
0.00063583145596581
0.000569191418796687
0.000537028482525421
0.000627878813007598
0.000681337745651439
0.00063480657857567
0.000569092051601466
0.000606249925566016
0.000725103038722746
0.000845451361527541
0.000914651566899683
0.000897305164649244
0.000840778487757356
0.000814776250903892
0.000832077255516966
0.000836973020543465
0.000781179627725165
0.000674021384673632
0.000548596946725782
0.000439016344711406
0.000394630926095104
0.000422152325891265
0.000471363838180201
0.000521558582488505
0.000564042367468725
0.000604822014263187
0.000667096923061046
0.000767280898423324
0.000885236996497014
0.000986048311177388
0.00105469969245065
0.00109438679049607
0.00111292680166162
0.00104649111214565
0.00186504767209689
0.000638695540652202
0.00158739497464934
0.00186300137723189
0.000329911101355564
0.00164181324128101
0.00149772284265717
0.00080988098621249
0.000609038202375526
0.00153973401138142
0.00105155198677391
0.000671155176345552
0.000669078858154461
0.000972857385332368
0.0010642610652246
0.00112487582684322
0.000646719998817098
0.000602862203044969
0.000770724972551161
0.00130124168895597
0.00136007334879571
0.00100459282967313
0.000259615748139041
0.000641665286524583
0.0014431766843399
0.0016455572115087
0.00131847992192114
0.00103549221172937
0.000442110229392235
0.000879028196601001
0.00129187354972205
0.00162013016886199
0.00175457878568784
0.00124034144059628
0.000664049792749126
0.000284092144522434
0.000802521315505047
0.00146535035333493
0.00153712188661041
0.00152677398895501
0.00145615119963771
0.001330524883154
0.000764310397234052
0.000272706676610379
0.000549075811573619
0.000932122479452269
0.00128810855412352
0.00156892741335776
0.00140556423265066
0.00112044042165531
0.000897937019083389
0.000730881569478151
0.000492940919360054
0.000279099607174721
0.00064893380592048
0.000798031257602432
0.000837337375498785
0.000911682843035333
0.000982675555012842
0.00106266180390868
0.00103260271669368
0.000842790901372619
0.00050759199862561
0.000467958276202693
0.000564330125146315
0.000573905280756025
0.0005596883149594
0.000533312811097459
0.000571364942388322
0.000678225188971366
0.000723706244536708
0.000653929965449019
0.000554429052212027
0.000553121504815871
0.000635272177687903
0.000722503425145832
0.000770792527511352
0.000761484526993043
0.000734393152912059
0.00074823298947657
0.000806711536424665
0.000840487248338442
0.000797591178989362
0.000691688044380275
0.000560029757456397
0.000437438199600088
0.000364742346575289
0.000359491228708464
0.000389328926812142
0.000425447033444603
0.000453845328040429
0.000484070536372065
0.000550383003278054
0.000672014011712756
0.000815396480817477
0.00093505617583125
0.0010141555469905
0.00105706206722394
0.00115114185329314
0.00099239838623183
0.00188203267641667
0.000665039402899655
0.00158799507717816
0.00190428517612056
0.000319874320591692
0.00169536571272968
0.00154483732347146
0.000770517422767572
0.000619668109734185
0.00156967068091917
0.00104802099064204
0.000597984595394528
0.000697341925551898
0.000997996497195932
0.00100188257830549
0.00111694128932387
0.000579540992029378
0.000601903593138094
0.000724004837991404
0.00124225620744457
0.00136876562999142
0.00103463989639474
0.000147848085472204
0.000553147388526605
0.00145094433422185
0.00165560900760857
0.00133214672581369
0.00107891473329396
0.000460946046224649
0.000865284061916216
0.00126131439113358
0.00165038690720254
0.00179852649535393
0.00125590659592215
0.00069539537245011
0.000279524785897776
0.000816231537373739
0.00149850156978062
0.001549877048967
0.0015446255193761
0.00150382180076914
0.00137040513045624
0.000787812192653416
0.000279195618585026
0.000541018087269292
0.000932194270520986
0.00133868703424292
0.00162484780836675
0.00144255138771678
0.00114466094972605
0.000918037328566695
0.000708911804500051
0.000428473201957796
0.000213865127731024
0.000671707697056438
0.000831108952222102
0.000863942880870811
0.000940645275256249
0.00102143789714424
0.00107358947115584
0.00103200851648254
0.000821321203266212
0.000428047617847288
0.000385772718405793
0.000516583284645984
0.000530326216380342
0.000503820390221179
0.000508531220642041
0.000592704557644784
0.000709161218753208
0.00075007060891446
0.000666115820211662
0.000544645582525015
0.000515499509207958
0.000569041258927198
0.00062943234416498
0.000660198786826179
0.000657879883853165
0.000655710594522949
0.000701403151167269
0.00078971591635739
0.00084277309397016
0.000808123314330594
0.000702979710533171
0.000567367750850501
0.000436405060428103
0.00034383547429755
0.000311874020869114
0.000324794799615594
0.000348708019126987
0.00036436654891047
0.00038536125172933
0.000458447723841735
0.0006017524171573
0.000766386177618956
0.000900216866437259
0.000986794159294426
0.00103197221554056
0.0011641203409446
0.000972908812646385
0.00188789575597567
0.000673947657040429
0.00158820343756417
0.00191841505023398
0.000316314083847956
0.00171357278324772
0.00156086732847409
0.000756367472373511
0.000623317427816524
0.0015799348734781
0.00104679190200409
0.00057038088477685
0.00070689326165233
0.00100658034235805
0.00097928960697627
0.00111417243366173
0.000554308430907849
0.000601570314031095
0.000707057225010235
0.00122110433804918
0.00137177154160164
0.00104487300257914
7.77350352863545e-05
0.000518884543858881
0.00145363229987917
0.00165908571188628
0.00133686046993183
0.00109359191690543
0.00046731006834535
0.000860459414056146
0.00125052660674432
0.00166076600296765
0.00181354023166104
0.00126126737843228
0.00070595603515823
0.000277920998732259
0.000820939480496955
0.00150984458175084
0.00155428238131171
0.00155077721485038
0.00152002789662409
0.00138398656668607
0.000795811919923788
0.000281414201252139
0.000538191445542966
0.000932219202004068
0.00135581139403345
0.00164382375796624
0.00145517696079229
0.00115295361813802
0.0009249159017992
0.000701120742327361
0.000403682266685336
0.000185929645879812
0.000679438419660009
0.000842292862807608
0.000872993197310568
0.000950497376945692
0.00103456019321764
0.00107735867895508
0.00103180207285722
0.000813732339368233
0.000396708048424457
0.000352778633789474
0.000498933117319216
0.000514328219579355
0.000482907876219751
0.000499637181681675
0.000599938172073654
0.000719594102720532
0.000759012637721324
0.000670296095463924
0.000541206444007493
0.000501774013981988
0.000544156806175091
0.000593705416680148
0.000617170782320432
0.000617847116849204
0.000626075217803713
0.000684390050756652
0.000783727177351167
0.000843565510694796
0.000811749117048039
0.000706859065891046
0.000569894104471844
0.000436045682270167
0.000336270626835429
0.000293535088095431
0.000299142754021417
0.0003177501171699
0.000327622515836758
0.000344525728137412
0.000421857290575025
0.000575346885043682
0.000748614782750433
0.000887797499900482
0.000977112413070561
0.00102311466374976
