0.00117714588278377
0.000929520395919829
0.00163252385594484
0.000613556042915316
0.000999479690425153
0.00131351809127831
0.000603463160434764
0.000365149437465882
0.00151303660740498
0.00140241632052463
0.000252602736085514
0.000614195964969289
0.00147389111349085
0.00125335973466239
0.000328683335419206
0.000742441841198145
0.00155418895306757
0.0012952879233046
0.0010563417831597
0.000294862960768856
0.00101427987653144
0.00158904793167711
0.00162381057842723
0.00087333052751265
0.00037537996128889
0.00110189123160073
0.00127118988934709
0.00148002870976923
0.00160779236845869
0.00052611084947728
8.87349581212301e-05
0.000663098820847201
0.00138449269575461
0.00137441482535194
0.00124413059094652
0.00114401268470543
0.000567648357668934
0.000228402142632023
0.000480154363514528
0.000909200003377206
0.00127704004207702
0.00152673202176778
0.000654377110434736
0.000877763248125135
0.000637735263409627
0.000207191090791685
0.000428657066179604
0.000896323073260894
0.000622723998066692
0.000693886049959401
0.000909790493078289
0.000927994561396004
0.000615341267066777
0.000842489367358572
0.000971345597294327
0.000768586358074769
0.000449770340014798
0.000263837822625131
0.000405802110231986
0.000559238183837042
0.000193955929993776
0.000832900001972995
0.00102220009305644
0.0010460488796937
0.00102447870565
0.000988006716163825
0.000939663536090359
0.000903326508417666
0.000934960997418399
0.000891901571020834
0.000445462475256529
0.0001204660222095
0.00028316222310079
0.000461815968206724
0.000593809436976679
0.000758064377153085
0.0010011275022233
0.00125383744613762
0.00144830960585851
0.00147999402616677
0.00135261366013636
0.00118358637907984
0.0010225406457932
0.000872325453712115
0.000731429583976399
0.000604980573891017
0.00050480122130698
0.000447546583526247
0.000481208941315019
0.000621117408578197
0.000746127676606819
0.000849109276267551
0.000941484918293545
0.00102328225499411
0.00109229375663889
0.00114777515909234
0.00119040716145328
0.00122245537667636
0.00124764596494094
0.0012715473825287
0.0013003500093885
0.00119845812521071
0.000919716502174161
0.00165205441264354
0.000643123412324132
0.00100690478019716
0.00134644004409822
0.000615488333041217
0.00039441209912343
0.0015174305734899
0.0014030178010757
0.000256337284075503
0.000646148371884078
0.00146836891021391
0.00124444869351814
0.000345629561538995
0.000743559170058026
0.0015459349704501
0.00128382775292314
0.00105161424380466
0.000313204497550059
0.001001574467562
0.00157710076060926
0.00160976522780335
0.000892846442710277
0.000377814063057807
0.00108723885498519
0.00126067961465244
0.00148719268547
0.00160407967383661
0.000557345915447209
0.000154026628771699
0.000661882474426499
0.00137746657462472
0.00137569749318764
0.00127105127924169
0.00115587927503648
0.000581586248633512
0.000235909572210825
0.000479032991263078
0.000927408640700627
0.00128594894051841
0.00152756089073819
0.000697346214278572
0.000901146024453518
0.000656127539390974
0.000215087557421151
0.000427653461887771
0.000892745606765339
0.000646662573114341
0.000735926202453005
0.000936580750538332
0.000939809127196136
0.000630823653878403
0.000841102459129638
0.000961108928667136
0.000757615389627088
0.000450926158079452
0.000295927095217929
0.000426177295573565
0.000573078071774872
0.000258281278655417
0.000840887682727316
0.00102349635749096
0.00104272271200878
0.00101378518260309
0.000974337238658918
0.000928812618061617
0.000894159578006132
0.000924727937381937
0.000882289802046336
0.000448932333192837
0.000166557997812432
0.000308249543597511
0.000471564083151181
0.000593627483715527
0.000751685889311582
0.000990123060443329
0.00123886510375815
0.00143027244320097
0.00146147882160823
0.001336391027641
0.00117109415678828
0.0010151994639681
0.000870990105033166
0.00073468535929999
0.00060994510141054
0.000508791124065666
0.000448726412893288
0.000478209924606517
0.000613944047857865
0.00073656678319993
0.000837966243234306
0.00092891116490994
0.00100941577318838
0.00107773337230655
0.00113376457105794
0.0011782564377715
0.00121261676009958
0.00123961467365196
0.00126439032765803
0.0012930964321219
0.00125780903350803
0.000890884947810061
0.00170704285683389
0.000721523522447033
0.00102798498151861
0.00143702869982218
0.000648869949211209
0.000468572728098459
0.00153001201858723
0.00140474825690565
0.000266798684847415
0.000730385886109909
0.00145235109462733
0.00121842643682547
0.000390336647464548
0.000746767053296646
0.00152191857892326
0.00125024293919906
0.00103788157431161
0.000360846960512353
0.000964055946659912
0.00154218341501126
0.00156862101725099
0.00094679619409306
0.000384736779874599
0.0010439009944943
0.0012299149544835
0.00150763041539338
0.00159334107919784
0.000638809967257687
0.000263369227215332
0.000658367593599889
0.00135703250373869
0.00137938412648077
0.00134556150325872
0.00118938670016969
0.000619971199788024
0.000256301095098363
0.000475789367720596
0.000977946620853561
0.00131126307704461
0.00152994501581459
0.000808413987320209
0.00096531580240305
0.000706416530054597
0.000236355651701135
0.000424750454565571
0.000882363696706454
0.000711104242025596
0.000845379119088235
0.00100975819136662
0.000973026938733142
0.00067341830277738
0.000837096182415741
0.000931005194178479
0.000725099239932044
0.000454237777983482
0.000373220653691913
0.000480039229302763
0.000611180576460892
0.000387906491083144
0.00086347470088306
0.00102721966620344
0.00103308558410108
0.000982344479755996
0.000933860696996515
0.000896835693162919
0.000867223432889842
0.000894609506255366
0.000854009835816019
0.000458776841125003
0.000256582161452381
0.000371132102117187
0.000498569288642559
0.000593103258419369
0.000733009833466194
0.000957731097555698
0.00119470644616872
0.00137701757335256
0.00140680608084513
0.00128853960742303
0.00113435614001259
0.000993758530316017
0.000867133636698068
0.000743980419350968
0.000624019335288093
0.000520108671586403
0.000452106400368164
0.000469467612090217
0.00059280457262247
0.000708316875306482
0.000805020163466721
0.00089171680525327
0.000968380495840179
0.00103466464635032
0.00109241956209015
0.00114254834167176
0.001183831001772
0.00121619331734669
0.00124355237278761
0.00127197958580478
0.00134366441758191
0.000844806007565897
0.00178801280798744
0.000827352427466109
0.00105946846681912
0.00156568475645905
0.000696918968892199
0.000563571930181621
0.00154908971719893
0.001407395342025
0.000282074909822766
0.000843278229346358
0.0014274617817226
0.00117744302019508
0.00045030308985283
0.000751655260717855
0.00148436981010684
0.00119696157108409
0.00101648209977888
0.000423569618701134
0.000903557454183818
0.00148709749881423
0.00150340189983117
0.00102395321851122
0.0003951077952678
0.000973769492901828
0.0011812275935777
0.00153841627162798
0.00157674674214767
0.000746572562735089
0.000373211174089197
0.000652945783856216
0.00132511462340722
0.00138501334212305
0.00145232178133306
0.0012389665556644
0.000674556794695823
0.000284723923701264
0.000470776501141493
0.00105067061048547
0.00134912558655536
0.00153359051814767
0.000953814402638518
0.00105609353747441
0.000777177279903058
0.000265657854003508
0.000420263894917345
0.000866216363661392
0.000799826266091823
0.000989867400175776
0.00111257544389038
0.00102182713829425
0.000733897445229994
0.000830920743690193
0.000882894867156502
0.000672237738162328
0.000459265158306966
0.000467476775400705
0.000552467012815916
0.000665337870543505
0.000528017634909924
0.000896977460069984
0.00103289807287114
0.00101814372574232
0.000932119739125844
0.000868194369999107
0.000845501642375387
0.000824249189862218
0.000846389068340596
0.00080876659958475
0.000473462627765818
0.00035241455810066
0.000450768010055324
0.00053731740870718
0.00059229919870059
0.000703435325116523
0.000905859803359502
0.00112369045436659
0.00129117282046738
0.00131865301386274
0.00121156665265227
0.00107563910811843
0.00095998068698069
0.000861191687555548
0.000758000220354966
0.000644986882004856
0.000536985685766193
0.000457236379840582
0.000455748445988518
0.000558868163274561
0.000662703743559372
0.000751748329963075
0.000831510828215846
0.000901896524952688
0.000964958082665463
0.00102584822595138
0.00108556445139695
0.001138317568069
0.001179407882914
0.00121093143105761
0.0012389287533416
0.0014420173431373
0.000784594588652498
0.00188258703121339
0.000941055041272846
0.00109685519872129
0.00171033828389158
0.000751676785275702
0.000661734865118592
0.00157217584794319
0.00141063568871944
0.000299752618330712
0.000963869201008462
0.00139632475325849
0.00112513247041765
0.000514402669060409
0.00075760846210643
0.0014369700541293
0.00112817086170693
0.000989599975227407
0.000489657846373602
0.000823295830104272
0.00141660217999644
0.00141931178502241
0.00111130819947679
0.000407469386434541
0.000880141355588463
0.00111861334536055
0.00157535928669473
0.00155614911979195
0.000860525916006081
0.000474405017536789
0.00064623282859407
0.00128487915919838
0.00139188750549251
0.00157342040826718
0.00129719983243163
0.000736007715047512
0.000316118587888842
0.000464553440988739
0.00113352547873519
0.001394167223804
0.00153805058821572
0.00110637832334792
0.00115776869842409
0.000856026761621394
0.000297688941599152
0.000414694028372105
0.000845987914111648
0.000896750898819001
0.00114241787888643
0.00122698875000827
0.00107867848184237
0.00080188048801049
0.000823282186504784
0.000820033002199475
0.000601077644111175
0.000465357984357641
0.000561905564816801
0.000630042596514929
0.000726277080048344
0.000660472645801034
0.000936439133290569
0.00103982132061209
0.000999509811802876
0.000866543430743492
0.000780130059832451
0.000777918448425758
0.000768257470874084
0.000783193739001669
0.000749547135237495
0.000490877737072623
0.000442478406337767
0.000532429804850933
0.000581332397040974
0.000591311380234448
0.000665363940687556
0.000837855900840667
0.00102991037761783
0.00117735111783217
0.0012017180290549
0.00110987857575141
0.000998909373649053
0.00091684807984635
0.00085384633711694
0.000774851691998096
0.000669811583247752
0.000556990447019608
0.000463451686853721
0.000438333366321562
0.000514189114220542
0.000602049685595902
0.00068073085824957
0.000751095037281764
0.000812949892979447
0.000871872033721798
0.000937754206865913
0.00101128762789194
0.00107987045042528
0.00113265343715571
0.00116967410514229
0.00119714037642184
0.00153979784117548
0.000714971160444818
0.00197827121385262
0.00104859979526775
0.00113528987428057
0.00185190670090495
0.0008058725924618
0.000752257952352937
0.00159637694802158
0.00141407583834021
0.000317485593774365
0.00107747644286769
0.00136240805477618
0.00106665080429136
0.000574818158224377
0.00076389277184669
0.00138474741107798
0.00105002709912049
0.000960166339764024
0.000551354468346728
0.00072823137278211
0.00133750793986914
0.00132397188691331
0.00119728962244007
0.000420225115824398
0.000768069477879866
0.00104787939446345
0.00161374460605796
0.00153392583664169
0.000967156792729186
0.000562439699532829
0.000639011600404766
0.00124062909756796
0.00139916574400415
0.00169280258457106
0.00135642731225247
0.000796210276587263
0.000346417106657146
0.000457838105632816
0.00121551043752314
0.00144055357662566
0.00154278273419067
0.00124842134675233
0.00125696827366949
0.000932643419848251
0.000328361659481973
0.000408683334068614
0.000823915954789397
0.00098952296267073
0.00128501967652884
0.00133804245005643
0.00113605797522319
0.000868400698697344
0.00081507478327953
0.000747351806275766
0.000514655217160582
0.000471755414828054
0.000647440719362429
0.000703260138382413
0.000785954730497288
0.000777012593007649
0.000976683765893619
0.00104713861378319
0.00097929066357579
0.000790808496570209
0.000673890498351672
0.000698856118612224
0.000703796706997177
0.00070978958419152
0.00068089347015076
0.000508756182357431
0.000521510132169875
0.000607391150150654
0.000624775686121058
0.000590258350085203
0.000622296274376678
0.000758823346623429
0.000919667809776777
0.00104266577854415
0.00106324608042653
0.000990261144945792
0.000910178330551175
0.000868598026354719
0.000845959531575231
0.000792391140162459
0.000695256618242421
0.000577518486919591
0.000469975609259838
0.000419006388554951
0.000461920317833039
0.000529932225277027
0.000595931689834315
0.000654759170980344
0.000706093967981495
0.000760397435841593
0.000833846356708934
0.000925721138432757
0.00101397882495947
0.00108067899986613
0.0011241070761369
0.00115100497337505
0.00162633248215804
0.000642709295401102
0.00206414658494106
0.0011404534545988
0.00117025680661263
0.00197571422973918
0.000853670062495861
0.000828354838280816
0.00161878883894693
0.00141730091163191
0.000333290383447815
0.00117425770148602
0.00132974861759778
0.00100861040470134
0.000626301164161422
0.000769751335023222
0.00133381205414953
0.00097088073389055
0.000931660695647634
0.000603610250405378
0.000625876092497609
0.00125866208912645
0.00122765232375619
0.00127280326858761
0.000431868358379794
0.00064525382862978
0.000976754019152387
0.00164900088263964
0.00151274527481422
0.00105760414258424
0.000634122981612883
0.000632150692120847
0.00119755845214623
0.00140597071423336
0.00179777468414307
0.00140981712737155
0.000848900048228542
0.000372650051208545
0.000451436724776711
0.00128780313050236
0.00148282062528111
0.00154721630662142
0.001368527288263
0.0013435267173254
0.000999300275593247
0.000354775971529164
0.000402953425772642
0.000802622117004445
0.00106939039281961
0.00140590067541599
0.00143458526147877
0.00118745285788664
0.000926567121386479
0.000807286305259523
0.000671926707750393
0.000417445505654713
0.000477688956738847
0.000718597810546132
0.000765707970058562
0.000838169883386118
0.000872450607638005
0.00101304534204766
0.00105396832321163
0.000959902818721005
0.000712340078575062
0.000555850564382952
0.000615373024809541
0.000637308888487674
0.000633102860230313
0.000609371326067109
0.00052500185328201
0.000586143273671132
0.000670234069176943
0.000663009816004133
0.000589267110450468
0.000578913266429885
0.000676190356787084
0.000802386458653154
0.000897875452441391
0.000914206036913404
0.000862875329513
0.000818073981529117
0.000820676558413415
0.00083848075336065
0.000808526146480276
0.000718346186949109
0.000596164687051509
0.000476024613121048
0.000399994809540952
0.000406727428738164
0.000451791694905403
0.000503392022900313
0.000549038313392093
0.000588250693491745
0.000638138701474241
0.000722715792275095
0.000837384090087592
0.000947895754497105
0.0010294503170005
0.00107953661361632
0.00110589921499934
0.00169360793716372
0.000577145075849693
0.00213159461684983
0.00121018590633664
0.00119800722175673
0.002071174543608
0.000890739251304322
0.000885564597911295
0.00163683214778095
0.00141992459573952
0.000345640269954428
0.00124761203062456
0.00130251864563218
0.000958699135455227
0.000665329484246063
0.000774494491165429
0.00129080291604846
0.00090123193189926
0.000907760623011247
0.000643075444539877
0.000527951785564479
0.00119052910088231
0.0011431428627597
0.00133119695052172
0.000441132700060597
0.000524261616334361
0.0009146891529353
0.00167719380702942
0.00149525675410167
0.00112597466204729
0.000687048168930427
0.000626502039822601
0.0011612656006578
0.00141149390319401
0.00187901479835304
0.00145188902335707
0.000889547004146616
0.000392741036874113
0.000446150320035693
0.00134386235955625
0.00151640561784675
0.00155082121000838
0.00145914210360271
0.0014101641754396
0.00105051475537655
0.000374934782698465
0.00039822136564891
0.000784835879731525
0.00113033120153282
0.00149724023592587
0.00150872376058972
0.00122775957204899
0.000971411282636878
0.000800881041315883
0.000603504909219934
0.000316852361599054
0.00048247203657587
0.000771766604951415
0.000813074925201449
0.000878442677897505
0.000943133733740512
0.0010417489476132
0.00105950338019266
0.000943803074576335
0.000641307195270242
0.000436618268774996
0.000537812910213095
0.000577471093459025
0.000562909866635712
0.000544154413715578
0.00053788252982216
0.00063397598728662
0.000717402585131279
0.000692618710576108
0.000588457809101373
0.000540979122251784
0.000600471920017177
0.000692228844925894
0.000759690847048072
0.000771696248400398
0.000743043247868781
0.000734493483827156
0.000779433715160734
0.000832334279348044
0.00082144506768415
0.00073663368878238
0.000610944294142738
0.000480899513508816
0.000383800279935958
0.000355448398347407
0.000376270104405348
0.000412882085750809
0.000444628458649409
0.000470845447457392
0.00051752697824686
0.000617496720197156
0.000757789930925224
0.000890402946093168
0.000985720408784067
0.00104179255468434
0.00106771974922672
0.00173611334068776
0.000529994324915012
0.00217449008811641
0.00125361014588306
0.001215778429329
0.00213117683026191
0.000914124026975451
0.000920990854817207
0.00164850256647331
0.00142163447226465
0.00035346843033449
0.00129324846920449
0.00128443422089331
0.000924669921366052
0.000689613099608263
0.000777574761265988
0.00126194032984573
0.000852709037665615
0.000891815560086356
0.000667577335591649
0.000452753290544811
0.00114387167832264
0.0010844369100116
0.00136796695280506
0.000447076036717263
0.000427189888548745
0.000871799260701116
0.00169534257660235
0.00148373075567312
0.00116844454056432
0.000719495888733091
0.000622787511316137
0.00113695243843627
0.00141508728154074
0.00193019714459921
0.00147870401373174
0.000915104145194976
0.000405317711348561
0.00044266581501811
0.00137922400204777
0.00153793113546646
0.00155316963075985
0.00151536698882896
0.00145201013862644
0.00108263669679674
0.000387527325502033
0.000395102165582866
0.000773006036833295
0.00116839436181392
0.00155396486562878
0.00155520914623118
0.00125336897787402
0.000999596722812429
0.000796672526324575
0.000554309006129374
0.000228436529918224
0.000485568558480364
0.000804577220145137
0.000842556471934121
0.000903761450298485
0.000986541163175764
0.00106006477818781
0.00106310058859797
0.000933144904887889
0.000590351758824235
0.00033674658036172
0.000480483202049963
0.000534815851853455
0.000511929612801962
0.000496992485699397
0.000546125961710801
0.000663338820962488
0.000746584037631941
0.000711280063898428
0.000587928974296773
0.000514713658727081
0.000545409669086247
0.000609686411981452
0.000653932961877916
0.000662342889211296
0.000653074734882586
0.000674376012403295
0.000751294204199762
0.000828297853073069
0.000829768815050459
0.000748329002196216
0.000620401122562672
0.000484054899488516
0.000372850857164689
0.000317542959786156
0.000317429301104524
0.000341088926119229
0.000360523750560405
0.000374881337163829
0.000420542366281282
0.000537829523646025
0.000700980783844041
0.000850784250144381
0.000956099560882089
0.00101640116597049
0.00104204565486803
0.00175063387955489
0.000512605367101244
0.00218919089743729
0.00126834344857499
0.00122188983711057
0.00215162396763166
0.000922106739375466
0.000932979606910099
0.00165253637832367
0.00142222782520677
0.000356146868822973
0.00130872557788203
0.00127809370151903
0.000912554869476246
0.000697849042400314
0.000778641677007448
0.00125176077072023
0.000835197939313609
0.000886210780873543
0.000675878976332487
0.000423524837801217
0.00112721599368368
0.00106329050867014
0.00138050792969167
0.000449121735739645
0.000387834039750826
0.000856401370258585
0.00170160029208237
0.00147970681395764
0.00118283747315623
0.000730427712701269
0.000621492275089146
0.00112838600969545
0.00141633311582893
0.00194765793817926
0.0014879037051901
0.000923814647636832
0.00040959520826565
0.000441449224375845
0.00139129471663224
0.00154533672252666
0.00155398439842116
0.00153441176049335
0.00146626371444671
0.00109357180788559
0.000391805994421697
0.000394013101720284
0.000768854992648
0.00118132666541354
0.00157318667955782
0.00157103158768508
0.00126214146761656
0.00100920127605657
0.000795205713537075
0.000536168422845571
0.000188253385048418
0.000486639359554976
0.000815663504279203
0.000852556826840219
0.000912390206618622
0.00100117619965925
0.00106635220055561
0.00106434704163168
0.000929414766909018
0.000571593367073528
0.000294234673072491
0.000458900235198309
0.000519182593625698
0.000492992515099999
0.000479529366407538
0.000548959915639431
0.000673236879206818
0.000756455327024379
0.000717647563450868
0.000587745200573606
0.000505272428262104
0.000524937240293064
0.000578269768298166
0.000612949317634373
0.000619867833823252
0.000618776110167275
0.000652202279531037
0.000741271583568401
0.000826891407185403
0.000832640154739676
0.000752348208927776
0.000623651896310744
0.000485145952184181
0.000368972151359809
0.000303272138468118
0.000294254103649264
0.000312317974632187
0.000326281283002865
0.000335185988265196
0.000381129181286499
0.00050724243046307
0.00068014195755692
0.000836585978368765
0.000945595291664831
0.00100743311681009
0.001032979855892
