0.000900982933517051
0.00116312860532606
0.00167239671709334
0.000525042011307207
0.00131113029052265
0.00143215824142189
0.000687389495711489
0.000792273904683162
0.00105729739583311
0.00121111250183263
0.000340514298310265
0.00114285090251143
0.00123670618255882
0.00122598563836493
0.00015912191700409
0.000995753393870907
0.0015304937296594
0.00124459068440934
0.000912682489804355
0.000546601316200742
0.00117075274146845
0.00180367570889076
0.00119752140569965
0.000699251777730572
0.000663402980388425
0.00106708898678927
0.00137539624662354
0.00162231275159304
0.00086301125021114
0.00041525834972158
0.000201693491127467
0.00109956744731941
0.00145618826452903
0.00120671687239384
0.00120454128459198
0.00100146040291053
0.000239345098163055
0.000294892414861256
0.000597859825055558
0.00105361771538581
0.00139432348528746
0.000695422930985639
0.000924100593240387
0.000828240488005352
0.000448021354731663
0.000247196308117819
0.00065596554740156
0.000635101676479847
0.000570563902556386
0.00084491864033722
0.000945000808288396
0.000712128562900789
0.000820394262918081
0.00102452839044772
0.000874517466487716
0.000561937319663233
0.000297617589874005
0.000326500113451242
0.000500686164110805
0.000255702785060917
0.00072632777031111
0.000980792489903593
0.00103324467525481
0.00102939576096208
0.00101103685415601
0.000983465715344922
0.000969133329498589
0.00102902778053007
0.00102643477015792
0.000579889293203752
0.000194043487203114
0.000213984878998736
0.000400157458530031
0.000550148274802747
0.000727060058447348
0.000991085395717316
0.00127229973071816
0.00147796118083746
0.00149513996838271
0.00136315456089402
0.00120365770804035
0.00105456733197943
0.00091422093589387
0.000780377173286726
0.00065776587734347
0.00055888378841796
0.000500605208355231
0.000514795445157582
0.000610313277532683
0.000713310660582976
0.000813128429338664
0.000909425925090902
0.000997198597508852
0.00107289454482292
0.00113501178151462
0.00118427006125991
0.00122286808857174
0.00125470464505726
0.00128537483857256
0.00132040828280057
0.00135279184303329
0.000924259047050081
0.00115398854776329
0.00168003270592994
0.000539012469217295
0.00131368877745851
0.00144687877301195
0.000682167804913502
0.000821703970076511
0.00107399559240389
0.00119729695895231
0.000344888603915883
0.00115054817593619
0.00123067404657591
0.00121113529294285
0.000188265760110626
0.00099312303561772
0.00151303904236609
0.00124465783186176
0.000905104407414219
0.000542832851143252
0.00116149236647928
0.00178915381518261
0.00121119469715324
0.000710292322149368
0.00065340624573508
0.00105348084533901
0.00138182490821398
0.00162218489978929
0.000881596938266999
0.00045562103315552
0.000215141890417689
0.00109364334825779
0.00145081267661097
0.00123234560915747
0.0012224302265058
0.00100729484010831
0.000263626652505723
0.000297153346703146
0.000619620652338581
0.00106737743941694
0.00139749911032851
0.000734231793850927
0.000947461282238953
0.00084475102129845
0.000450284788608225
0.000245927841559976
0.000652852478104994
0.000647472885445343
0.000613116882539734
0.000874432774669634
0.00095648761751231
0.000723902910951988
0.000821303023768253
0.00101488884330149
0.000862760524319301
0.000555589099738615
0.000317289506453162
0.000347579509207958
0.000513095086788801
0.000298235118243587
0.000736409652777065
0.000982369881087029
0.0010301917775754
0.00101912948670403
0.00099725877942054
0.000972205660616672
0.000959317126361043
0.00101757429871696
0.00101449211637307
0.00057850302297411
0.000220769858444749
0.000244381773011435
0.00041076183000668
0.000549547061097651
0.000720297278604706
0.000979722158951029
0.00125673102559379
0.00145931447653903
0.00147641388105098
0.00134698421451421
0.00119134905259361
0.00104760427359044
0.00091332343045275
0.000783821418528328
0.000662563472913682
0.000562409067996694
0.000501069201450538
0.000511236732053213
0.000603055829503803
0.000703788166821581
0.000801995741535706
0.000896846758249843
0.000983403324109187
0.00105862900632999
0.00112161150279795
0.0011729152763505
0.0012137555043259
0.0012471777310451
0.00127847980378781
0.00131322435739804
0.00134480731500654
0.000988222718961813
0.00112725696524977
0.00170182831185597
0.00057735383343905
0.00132102797230752
0.00148845197472558
0.000666904239570697
0.000901091948694998
0.00112068740151215
0.00115659536080513
0.000357184842661237
0.00117242938458242
0.00121313769552143
0.001167320750579
0.000254156453640539
0.00098551001124711
0.0014616165479448
0.00124485115501627
0.00088292099355914
0.000531832872008098
0.00113440605495818
0.00174666549357576
0.00124973011883733
0.000741164328996945
0.000623727578627537
0.00101327756839122
0.00140017065974583
0.00162181670890095
0.000933046885027991
0.000555701250243578
0.000249854358635378
0.00107640350349382
0.0014352218409129
0.00130332894230099
0.00127253562277467
0.00102390876748955
0.000323519333716354
0.000303569407031459
0.000678391042876404
0.0011060413481968
0.00140660291641972
0.000835974908638579
0.00101171755508047
0.000890583300616674
0.000456739444073215
0.000242238342740688
0.000643804684885038
0.000681841870981937
0.000721764839607252
0.000954330952574977
0.000988817574211931
0.000756783346126256
0.000823914098147215
0.000986606994264038
0.000827975879740667
0.00053689106437278
0.000368107090011949
0.000402150780773888
0.000547255919979699
0.000395958689385648
0.000764697256102518
0.00098689771689149
0.00102135034410239
0.000988973892513494
0.000956478538944103
0.000939029818453732
0.00093047429274989
0.00098385089880112
0.000979291518763813
0.000574492734352734
0.000284009694666506
0.000315975794190301
0.00043987037624696
0.000547812250060597
0.000700460055198832
0.000946241189049128
0.00121078516749653
0.00140424119775266
0.00142111677749854
0.00129930005501904
0.00115517542663649
0.00102729138365633
0.000910734226678355
0.000793655250588308
0.000676187512075801
0.000572438466241347
0.000502402822991209
0.000500848620779191
0.000581653309905691
0.000675620050798628
0.000769040886116125
0.000859598992716569
0.000942554408650446
0.0010164354146506
0.0010821005202542
0.00113958876008378
0.00118712625005695
0.00122524662149716
0.00125841536048981
0.0012923160453855
0.00132154737875497
0.00107888998020909
0.00108502511013489
0.00173469000994221
0.000631597546173681
0.00133219384706948
0.00154998444152513
0.000642816480583967
0.00101069748312421
0.00118867114819067
0.00109129634565408
0.00037524302105457
0.00120518299884995
0.00118576750284216
0.00109680320767751
0.000330542284811594
0.000973730734197137
0.00137911861938328
0.00124514728505162
0.00084780889935176
0.000514523974740777
0.00109160452668925
0.00167948595057516
0.00130656710939385
0.000786114823148554
0.000575295022265952
0.0009483825488278
0.00142782082970242
0.0016212524455422
0.00100678568077941
0.000681081297509338
0.000295223481268177
0.00104944133234671
0.00141100118216961
0.00140514340118007
0.00134568765392547
0.00104885244347663
0.000398173090528201
0.000313144494394676
0.000759663924391988
0.00116278686078208
0.00142043758443362
0.000971399545170916
0.00110292627175907
0.000956552285214146
0.000466455333837504
0.000236474072419983
0.000629690543280261
0.000731372126780682
0.000862059547026436
0.00106518006250252
0.00103639556465617
0.000804556842403845
0.000827898523051518
0.000941630465121654
0.000771647172792386
0.000506907958842571
0.000434586919064576
0.000473717985258004
0.000595806253403625
0.000510606317739817
0.000806113236438079
0.000993794750096896
0.00100765401751185
0.000940900034012683
0.000890384036782901
0.000885794600894507
0.000884461945646182
0.000929814208649449
0.000922760121196459
0.000568293726090797
0.00035995710598262
0.00040162847237788
0.000481062875814851
0.000545143657013865
0.000668927558585941
0.000892512473298185
0.00113679572155764
0.0013153990462485
0.00133195115243982
0.00122264169244443
0.00109744386629042
0.000995366486226039
0.000906752995565667
0.000808489580088141
0.00069654405513184
0.000587472369507762
0.000504439210830895
0.000484501276109787
0.000547241531635169
0.000630025898418944
0.000715613450183701
0.000799171781292769
0.000876284399200878
0.000948155998226847
0.00101859770721905
0.00108654865066511
0.00114512734513928
0.00119086305406143
0.00122703861669732
0.00125960964701593
0.00128509473800548
0.00118063863060795
0.00103085989803834
0.00177416976972495
0.00069235742215467
0.00134576430106347
0.00162228086723446
0.000611974987977703
0.00113073055109601
0.00126709379859604
0.00100541987013447
0.00039627238060561
0.0012441842224449
0.00115130469478502
0.00100355604245466
0.000405024830261861
0.000959083753194172
0.00127062562804023
0.00124551044616033
0.000802642535565056
0.000492461310995661
0.00103669008077871
0.00159321407270142
0.00137307863215249
0.000837968139021431
0.000509635988254989
0.000862131354844868
0.00146102430123023
0.00162056000573885
0.00109045085535987
0.00080875868894994
0.000342771608953334
0.00101539003330018
0.00138070999865963
0.00152075629678465
0.00143032149008946
0.00107866291701464
0.000473953369699851
0.000324504451384256
0.000848797697557625
0.00122882196078002
0.00143722645390598
0.00111528623187235
0.00120542162147903
0.00103173054397592
0.00047810406159624
0.000229205252268422
0.00061193255110612
0.000787888974766493
0.00100782835160588
0.00118710350546612
0.00109193102923035
0.000859540997702963
0.000832760108337283
0.000883336541745976
0.000696354496109142
0.00046750939989549
0.00050430660498339
0.000548909281916618
0.000650431452492818
0.000623068705037834
0.000854179344873482
0.00100219039211679
0.000990594393411832
0.000878342567521069
0.000801901379924472
0.000815761106745541
0.000824520100245904
0.000858897906882749
0.000848284457367826
0.000560595907603688
0.000435388544982819
0.000486521407211754
0.000527215631831811
0.000541852194183298
0.00062808893424251
0.000821821081055995
0.00103886215119156
0.0011974495603786
0.00121365945503179
0.00112147264812759
0.00102218222446034
0.00095474800509661
0.000901845290101817
0.000826322956835064
0.000720730252059588
0.000605404528431817
0.000506926038300942
0.000463661814271239
0.000501816751149664
0.000569129596465317
0.000644050201841358
0.00071813594695281
0.000787411543155559
0.000857001348029059
0.000934827075667553
0.00101771708539985
0.0010914030427993
0.0011472789068259
0.00118741755388468
0.00121829074695918
0.00123891502570684
0.00128006495480538
0.000969901811553159
0.00181524042261252
0.000751641413204491
0.00136005696690018
0.00169583531238719
0.000577347458038614
0.00124582910156604
0.00134553860340467
0.000905126928502174
0.000417489550842188
0.00128438837301829
0.00111345921299029
0.000893701742297375
0.000471538043134233
0.000943246989090869
0.00114392354011707
0.00124589679787486
0.000751602305073382
0.000467841363887508
0.000974859725220596
0.00149595087672825
0.00144048966712997
0.000889836704885277
0.000428860794751034
0.000759664104209266
0.00149554926621963
0.00161982280158388
0.00117294915667835
0.000925482211762861
0.000387007378401998
0.00097785192029073
0.00134772724259578
0.00163483362366609
0.00151520363982038
0.00110950720007106
0.000543105230506717
0.000336172107446731
0.000934359052976931
0.0012954030812009
0.00145488002324254
0.00125035147880403
0.00130568769059126
0.00110613587324426
0.000490196441802239
0.000221207754263382
0.000592450567834442
0.000843885913991399
0.00114270833127996
0.00130439430845983
0.00114808389842724
0.000914429846248905
0.000837902719047759
0.000816744415181044
0.000606041462668216
0.000421557319353426
0.000569197285177483
0.000618974046536519
0.000703921886379551
0.000723804398363289
0.000902523011775286
0.00101104827912809
0.000972111159223609
0.000806458036556984
0.000695484052860574
0.000733929485781421
0.00075552598683691
0.000776347789185036
0.000761066205852813
0.000552286230219239
0.000503396004787285
0.000562973873943775
0.000572256634969124
0.000538327389468543
0.000581487702402988
0.000739204739902899
0.000923303997314923
0.00105757961861512
0.00107355445462449
0.00100266106842868
0.00093546346929262
0.000909532571717634
0.000896593114705598
0.00084488751338738
0.000745607462361097
0.000623921724883412
0.000509559135058847
0.000440403187414367
0.000448451257759308
0.000496183268701145
0.000557901508015422
0.000620380431105029
0.000680198771749337
0.000747892016770466
0.000836516590900883
0.000938942308739336
0.00103116110303742
0.00109900085140954
0.00114374720498958
0.00117272223510947
0.00118780131357069
0.00136691999590636
0.000908901624937378
0.00185300478496331
0.000803372985433211
0.00137335212566228
0.00176215800936362
0.000542798715458202
0.00134503989795726
0.00141529563312815
0.000799497440848357
0.000436488258539651
0.0013210532962028
0.00107668442378967
0.000776434323147084
0.000526436166313851
0.000928119057744648
0.00101048621264097
0.00124625974057468
0.000700257906110172
0.000443462246430078
0.000912949815024524
0.00139840160499662
0.00150107887861775
0.00093596124289537
0.000335687442653476
0.000648791619327638
0.00152728101367861
0.0016191297503774
0.00124550206145359
0.0010231012693886
0.000424393900698307
0.000941214209255125
0.00131598042719073
0.00173520970300408
0.00159084454715393
0.00113772952293817
0.000600877090620626
0.000346778532241811
0.00100816421937925
0.00135499050567614
0.00147127591925037
0.0013651465574044
0.00139334678739875
0.00117175603736542
0.000501293792905007
0.000213419613172379
0.000573540706605768
0.000893312534648484
0.00125632545706032
0.0014057206973932
0.00119845494032346
0.0009631619582289
0.000842706591973092
0.000748790326371807
0.000506711436075092
0.000373255855618064
0.000624055214753623
0.00067824887799615
0.000750720990063137
0.000807086492621258
0.00094570163901289
0.00101930181960907
0.000954416439054911
0.000732507581286233
0.000577892860269351
0.000647677850790139
0.000684382918546972
0.000689831168920246
0.000668821387989815
0.000544362096951693
0.000559822833216241
0.000626368288304783
0.000611565604188872
0.000534993992312487
0.000534003350859567
0.00065210046907679
0.000799637622979406
0.00090668927890961
0.000922710446102428
0.000876457306739725
0.000845910966192874
0.00086489236922834
0.000891629488996939
0.000861968176999204
0.000768250586347774
0.000640834750066065
0.000512021096251209
0.000417367654408005
0.000391733695734609
0.000416141443541938
0.000462549613613434
0.00051177688653275
0.000561081953996967
0.000628326334239755
0.000732202416754837
0.00085835467890203
0.000971152503813334
0.00105161635015865
0.00110113321143654
0.00112822574070559
0.00113767917964295
0.00143383741140037
0.00085596342663336
0.00188323035252136
0.000843199955568168
0.00138409595173544
0.00181443196011043
0.000512915400876708
0.001420800840895
0.00146971445382564
0.000701720060512195
0.000451384883293911
0.00135020635841047
0.00104574894259254
0.000665725018157167
0.000567272188922107
0.000915601739732802
0.000886976673333883
0.00124655553598844
0.000655432364185922
0.000422548791080264
0.00085918607409338
0.00131352950503175
0.00154871883889926
0.000971944134607886
0.000233697089110263
0.000541875071973124
0.00155266923073214
0.00161856455029161
0.00130165905768256
0.00109626824350596
0.000452592406379801
0.000910256444859177
0.00128952203866408
0.00181292977234082
0.00164994385477371
0.00116022874960491
0.000644150858701324
0.000355190709208489
0.00106455153196269
0.00140169365060948
0.0014845079984146
0.00145202897756153
0.0014609206753389
0.0012226470750438
0.000510161862057668
0.000206853821622513
0.000557651011072652
0.000931667395247593
0.00134184791723363
0.00148320992364179
0.00123800234868626
0.00100113517442558
0.00084660257706894
0.00068844863612515
0.000408230059268783
0.000328669434976482
0.000665438104985187
0.00072298341584223
0.000786815133664251
0.00086909385833037
0.000979493872620653
0.00102598104328145
0.000939745089238519
0.000666176305923207
0.000460318037282389
0.000567751418697211
0.000620379321888646
0.000610294120198362
0.000582920587713494
0.000537815907060866
0.000601921270660413
0.000673648246419714
0.000641831777660097
0.000532261136357643
0.00049191398479274
0.000571350285647838
0.000682439827974836
0.00076188369053013
0.000778405771140269
0.000758188291698223
0.00076519156822263
0.000826719822743361
0.000887562566229971
0.00087564598011072
0.000786227087218377
0.00065429898685125
0.00051401938084142
0.000397602696874544
0.000338538047191168
0.000337111080610807
0.000366920796111884
0.000402095373418419
0.000440770341694497
0.000510541699684509
0.000634602341879678
0.000786573698356467
0.000919339484997022
0.00101134686332465
0.001065133276486
0.00109060947349901
0.00109512324746959
0.00147587908669747
0.000819568230880743
0.00190269973214328
0.000868210327101274
0.00139106373082225
0.0018477538892241
0.000492433304269025
0.00146814315209755
0.00150417229571284
0.000629764927607625
0.000460848321665613
0.00136889983818208
0.00102505380849577
0.000582218890726943
0.000592409691701335
0.000907338505848529
0.000796092587918945
0.00124674856488127
0.000624441411638454
0.000408321172989824
0.000822200273687639
0.00125504132707075
0.00157903857372263
0.000994728495857833
0.000129269872103161
0.000458844344777883
0.0015690186549289
0.00161819553565922
0.0013370413720396
0.00114149788234037
0.000470086219570019
0.000889469237552942
0.00127195573752299
0.00186190896417328
0.0016874021383363
0.00117468166779064
0.000670892000356384
0.000360575530695744
0.00109979753521011
0.00143135528639943
0.00149308137704154
0.00150603647779537
0.00150338908787736
0.00125475104999584
0.000515867865270433
0.000202453488385142
0.000547030862257718
0.000955872028571279
0.00139484336218152
0.00153167443251376
0.00126314743714636
0.00102516205838788
0.00084913585943285
0.000646030588637583
0.000328390189257964
0.000295966830477269
0.000691113645052434
0.000750745466079317
0.000809506348603389
0.000907283435610814
0.00100093504449062
0.0010303172431399
0.000930044224519464
0.00061906002938124
0.00036361905584939
0.000508856391178339
0.000574772619011749
0.000552235503033935
0.000519243715532437
0.000533499863281679
0.000627878485329944
0.000702794572715509
0.000660839388750053
0.000530469797661891
0.000462380241574603
0.000511818354519729
0.00059359242746681
0.000650201013475826
0.0006676005479869
0.000669823592067598
0.000707556243183595
0.000800823662366635
0.000884897989602398
0.000884459452505803
0.000797741956100851
0.000662939666985138
0.000515319489043036
0.000384153939583619
0.000298751148653434
0.000273474953064581
0.000287849936071559
0.000310253138292982
0.000340007660964952
0.00041605096590366
0.000561826757145621
0.000735955487484814
0.000883884267292622
0.000984174511271178
0.001040964700411
0.00106534105899598
0.00106643128561912
0.0014902025426485
0.000806544171704238
0.00190941493247215
0.000876729433987567
0.00139347546390313
0.00185918675513241
0.000485117670673858
0.00148423171689901
0.00151595614859305
0.000602768927422221
0.000464089794478768
0.00137533257314517
0.00101776801740289
0.000550260619212122
0.000600893879799486
0.000904451052663803
0.000761997044441539
0.00124681559612082
0.000613312104637254
0.000403262551846479
0.000808959718271304
0.00123408024220259
0.00158943319942315
0.00100252028144897
5.95559183530268e-05
0.000426240681427803
0.00157465703607129
0.0016180673585329
0.00134911243938982
0.00115679230816434
0.000476011368014368
0.000882135322122904
0.00126579799299938
0.00187862052611985
0.00170021820036615
0.00117965968692428
0.000679933093795994
0.000362426942225154
0.00111177695642761
0.0014415138791927
0.00149604738568444
0.00152434548138224
0.00151786024536635
0.00126571014828817
0.000517834829820117
0.000200902721401585
0.000543293956392351
0.000964136055193536
0.00141278347590029
0.00154815107009714
0.0012717639257184
0.00103337581757265
0.000850013892825715
0.000630631796597128
0.000295660344878557
0.000283728851653664
0.000699810311070747
0.000760149949665263
0.000817239537457608
0.000920175800594461
0.00100827481872116
0.00103181892623039
0.000926651390331713
0.00060183436090027
0.00032333940441354
0.000486737978915973
0.000558062274437274
0.000530587722358659
0.000495217076557216
0.000531992724893293
0.000636645778916027
0.000712638150801966
0.000667314009366481
0.000529846255365168
0.000451671704642332
0.000489452015174915
0.000559444577997119
0.000606622491586548
0.000624535759405875
0.000636270195557318
0.000686408423796663
0.000791631855456325
0.000883970712744315
0.000887499862920253
0.000801702335512244
0.000665914313460092
0.000515770245165072
0.000379371711047356
0.000283630544172517
0.000247576725906034
0.000254709466920612
0.0002711744906447
0.00029712331532582
0.000377744721951212
0.000534237703720426
0.000717541042072738
0.000871233298377543
0.000974560421473659
0.00103243868610173
0.00105642403965373
0.00105628435133014
