0.000601661135147004
0.00119136128070935
0.00153818399769253
0.000234011475672109
0.00128178355319033
0.00138312137919259
0.000638234486199274
0.00104959616907824
0.00142326535161908
0.00090335252635754
0.000406883449321448
0.00127948836483199
0.00138704910314653
0.000934131418896464
0.000300297702704777
0.00130896070205843
0.0014681473231724
0.00121935063532751
0.000462355423022873
0.000703219054221515
0.00138135485172976
0.00174438317934615
0.00110157277457868
0.000629005353796869
0.000779130577561617
0.00111637518905714
0.00143501020252705
0.00167638593551291
0.000721778160241666
0.000313828016982979
0.000410906176411004
0.00123200477981053
0.00134572884075277
0.00121515195027919
0.00118697770456822
0.000795481905124116
0.000300765108446705
0.000299389159483791
0.000695198200378015
0.00113186762886265
0.00143594317241722
0.000616127384005773
0.000934603363592032
0.000771005240052945
0.000364315408692744
0.000303306502480994
0.000738277961824829
0.000531941118515195
0.000634373909196607
0.000881032221265604
0.000933540735268763
0.000656850954163502
0.000881576066566525
0.00102298674353159
0.000816115202508247
0.000499553594480063
0.000272547785379685
0.000363605619556811
0.000515007312222495
8.19302601194527e-05
0.000813113505266232
0.000999706342662733
0.00103486842280414
0.00102644221439379
0.00100616989844389
0.000977982237615918
0.000973303596900035
0.00104952009210653
0.000963980876203444
0.000485222071575783
0.000154361688512013
0.000252871065123492
0.000432594015732804
0.000579783258915169
0.000773830308396927
0.00104878073207618
0.00132322028632541
0.00149862971367154
0.00147601554378982
0.00133109098559937
0.00117289908905873
0.00102595024381562
0.000886883692157603
0.000754659488001762
0.000635649062102885
0.000543347102322374
0.000495997489205932
0.000529783317225057
0.000631435744900442
0.000733381591334805
0.000832790357196111
0.000927786684761897
0.00101338857039286
0.0010864131449991
0.00114584223400193
0.00119274636172586
0.00122961687076251
0.00126072266879492
0.00129192006141293
0.0013278730525868
0.000616963789001704
0.00119513264268364
0.0015418294006762
0.000252546723469751
0.00128854966511807
0.00138930752081435
0.000630265101218522
0.00106597392143449
0.00142928833192919
0.00089044194560041
0.000413554031950254
0.00128038930966291
0.00137759307200498
0.000921184539366808
0.000309451583108302
0.00130178952641808
0.0014506971322695
0.00121873477559429
0.000464131372602402
0.00069400588771204
0.00137081372324307
0.00173044631527784
0.00111964069096729
0.000635217537589698
0.000767539168554032
0.00110344237297702
0.00144205598313953
0.00167328456362171
0.000746654267876742
0.000357173886412457
0.000413290231186416
0.00122510520083787
0.00134543038633936
0.0012441746394449
0.00120135791819185
0.000805418653325996
0.000313254143013265
0.000303441233408614
0.000718708672130301
0.00114295234096814
0.00143803150098838
0.000662196835578688
0.000956660738836117
0.000784658094686306
0.00036507233280603
0.000301897530679435
0.000735075220818684
0.000554950243151669
0.000675816802680794
0.000906255086925778
0.000943289554668282
0.000669564124739576
0.000879549072306142
0.00101238784557027
0.00080455304443156
0.000496744696786149
0.000296668635899451
0.000381988307597912
0.000527554373695884
0.000182193686203334
0.000820104488681582
0.00100044498931124
0.00103056968660359
0.00101482212346296
0.000992673851970677
0.000967231889314275
0.000963395951231764
0.00103752962739742
0.000953221841352588
0.000487292291256616
0.000190153821312652
0.000278248999187841
0.000440419375606477
0.000577660493299062
0.00076610364648231
0.00103654277996658
0.00130688997805914
0.00147968599074613
0.00145765250390423
0.0013155968411673
0.00116153162390218
0.0010202120564494
0.000887065641153851
0.000758615654921346
0.000640380134782273
0.000546372626183409
0.000495714771655784
0.000525385443629035
0.000623627590095996
0.000723509999723898
0.000821360605629815
0.000914935325868554
0.000999417248243879
0.00107220300466062
0.00113278110909037
0.00118185943703802
0.00122089049341339
0.00125340065964771
0.00128503606681774
0.00132054372309583
0.000659044501930685
0.00120592597533551
0.00155227810705458
0.000299578898628288
0.00130783641766921
0.00140696790325517
0.000606733819078603
0.00111178512132084
0.00144649075100728
0.000852175675469519
0.000432186563193913
0.00128297994338382
0.00134999563739025
0.000882845701165295
0.000334412587144514
0.00128091673936235
0.00139923637395111
0.00121695973748426
0.000469207474108764
0.000666766999547587
0.00133999870387066
0.0016896748000418
0.00117010802004949
0.000652774705912154
0.000733140178695845
0.00106532730254901
0.00146215388616541
0.00166432224175438
0.000814047494150856
0.000459696169395901
0.00042007928282171
0.00120501803513025
0.00134457065110311
0.00132419421356718
0.00124183440525183
0.000833368907178519
0.000346711329328546
0.000314817557966888
0.000782468899369041
0.00117428524583374
0.00144402773589542
0.000779792618958829
0.0010175053469686
0.00082270547294292
0.000367243095708483
0.000297803329134468
0.000725774364000225
0.000616424078375029
0.000782990090377682
0.000975244805701857
0.000970813549998767
0.000704890786592395
0.000873686310053207
0.000981230327922867
0.000770292453695047
0.000488566611900997
0.00035713609931032
0.000430557755111234
0.00056212018458651
0.000330826749178629
0.000839909290879638
0.0010025687981456
0.00101809059978118
0.000980594642932777
0.000952746385216054
0.000935587838066009
0.000934281398828222
0.00100220356583259
0.00092154114240633
0.000493204720507114
0.000267701356852256
0.000340929555343163
0.000462212246926511
0.000571504198047146
0.000743407217244524
0.00100046927303324
0.00125868596009172
0.00142373262944669
0.00140343695167273
0.00126992785143673
0.00112816077520127
0.00100350636355842
0.000887589334094318
0.000769893451309716
0.00065381153853799
0.00055499216405021
0.000494899816885306
0.000512511541845462
0.000600578201922773
0.000694302430709428
0.000787523998303837
0.0008768800037881
0.000958051165401859
0.00103019237707987
0.00109430276931741
0.00114993626640848
0.00119540816180006
0.00123207477062145
0.00126500518289655
0.00129920884946331
0.000718752869222037
0.00122227746099985
0.00156815141744283
0.000359905950952337
0.00133684582420124
0.00143360324907998
0.000568796644273852
0.00117852287214413
0.00147245661289131
0.000789960991715596
0.00045926933646058
0.00128693890906303
0.00130658374055562
0.000820640291172203
0.000369397806004255
0.00124826095817807
0.00131649788203962
0.00121423518811881
0.000476879718685978
0.000622727802649935
0.00129136184533688
0.00162522646495736
0.00124346175762745
0.000678793564734319
0.000677056314762262
0.00100412922011932
0.00149242077189163
0.00165049677348341
0.000907645054858142
0.00058277697529733
0.000430272981937623
0.00117357600378259
0.00134325239295833
0.0014381811043301
0.00130140838434627
0.000874460030098747
0.000392476966213883
0.000331490665630155
0.000871149880576859
0.00122073107384088
0.00145316650888941
0.000931598476078849
0.00110424073747041
0.000877804463786577
0.00037054423117281
0.000291419098282051
0.000711288761056762
0.000700216135877435
0.000923367813502922
0.00107236837155252
0.00101153109669146
0.000755818397260193
0.000864626930952817
0.000931474866454917
0.000714623256224581
0.000475764462772216
0.000433723026311216
0.000495826315980155
0.000611298595160063
0.000475679378662716
0.000869377332234222
0.0010058139635602
0.00099866910909867
0.000925703576407369
0.000888098865564178
0.000884914148142994
0.000887825309616984
0.000945524292851527
0.000870770632070284
0.000502128069567784
0.000355051631129902
0.000419158717260116
0.00049373857637084
0.000561941399741574
0.000707222842817177
0.000942527215901367
0.00118102297875661
0.00133346073075415
0.00131604881179328
0.00119658275758354
0.00107502622653914
0.000977358043527009
0.000888391079427798
0.000786858566191839
0.000673870565701804
0.000567944375291225
0.000493648624097127
0.000492134778271377
0.000563438485128815
0.000647001356625883
0.00073265841962985
0.000815136980106548
0.000890957073995753
0.000962277363655005
0.00103257298769859
0.00109923032440929
0.00115527723137947
0.0011986658875773
0.0012336853956799
0.00126582462627198
0.000785824353080168
0.00124204156845769
0.00158740615610673
0.000422297936707627
0.00137159344640951
0.00146561540267775
0.000518482551587958
0.00125555344266009
0.00150369622451297
0.00070619715845554
0.000490453073627767
0.00129177872902539
0.00125127590030774
0.000737200034402487
0.000408239233488763
0.0012069966850835
0.00120728477323215
0.00121088466124709
0.000486125778233106
0.000564029019343359
0.00122907418093583
0.00154249569483122
0.00132792100892958
0.00070940832764167
0.00060115547362908
0.000923536803585579
0.00152873042459116
0.00163337751307821
0.00101069018577412
0.000704998296882938
0.000442456781501313
0.00113381646837728
0.00134163354095664
0.00156672133244388
0.00137095574402925
0.000922369068634758
0.000442194640162312
0.000350862852567378
0.000968910866883422
0.00127539742635619
0.0014642989812549
0.00108929638226289
0.00120212079403929
0.000940997504483756
0.000374553940487557
0.000283391325602061
0.000693106201903454
0.000790970952875278
0.00107071978150831
0.00118064640144064
0.00105934331065243
0.000813950133241367
0.000853382622587956
0.000866547846143509
0.000639753007021833
0.000459573512984067
0.000512264695138827
0.000565697367254673
0.000666688779366168
0.000607928759285973
0.0009042146175598
0.00100978050518329
0.000974316548151657
0.000853562353773104
0.00080170881705392
0.000818480156781065
0.000827283322512734
0.000870973991212955
0.000804125400264343
0.000512862182792932
0.000439078865302132
0.000498631957235139
0.00052985568445223
0.000549983857310107
0.000660132910188082
0.000866173337082491
0.00107814177879281
0.00121358973845623
0.00120019273841899
0.00109995258087949
0.00100602161060343
0.000944294025254313
0.000889373578602773
0.000807182537639747
0.000697689427743296
0.00058344005496135
0.000492109464379715
0.000465923492228963
0.000514229469803817
0.000583766911407356
0.000659148038945954
0.000732322722392242
0.000801015244151316
0.000871771115023742
0.00095139582446186
0.00103363873810243
0.00110405898276889
0.00115636635443666
0.00119414465045648
0.00122362952532704
0.000851416813942796
0.00126273437687375
0.0016076433516641
0.000479865486656077
0.00140762931698867
0.00149893131776071
0.000458920270961951
0.00133264622349713
0.00153624316094031
0.000604439801274469
0.00052159447232235
0.0012969093208133
0.0011895976111975
0.000636502194590554
0.000445872475113704
0.00116147511466095
0.00107898889934267
0.00120730889240208
0.000495775874477644
0.000493960376620478
0.00115911857345567
0.0014492777264031
0.00141226385968942
0.000740599195625926
0.000508078927118159
0.000829213247438259
0.00156644622241254
0.00161496027422237
0.00110989013222471
0.000815179345083686
0.000455064369974438
0.00108991339458787
0.00133990864646266
0.00169282465047133
0.0014412853072921
0.00097075937050693
0.000489588883991092
0.000370367070154988
0.00106311763889689
0.00133110862249198
0.00147605369648427
0.00123519648941998
0.00129820226745317
0.00100388656866798
0.000378774366430736
0.000274590697317006
0.000673217573651386
0.000877298576509949
0.0012079449955197
0.00128589821610187
0.00110796018865896
0.000871564471036408
0.000841251624720385
0.000791626668834802
0.000548975077598772
0.000441692081426792
0.00058436542137093
0.000631619614965124
0.00072097496347709
0.000722551710070912
0.00093987050369155
0.00101398456862153
0.000947714048030972
0.000769397501123951
0.000698130090781131
0.000741271824033318
0.000757560322615342
0.000783890434084781
0.000726519136693722
0.000524043754817985
0.000513615937599558
0.000571187133163112
0.000565764010820294
0.000536966525060801
0.000606015219370863
0.000776718683332586
0.000956581182095703
0.00107139534774418
0.00106312347341132
0.000986782184128752
0.000926963604332385
0.000907786301552196
0.000890417941688681
0.000828263290280066
0.000722174604502183
0.000599490457607278
0.000490466219797825
0.000436303945553944
0.000456067493476984
0.000507899692883652
0.000570611727967606
0.000632392560656907
0.000692589214645861
0.000763766311230052
0.000856600860640971
0.000958922529028006
0.00104680484819983
0.00110958244365446
0.00115057476318546
0.00117706628321584
0.000908749040133739
0.0012818748662214
0.00162643062642339
0.000528274681487069
0.00144067071830971
0.00152957684611069
0.000394844714873563
0.00140122954729463
0.00156621100376132
0.000489921964748948
0.000549251024191511
0.00130171207089296
0.00112857112499543
0.000524545943599408
0.000478546546056561
0.00111700940912247
0.000942648871620563
0.00120393909000859
0.000504675860214587
0.000417535234608139
0.00108929509040503
0.00135585317583548
0.00148716719727794
0.000768756554680488
0.000401406086520848
0.000729547357343984
0.00160107798636024
0.00159746023057435
0.00119563004797536
0.000906593051110666
0.000466601270177356
0.00104698154473254
0.00133828574971754
0.00180330422891467
0.00150438000726412
0.00101412923730703
0.000530278423196175
0.00038780207138047
0.00114459829969709
0.00138141391530121
0.00148701483477827
0.00135808735184967
0.00138241669708975
0.00105958665032765
0.000382697854376389
0.000266055640113155
0.000653977374978969
0.000951307102725102
0.00132399540924466
0.00137749273068999
0.00115177639752913
0.000922430483526927
0.000829690585038071
0.000714095599782803
0.000447181336239216
0.000424202645671645
0.000644811910580979
0.000687832184263631
0.000768500393004982
0.000815712865418546
0.000972185009406894
0.00101791927222061
0.000922016628575347
0.000680892131795427
0.000584297061416403
0.000660545709672262
0.000685610354146112
0.000692144289614948
0.000645140466608935
0.000534337793212334
0.000574917316266838
0.000631818438803485
0.000597543454900555
0.000524439849357407
0.00055033240484286
0.000682048832706159
0.000826209402492547
0.000917916403596234
0.00091581092701997
0.0008670781183671
0.000845966676064065
0.00087208854491386
0.000891398206858687
0.000847595023526038
0.000744449566897164
0.000614190762768815
0.000488917041656246
0.000406508540540932
0.000393657947584949
0.000424423313932734
0.000472530974102249
0.000521314323771107
0.000572276798327089
0.000646023320443556
0.000756777427206678
0.000882968941403046
0.000989990477885319
0.001063746414752
0.00110807223427861
0.0011315662887602
0.000952938009229167
0.00129726940391229
0.00164158707626316
0.000564675939037394
0.00146705582064807
0.00155411226207776
0.000333625604814019
0.00145474886093382
0.00159022322093441
0.000371293035369587
0.000570806259235828
0.00130561423707255
0.0010762646673954
0.000411317884823485
0.000503616677030222
0.00107940620092781
0.000814795151184793
0.00120118500734033
0.000511816701776441
0.000342851799832822
0.00102887447397593
0.0012746364057739
0.00154554541724184
0.000790969359210802
0.000286422027849623
0.000636861504370042
0.00162876532746515
0.00158305093510832
0.0012612206129369
0.00097479197529589
0.000475799306914735
0.00101063471475919
0.00133696129460703
0.00188859225764301
0.00155392094362476
0.00104815777378657
0.000561270549050164
0.00040145536883024
0.00120695890717905
0.00142110623158362
0.00149589101186323
0.00145058624262877
0.00144744823726861
0.00110291443502486
0.000385866795221018
0.000258889690091961
0.000637863371851791
0.00100762552381222
0.00141155888332164
0.00144788042198246
0.00118629890020085
0.000961908740761696
0.000820145370196936
0.000644022512052678
0.000342501214010133
0.000409392689684834
0.000690182490468377
0.00073046346167404
0.00080517061830003
0.00088442750529439
0.000997753988422108
0.00102111565409394
0.000900525504066654
0.000599145518856627
0.000471589839218219
0.000586574020404067
0.000620816885975571
0.000607180301600384
0.000570271547760293
0.000542585089338498
0.000620425309647264
0.000677241174295193
0.000622250593476883
0.000514002182828166
0.000500375473590839
0.00059380922578461
0.000702244193273354
0.000770502072873828
0.000775279853827827
0.000755591166731539
0.000773688742360411
0.000841868251993544
0.000892196529470872
0.000863034066955749
0.000762126740803143
0.000625919167575103
0.000487650498760897
0.000380496718766264
0.000334268349677696
0.00034159923828422
0.000374005124879325
0.000409021245735114
0.000451046789234428
0.00053106263412728
0.000664394836161905
0.000815835792780521
0.000941140772865019
0.00102486492014191
0.00107217797922639
0.0010930739297101
0.000980706983772162
0.00130721969489028
0.0016514047201728
0.000587219367098813
0.00148402447311467
0.00156991981213633
0.000286701715353836
0.00148864367905825
0.0016057024161893
0.000266786509199279
0.000584446809937178
0.00130815491700059
0.00104070705927348
0.000316256191833935
0.000519327693787672
0.00105413920745238
0.000719188013670467
0.00119938399658905
0.000516424301270713
0.000283692467565407
0.000987445667235257
0.00121871015699462
0.00158248795839705
0.000805137270174382
0.000174401044697139
0.000568269097192462
0.00164658586787098
0.00157357476997143
0.00130225118985985
0.00101684156982459
0.000481708178384353
0.000986188743874885
0.0013360961097915
0.001942241101778
0.00158542175508626
0.001069784673229
0.000580607627404872
0.000410121842669214
0.00124597962531629
0.00144642618418776
0.00150165622682881
0.00150790328829011
0.00148836277884499
0.0011302991730687
0.000387921212128521
0.000254103473902212
0.000627122418932827
0.00104274544749171
0.0014658934517653
0.00149203279616413
0.00120829998159869
0.000986824872729901
0.000813854794195723
0.000593842405532061
0.000251698121792897
0.000399430112593508
0.000718251894569949
0.000756995232604409
0.000828230166854626
0.000926533221639145
0.00101409529432023
0.00102319655854233
0.000886217114420123
0.000539144938068064
0.000380422494878919
0.000532781527873875
0.000574598624484129
0.000544621132799136
0.000515573308561404
0.000547901175746715
0.000648408131929029
0.000705312742206098
0.000637861063149025
0.000507073610848788
0.00046488182161606
0.000528324926735069
0.000607845242119102
0.000656671465226962
0.000667789867348635
0.000672933659886218
0.000722623893483407
0.000821543994739233
0.000892717212493412
0.000872963925488278
0.000773446817789433
0.000633457228117384
0.00048682204434184
0.000362513405461764
0.000288995043369397
0.00027437052535756
0.000292302303890707
0.000314817836190814
0.00034995771961652
0.000440118815726281
0.000596427705713177
0.000768862620152384
0.000907839760497487
0.000998670682124024
0.00104808684700777
0.00106720125830491
0.00099016886610759
0.00131065772158211
0.0016548007251148
0.000594848772281649
0.0014898724103258
0.00157537260809969
0.000268493411512829
0.00150023607683295
0.00161104348918064
0.000219125792865905
0.00058911023557276
0.00130903613221007
0.0010280703481368
0.000275676307781867
0.000524674018390081
0.00104522118245234
0.000682859433591007
0.00119875787907446
0.000518014915594295
0.000260016442004037
0.000972644839176247
0.00119867686239285
0.00159511781309369
0.000809999758508535
0.000111748121971706
0.000542421675970248
0.001652729922711
0.00157027035339793
0.00131620174921185
0.00103104410139195
0.000483743422181523
0.000977555734569479
0.00133579550315586
0.00196052971636583
0.00159621643831939
0.00107719403675526
0.000587174356266403
0.000413089141893658
0.0012592485236401
0.00145511663819826
0.00150365329348128
0.001527306132563
0.001502311580014
0.00113965585419763
0.000388632162833526
0.000252420007194846
0.000623348826640221
0.00105466889926218
0.00148429838848016
0.00150706415673
0.00121584773926318
0.000995332241309979
0.000811658693963581
0.000575392105459478
0.000211219132781794
0.000395911498789338
0.000727747049643127
0.00076599464929869
0.000836089884432799
0.000940715569431086
0.00101970930459219
0.00102391825967252
0.000881193509009329
0.000516679385136197
0.000343139602001204
0.00051278107127477
0.000557651724977411
0.000521140559046837
0.000495165210456711
0.000549735406135153
0.000657848045091819
0.000714804025093933
0.000643193889774688
0.000504645088175235
0.0004519032629103
0.000503594220515132
0.000571423946798872
0.000612206685486889
0.000626156724441021
0.000641741028105152
0.000704023246521602
0.000814366792441519
0.000892897972773458
0.00087638620725371
0.000777339672743152
0.000636054268827667
0.000486533995108542
0.000356055431508843
0.000271511337301199
0.000246773877014216
0.000257942052216574
0.000274643019362843
0.000307162574223644
0.000403770149384413
0.000570933116951428
0.000751862736257839
0.000895984921069226
0.000989411288254722
0.00103958947994481
0.00105806777030073
