0.000862179871204663
0.00163784144878799
0.00134213940560158
0.000290385456988674
0.00157867220305431
0.000275148116200081
0.00145370334259457
0.00012309676795874
0.00158726229950025
0.00092164476311423
0.0011218380799449
0.00143518458658551
0.000477110044406137
0.00136177524121985
0.00151456888286208
0.0001715904487746
0.00154530610409769
0.00121400127995375
0.000262689185565595
0.000669884292463339
0.00138036149889701
0.000729347127290475
0.000470312143987654
0.000603678618565266
0.000630335104732706
0.00095864870979866
0.000596102353443801
0.000882243768509849
0.00033058592164615
0.000521681898253228
0.000279181456065263
0.00103920527310611
0.000991760181253151
0.000872671222900891
0.000881173044214764
0.000264398607747492
0.000383321875834246
0.000658232458052867
0.00107063082504784
0.00145870667710416
0.00128949770100404
0.000944356756815155
0.000645435512395853
0.000430671153357277
0.000517658765900696
0.000821269304915102
0.00100017330884221
0.00112768810604821
0.00120400640970003
0.00124541131954884
0.00129203040307988
0.000887197105842305
0.00165457586576428
0.00134830299375114
0.000302516768442571
0.00158146237499766
0.000290897360081879
0.00144687221028888
0.000185670274267286
0.00157785349923462
0.000914330814936426
0.00110940223886708
0.00142406530165181
0.000470791482547873
0.00135511213277762
0.00150992849616319
0.000189582251398646
0.00153699462181654
0.00123925213449345
0.000288779209118514
0.000669165245950862
0.0013872940254076
0.000764698782689717
0.0004900788533316
0.000602569538469566
0.000662966773179681
0.000981607194016003
0.000609987515428125
0.000871884880582709
0.000346217727408042
0.000538600944606846
0.000331881712464898
0.00104005986048023
0.000979946736478193
0.000862851667102729
0.000871433425164607
0.000281261107129847
0.000402647408176702
0.000656483643379468
0.00105870400150789
0.00144040209708349
0.00127413653698313
0.000938775670825273
0.000649825141189669
0.000434733926804636
0.000513280289963846
0.000810881297027718
0.000986970768540463
0.00111297242140606
0.00119246530148622
0.00123774778430707
0.00128460107075913
0.00095558033360487
0.00170184190655858
0.0013658950075903
0.00033500283030944
0.00158946899977746
0.000332099960604337
0.00142702012375862
0.000300174959382771
0.00155044307812241
0.000892936610957202
0.00107278982913363
0.00139155245081215
0.000452104969768122
0.00133574085269082
0.00149648667211682
0.000233777888830568
0.0015128076452788
0.00130924191672142
0.000353300888751669
0.000667090505304826
0.00140706468653868
0.000858396591031866
0.000542990670994946
0.000599364607534661
0.000749027690017558
0.00104489992928258
0.000648309434589263
0.000841345617476702
0.000387723665508523
0.000584588912093605
0.00045041186550057
0.0010425166341855
0.000945106920631993
0.000833931851091614
0.000842760889280461
0.000324963953846643
0.000453718755457124
0.00065142191122444
0.0010235862040999
0.00138634698226562
0.00122883381910501
0.000922517013421378
0.00066230210142223
0.000446225667826658
0.000500459067782449
0.000780198113424652
0.000947929121309548
0.00106946999137859
0.00115859209080313
0.00121541166591366
0.00126296509960442
0.00105176045810526
0.00177181361090872
0.00139241648647235
0.000379416953917608
0.00160165822670331
0.000386804526306981
0.00139605749708548
0.000418733201617543
0.00150748144042105
0.000859126009925551
0.0010141357408199
0.00134021082149397
0.000421873124687118
0.00130550491516106
0.0014756551215332
0.000288649463534392
0.00147498192368226
0.00140974850944442
0.000433927446359131
0.000663899241879532
0.00143682751355689
0.000984807351498145
0.000615292838955039
0.000594420851557306
0.00086441780984483
0.00113504469210511
0.000702981501485177
0.000792276679282054
0.000443848567868221
0.000648753819500666
0.000587311134703576
0.00104626944020325
0.000889085015687373
0.000787566954914856
0.000796833289459121
0.000382351105599682
0.000522367497012281
0.000643589673632787
0.000967312790539527
0.00129917450577513
0.00115598741891048
0.000897035886796599
0.000680974633431864
0.000463279447054541
0.000480152205916884
0.000730693823765969
0.000884778532908268
0.000999153227182011
0.00110468246523608
0.00118037119051943
0.00122907832583829
0.00115889211007772
0.00185404362216334
0.00142427558805546
0.000427644987206795
0.00161648500392479
0.000444814441721334
0.00135711179398023
0.000529046896312479
0.00145304745468359
0.000815739529776374
0.000937185805545072
0.00127440929631447
0.000381530586642554
0.00126743032403066
0.00144969268404804
0.000344213701392051
0.00142721333054907
0.00152401248957828
0.000515899566602737
0.000659963503209026
0.00147251567754581
0.00112056384369416
0.000693769022262814
0.000588299701636537
0.000987722844538733
0.00123668200378375
0.000764727149433032
0.000727579138606418
0.000504235187965833
0.000719692861612412
0.000720556087315776
0.00105085463513445
0.000815122437446092
0.00072666293480897
0.000736594153196193
0.000442701198566366
0.000595872611918438
0.00063384985192168
0.000893455735627229
0.00118350490878968
0.00105981171175031
0.000864753838003082
0.000703203059341611
0.000483377999375109
0.000454003371484761
0.000664953410895523
0.000800538028951048
0.000905469727050585
0.0010347236953786
0.0011359124085393
0.00118618867292901
0.0012629572682854
0.00193772209348599
0.00145741461785309
0.000473604515747292
0.0016321154013593
0.000499197462959796
0.00131439982606983
0.000625422840553354
0.00139278535764267
0.000766877359511116
0.000847659491712177
0.00120042972910492
0.000333277895820793
0.00122561376157653
0.00142154334115361
0.000394847330936432
0.00137455698286337
0.0016368723700088
0.000590769443664729
0.000655749233569271
0.00150956783847665
0.0012489292559191
0.000768530174333505
0.00058171497066284
0.0011039164342328
0.00133637896430009
0.000825377683899131
0.000651712980576967
0.000561408030607809
0.00078820317956719
0.00083943542336386
0.00105571222524236
0.000728208457938098
0.000655665834485435
0.000666536083446639
0.000498970813819494
0.000665233580871312
0.000623317815867467
0.000807472761370243
0.00104646231515427
0.000946793612444065
0.000829020482363372
0.000726111053158884
0.000503886702845561
0.000424410539737303
0.000586961902772042
0.000699841251958889
0.000793720561597499
0.000954660882734663
0.00108660428861593
0.00113877365241368
0.00135347402009851
0.00201318682507793
0.00148788260533642
0.000513053844639526
0.00164666796170351
0.00054538083301288
0.00127295828249177
0.000704064523922748
0.00133367824635949
0.000717937576701492
0.000753904866139655
0.00112649258453099
0.000280468912810881
0.00118497495135054
0.00139457388160449
0.000437114371960905
0.00132316783321161
0.00173625296665029
0.000653351260567394
0.000651764282180636
0.00154357512802828
0.00135854410841923
0.000832687701028053
0.000575458684244762
0.00120291718809544
0.00142371509145292
0.000878562998724994
0.000571313290107522
0.000610270882817692
0.000847549732475389
0.000937506552520678
0.00106025658460888
0.000635798695438114
0.000581098097452405
0.000593209917203872
0.000546592953030078
0.000724383934677274
0.000613256118071429
0.000717343277056922
0.000898839724150739
0.000826626938980724
0.000793977819789801
0.000746997558770687
0.000522425356889685
0.000394584878971285
0.000502766198026134
0.000589750677358654
0.00067198257798799
0.000872758373091809
0.00103813762695698
0.00109234402464201
0.00142301026361107
0.002072674308605
0.00151226622897663
0.000543097206864495
0.00165843683931994
0.000580316819293946
0.00123814897751459
0.000762193769157943
0.001283481289123
0.000675422885149075
0.0006678067314054
0.00106241816893878
0.000228562553139202
0.00115078455554938
0.00137219604617466
0.000468759411283978
0.00127974912323531
0.00181324317938557
0.000700242372608211
0.000648497602637703
0.00157075346489424
0.00144174994593033
0.000881541386620599
0.000570307735589779
0.00127796143563865
0.00149113220490081
0.000919647112310661
0.000496224509612827
0.000647381232982861
0.000893016165135323
0.00101043656722344
0.00106394681923308
0.000549076547317659
0.00051234204890046
0.000525923359966389
0.000582541546119952
0.000769245849972702
0.000604929936385832
0.00063446567649994
0.000757502007212134
0.000713853243987731
0.000764222821215899
0.000763601814192856
0.00053706494296043
0.000368488926609657
0.000421874646993538
0.000481735710440478
0.00055326457870386
0.000799809285973951
0.000996885330553344
0.00105298060589813
0.00146661967793314
0.00211059787001218
0.00152797164767667
0.000561840793490956
0.00166607359013157
0.000602027175870661
0.0012148909956138
0.000797853932268932
0.00124963046256887
0.000646166407226476
0.000605037618994576
0.00101842457044392
0.000187069838154005
0.00112790949390346
0.00135739098473326
0.000488309386483689
0.00125059678655524
0.00186177855053763
0.000729223879730777
0.000646356524300836
0.00158824203654547
0.00149356064016099
0.000912017983720783
0.000566920450634383
0.00132465201809859
0.00153353788064175
0.000945500483966423
0.00044036117789722
0.000670496373474239
0.000921483092522674
0.00105532337882629
0.00106634856089721
0.000484165818606142
0.000461978038346631
0.000476912028119549
0.000604854043444693
0.000797166827860986
0.000599433032401514
0.000573952305571915
0.00064885209785037
0.000629440302215073
0.000744160198066017
0.000774247434651643
0.000546408741208845
0.000350409348468608
0.000359386750031206
0.000395635710960057
0.000459521648779668
0.000748369582193877
0.000969013055822756
0.00102647410499286
0.00148146476637324
0.00212361014621378
0.00153338844882629
0.000568205736321886
0.00166871762936937
0.000609386173736291
0.00120670871210171
0.000809871306876403
0.00123765760637264
0.000635690801879929
0.000581655542730032
0.00100269426620475
0.000170310745149341
0.00111985575465689
0.00135221131781486
0.000494918382021451
0.0012403119908612
0.00187834132051646
0.000739023200025318
0.000645611274379234
0.00159427087157242
0.00151113876993433
0.00092236683175958
0.000565739314106669
0.00134048706339691
0.00154799346442682
0.000954315418704683
0.000419222071118843
0.000678339922179865
0.000931165970367494
0.0010704721479587
0.00106718141244032
0.000459482196740245
0.000443149685836762
0.000458666941482028
0.000612412932976471
0.000806637605285268
0.000597512146759022
0.000551384664583082
0.000606582291481575
0.000597339675589468
0.000737064770815046
0.000777910536967629
0.000549616645718025
0.000343908083135259
0.00033496871909418
0.000360960200049553
0.00042212236612748
0.000729656831807159
0.000959143641511378
0.00101710689543132
