0.000452643250979307
0.00136579037292462
0.000766358136701335
0.000333406611405923
0.001149402697581
0.00122181951710316
0.000404105512153997
0.00125293982342645
0.00151091850904488
0.000671934320740426
0.000194800324529563
0.00137056717721814
0.00142265212947861
0.00065837895123142
0.000451848468848885
0.00146236563979318
0.00136118243715469
0.00119925445913645
0.000199586773313521
0.000828389057529037
0.00150940909841244
0.00157450707674104
0.00100305413980917
0.000609747320359214
0.000879581502735406
0.0011703560007624
0.00148621214764972
0.00172041486157166
0.000653516474729411
0.00020618863694831
0.00062996105064276
0.00135734882214719
0.00125384243275958
0.00122098599731223
0.00116375717673694
0.000441360458250962
0.000330911804000891
0.000340681798532692
0.000790830896726127
0.00120561074158157
0.00144008107023209
0.000726231167798774
0.000927929846714961
0.000702023237289101
0.000292344660827516
0.000379998470182661
0.000792848409795502
0.000472342700229093
0.000695711775112314
0.000909983741216249
0.000905297532683843
0.000650831973364767
0.000934905805707002
0.00100476943246638
0.000754137981506059
0.000439991042729406
0.000264022218033616
0.000402608275949141
0.000510352437560073
0.000219723617011477
0.000875551342938347
0.0010134875514409
0.00103491368431512
0.00102315777270522
0.00100081336295359
0.000973247652559611
0.000981300037243021
0.00106668185271987
0.000879843325973628
0.000398139692633695
0.000138945643834225
0.000291787883805402
0.000463358690793135
0.000611361337592472
0.000824465852555207
0.00110628655320551
0.00137047276468414
0.0015105052506889
0.00145201279518729
0.00129882179463749
0.00114264213767474
0.000997632951610073
0.000859819651284684
0.000729472922110291
0.000614524362301631
0.000529550101405731
0.000494654788664434
0.000547897403523599
0.00065226612252753
0.000753347103827836
0.000852277698089647
0.000945803959244487
0.00102907654861981
0.00109935444062783
0.0011561704443014
0.001200814047734
0.00123612345711986
0.00126674174742724
0.00129869854986307
0.0013352021632534
0.000452153190010123
0.00138887133417959
0.000796703543412515
0.000352562232158196
0.00117412429739861
0.00122261722610251
0.000403014975236811
0.00126112842021365
0.00151236993597044
0.000663588284142019
0.000240502773321367
0.00136599984727852
0.00141223042372187
0.000656999546522515
0.00045434301234281
0.00145336449393616
0.00134886463631126
0.00119634988264036
0.000221523138937547
0.000816904822315364
0.00149864971056492
0.00156317433634618
0.00102140931724943
0.000609845123938561
0.000867195297113694
0.00116108231794524
0.00149243822321227
0.00171457139734739
0.00068188837038774
0.000253305182061233
0.000627972272506297
0.00134938535995492
0.00125942554360083
0.00124942075172156
0.0011749780386777
0.000466506991409997
0.000337280007246713
0.000347939755110079
0.000813257461805524
0.00121431502948403
0.00144224558998539
0.000762892173515772
0.000949047096178889
0.000712394133320825
0.000292085429507175
0.000378273059623628
0.000790355536327673
0.000505997157674262
0.000735321454572844
0.000931005502677048
0.000914181722704754
0.000662213305436734
0.000930390066223471
0.000993534855136546
0.000743030832333258
0.000441920178473634
0.00029027691445828
0.000418681392646372
0.000524137155251389
0.000273174135400599
0.000880541442738156
0.00101339343059773
0.00102922545276186
0.00101045623195267
0.000987791848209976
0.000962911390779102
0.000971168115654782
0.00105423415864136
0.000870793421729861
0.000404388975510568
0.000180394366417001
0.000312778724494209
0.000468686801386996
0.000607898983538093
0.000815803946013509
0.00109318875202405
0.00135343282996424
0.00149140608064928
0.00143410244990335
0.00128404804802785
0.00113228228112301
0.000993136743639001
0.000860988215279178
0.000733817215740924
0.000619087848844151
0.000532012252275307
0.000493591045850284
0.00054269375357359
0.000643965260508973
0.00074314494501124
0.000840554835161457
0.000932690529612908
0.00101496425328023
0.00108525865260739
0.00114349203996871
0.00119039303060513
0.00122775128415217
0.00125958519011934
0.00129178905827922
0.00132771020636869
0.000450739139870669
0.00145328441400813
0.000878243015986076
0.000402660784637152
0.00124256328220095
0.00122491123616334
0.000399858288232962
0.0012844150057202
0.00151654139491946
0.00063894824516112
0.000339301158596942
0.00135276262128346
0.00138178338180898
0.000653011435127225
0.000461450453771754
0.00142712968553697
0.00131275157089185
0.00118794682416644
0.000275083933860319
0.000782896973963039
0.00146722868767622
0.00153007428005793
0.00107250789317778
0.00061012665055831
0.000830499540487624
0.00113395630632758
0.00151022214253415
0.00169763347768057
0.000757671302395793
0.000355670519291761
0.0006222103118501
0.00132618843752732
0.00127536497219049
0.00132789902077326
0.00120670461108271
0.000532319761780669
0.000354979026721228
0.000368039669597079
0.000874626352567795
0.00123903655551106
0.00144846001086002
0.000859766278660225
0.0010073824517134
0.000741446192831941
0.000291337714390255
0.000373260394893294
0.000783133274741036
0.000592316059242734
0.000838992947418941
0.000989042903088454
0.000939293527711988
0.00069394278102126
0.000917263356800369
0.000960452502784484
0.000710079377261447
0.000447428450640283
0.000355196075737135
0.000461848422331699
0.000561943248295623
0.00038792184308124
0.000894754441501457
0.00101312237159475
0.00101266840709672
0.000972957957054062
0.000949300825010236
0.000932509639027847
0.00094138556287692
0.00101754233906971
0.000844193585381627
0.000421866351956121
0.000265808857210957
0.000366566460151726
0.00048370080037743
0.000597817545708588
0.000790332945842603
0.00105456696409791
0.00130312442215552
0.00143499316405295
0.00138123517594068
0.00124052645840829
0.00110190840256703
0.000980075231932556
0.000864344137538368
0.000746184862320038
0.000632043885505578
0.000539038924917819
0.000490515236577945
0.000527423778047031
0.000619442925879167
0.000712954094163875
0.000805848298816503
0.000893858082941977
0.000973187227245861
0.00104360864589917
0.00110617473442645
0.00115986409280899
0.00120331928377795
0.00123874780798172
0.00127168431299649
0.00130589794155734
0.000448564042996192
0.00154677670411248
0.000990229619609754
0.000469151552289184
0.00134065817384416
0.00122841755395981
0.000394973030182845
0.00131929510052626
0.0015229102776691
0.000599235475684873
0.000450431997624527
0.00133222691642541
0.00133378834415479
0.000646853601989211
0.000472132194225236
0.00138597272272043
0.00125540975424267
0.00117495602764494
0.000341207703203632
0.00072771775053887
0.00141773877323591
0.00147792481955113
0.00114638599553841
0.000610557722570495
0.000770897601584108
0.00109108951815439
0.00153706962790116
0.0016713501573123
0.000860934137045379
0.000471178182784654
0.000613277478383925
0.0012898397403805
0.00129940639208504
0.00143986166510991
0.0012537562281008
0.000619739496219311
0.000380501946716446
0.000396864815010199
0.000961077766744918
0.00127598342016297
0.00145792967650029
0.000989965958641122
0.00109072232801232
0.000783870767698493
0.0002901884113758
0.000365447205154957
0.000771937070922796
0.000704335355283571
0.000976710667623246
0.00107188320452524
0.000976515255095539
0.000739920640443349
0.000896779448923422
0.000907430965381237
0.000656394009120005
0.000455738495306087
0.000436307504730111
0.000521093508086345
0.000615376700742574
0.000516436314808517
0.000916102397989402
0.00101270694438203
0.000986762816239081
0.000912523244654009
0.000887095523988573
0.000883905511716366
0.000893833248023986
0.000958606920880101
0.000801730257755634
0.000447320657257459
0.000359229256889365
0.000436295966659169
0.00050583992300721
0.000582033273764857
0.000749632271295573
0.000992483982064963
0.00122203679261899
0.00134397836933272
0.00129606160653535
0.001170713428837
0.00105367594061045
0.000959719090250595
0.000869460584055696
0.000764745331638649
0.000651394034075096
0.000549630194010784
0.000485765048019475
0.000503130683837461
0.000579864460116533
0.000664041852368869
0.00074956418400476
0.000830850288056407
0.000905449900561566
0.000976356883419852
0.0010464231358734
0.00111146571180708
0.00116489376097106
0.00120612501274642
0.0012402500662439
0.00127175416316715
0.00044588140094192
0.00165426146569993
0.00111230856616934
0.000539639518161314
0.00145196641574492
0.00123270506872624
0.000388896572093669
0.00136086145832993
0.001530686678393
0.000546594118250098
0.000557267539231626
0.00130659542309473
0.00127244373861371
0.000639218891391758
0.000484914044368129
0.0013337528724226
0.00118127422518679
0.00115882158276622
0.000407936078063651
0.000653699958043761
0.00135456323770395
0.00141132480779552
0.00123097031100651
0.000611086095378493
0.00069079722125066
0.00103608626528792
0.00156937582003665
0.0016385332016286
0.000972747316168241
0.00058237960371528
0.000602138778457984
0.00124380157765402
0.00132830342353668
0.0015663118556455
0.0013091661336752
0.000712474193562961
0.000409644400375245
0.000429590676951854
0.00105751779314702
0.00131989375397509
0.00146946260012677
0.001129362609592
0.00118497577189168
0.00083296643361853
0.000288772335557863
0.000355628552581244
0.0007579770641725
0.000821135657782801
0.00112280944875107
0.00116548795826708
0.00102032169197302
0.000792687031129136
0.000870994548821498
0.000837820266950417
0.000583835756915595
0.000465729814619536
0.000518765053372543
0.000585639486215341
0.00067517175616295
0.000639746214170678
0.000941628788257657
0.00101219711461077
0.000954024688843101
0.000832418240260127
0.000804245129869905
0.000820360307233719
0.000831797281989011
0.000880943546456654
0.000746349052300974
0.000476692301773096
0.000447965629187419
0.000508947671866645
0.000531740192754883
0.000562065952238278
0.000696464683493192
0.000910565284476552
0.00111454000013236
0.00122311745904832
0.00118323685035804
0.00107892321614033
0.000991310222559041
0.000934142970622044
0.000875696009166585
0.000786915470553408
0.000674372652749552
0.000562349948370353
0.000479873865754866
0.000471624929120538
0.000527272422885889
0.000598608531061725
0.000674133968460664
0.000746330104305714
0.000814702128447451
0.000886923152667869
0.000968103385333718
0.00104905125391306
0.00111595235762195
0.00116486014502111
0.00120056674507837
0.00122857537198229
0.000443008751218153
0.0017614553661924
0.00122897472083769
0.000605707825144827
0.00156172909351047
0.00123725142808344
0.000382324083198427
0.00140374425664567
0.00153891899265765
0.000484330495006818
0.000652008048095376
0.00127875480574092
0.00120373342441506
0.000630992750880938
0.000498156127402197
0.00127583631352511
0.00109689131397114
0.00114140119650922
0.000468624778423687
0.000564368675054909
0.00128392355647278
0.00133681124563884
0.00131502101949298
0.000611647876662785
0.000593805025001005
0.000974147966351781
0.00160304042491344
0.00160287234323871
0.00107908546775558
0.000681059475297118
0.000590054321901654
0.00119285883863765
0.00135837999463003
0.00169052063525171
0.00136566511986973
0.000799431415437707
0.000438535228922534
0.000461877040071964
0.0011513083851295
0.00136507168746045
0.00148163708634334
0.0012608913811125
0.00127766412115205
0.000882217201649189
0.00028725771212455
0.000344872870676688
0.000742833045991449
0.000929448303784542
0.00125981113931096
0.00125747024503035
0.00106496224029752
0.00084522953816609
0.00084268872359811
0.000756741569613015
0.00049507575125573
0.000476132133788284
0.000594074331128388
0.000647296934288088
0.00073346970891797
0.000748995136646798
0.000968054405129059
0.00101165428290539
0.000917903942229409
0.000737679405787811
0.000705470673288126
0.000746821795651392
0.000760240262405021
0.000789953817099217
0.000682495538749408
0.000506080133344959
0.000526210649081551
0.000576288652605916
0.000557983804042174
0.000540006872369512
0.000635014353585087
0.00081438860854176
0.00098737281747135
0.00107974204585665
0.00104993856625979
0.000971765565895387
0.000920311840821165
0.000906132896945037
0.000882283210179689
0.000809842109964628
0.000697995624637854
0.000575577376590801
0.000473524107704958
0.000435601580267122
0.000464814770951555
0.00052001003417086
0.000583244980275522
0.000644321287414457
0.000705422884355159
0.000780575431467569
0.000877109548413301
0.000978267257085337
0.00106139428603657
0.00111927731982805
0.00115684249189375
0.00118089268266751
0.000440292262812443
0.00185655267407236
0.00132930602619565
0.000661807827082554
0.00165826412096277
0.00124150843568677
0.000376043287146558
0.00144287985797905
0.00154661490343975
0.000417442215378399
0.000729912748606578
0.00125202911148615
0.00113538358187273
0.000623163750847273
0.000510286536046154
0.00121890714801421
0.00101120012792048
0.00112478552852466
0.000519228591290043
0.00046504033382087
0.00121380312846364
0.00126279065854974
0.00138937660032177
0.000612175308551385
0.000485306188375194
0.000912119878547688
0.00163404284748161
0.00156862342619602
0.00117023724069323
0.000762232990484745
0.000578468621296499
0.00114292082736675
0.0013860480594114
0.00179944192256768
0.00141670480541639
0.000873288624286236
0.000464047357831177
0.000490282437454649
0.00123295758514263
0.00140620288193348
0.00149298688781219
0.00137305294131004
0.0013590136090653
0.000926113864473005
0.000285827117086112
0.000334450750611037
0.000728315400471295
0.00102080831951352
0.00137617638284071
0.00133815544458188
0.0011052686935474
0.000891786492023009
0.000815194706155995
0.000671691630110513
0.000393841459633152
0.000485704120784747
0.000657021501035187
0.000700305993679722
0.00078431258462655
0.000838786305332595
0.000992245182685987
0.00101114392237085
0.000882615374084646
0.000635918517113144
0.000597963737285637
0.000670406499447923
0.000686231811877719
0.000693657939069367
0.000616494656977966
0.000532218828609868
0.000590360223198478
0.000633073592323792
0.000581566445435577
0.000518423403312765
0.000571277290328151
0.000712273464590699
0.000850723556780775
0.000924976403474858
0.000906997656573579
0.000858972461099383
0.000848196235480837
0.000878998967176482
0.000888428644410385
0.0008308097126328
0.000719487441976185
0.000587735851133011
0.000467478690139868
0.00039879609511676
0.000397273441252317
0.000433348621090249
0.000482477821776647
0.00053089202748315
0.000584398392744395
0.000665325423494194
0.000782012752658945
0.000906730021064238
0.00100743735317084
0.00107468289730855
0.00111419245807043
0.0011342602528018
0.000438065297815367
0.00193061399973955
0.00140580881193161
0.000704242196632977
0.00173298607140785
0.00124496801014336
0.000370844438695244
0.00147401490491584
0.00155286044796982
0.000353675414051792
0.000787741282933306
0.00122981248298914
0.00107645803947266
0.000616707960358432
0.000519965995433962
0.0011704511456116
0.000935554735370961
0.00111105647697577
0.000557090527715657
0.000364565446372573
0.00115349089370694
0.00119907244029332
0.00144716792645465
0.000612604938984352
0.000374266912580707
0.000858243616235849
0.00165888762386784
0.00154014005110479
0.00123959549263479
0.000822500147977326
0.000568849311457074
0.00110053568849924
0.00140820111578571
0.001883580908264
0.00145699044841856
0.000929163998279971
0.000483850774881002
0.000512274683614579
0.00129571741667935
0.00143886366546529
0.00150217588375616
0.00145811828223474
0.00142189091790815
0.000960415438003908
0.000284655565785389
0.000325707908936798
0.000716262827474688
0.00108963278394767
0.00146421173302144
0.00140049553153625
0.00113707018128549
0.000928013533402012
0.000792075579239507
0.000593406768404473
0.000285922137167987
0.000493369892280559
0.000704185514822955
0.000740717870543981
0.000823440647475852
0.000905420110737122
0.00101153773808951
0.00101072768198026
0.000852768111124543
0.000538928424047529
0.000493281910700225
0.000600965557469603
0.000619390988724388
0.000603900781083909
0.000556932903215547
0.000552613276191692
0.000637900073341022
0.000675844193666453
0.000600105902219739
0.000500139719393248
0.000513497925339809
0.000616641274361611
0.000720396580334886
0.000776307814813767
0.000771109477122978
0.000754650732044571
0.000784517503984193
0.000856243222595641
0.000893407172199929
0.000847518939087896
0.000736543884357888
0.000597464491245055
0.000462491957008072
0.000366064159471734
0.000332203914499695
0.000347043323971587
0.000381103442314137
0.000416144534468354
0.000462890510374508
0.000553905837804251
0.000694926457640603
0.000843937584086871
0.000961212877671359
0.00103691115548084
0.00107817626968773
0.00109477647894689
0.000436605623103695
0.00197745857632551
0.00145357238373158
0.00073061114928446
0.0017800663943311
0.00124722091114476
0.000367411456156179
0.00149398693252751
0.00155692342462471
0.000304945483076516
0.000823298257672675
0.00121509253560882
0.00103619132176687
0.000612457540279797
0.00052618778475851
0.00113771115463023
0.000882691079972571
0.00110200322612203
0.000580472674338613
0.00028018234742332
0.00111236248985133
0.00115558989860339
0.00148367489529329
0.000612885197893135
0.000278886222799099
0.000821174074372376
0.00167490513710981
0.00152126122837499
0.00128284490027615
0.000859560641523564
0.000562482031962703
0.00107196722143419
0.00142247442680549
0.00193652798392252
0.00148269477432687
0.000963888630209643
0.000496350560064717
0.000526133516023617
0.00133509070152937
0.00145978739645822
0.00150814337745687
0.00151106006184293
0.0014614728172922
0.000982158270968199
0.000283888282301591
0.000319872563222868
0.00070828545814851
0.00113230066427442
0.00151892314597597
0.00143972995800908
0.00115735591165508
0.000950914948673826
0.000776614520614233
0.000536180095231097
0.00018403633537092
0.000498309768024974
0.000733335396962952
0.000765945703300924
0.00084800646029708
0.00094638513566886
0.00102393401827771
0.00101045590787938
0.000832709866321832
0.000464832481383613
0.000410811835758349
0.000550940542756267
0.000571563177646524
0.000537288473677537
0.00051434996350277
0.000565528256077163
0.000667104732935653
0.000702357325956336
0.000611903783588837
0.000487836430256279
0.00047198538778355
0.00054524883811156
0.000620744768283445
0.000661488553810177
0.000667660542600947
0.000677955921680922
0.000740004511851137
0.00084105845511633
0.00089664176602793
0.000858249669239956
0.000747466790033911
0.000603729860371553
0.000459207890904256
0.000343019387690248
0.000281740523333669
0.000276546921520592
0.000296814560855375
0.000319760726136046
0.000362227233145914
0.000467059246659158
0.000631641733216347
0.000800299814012611
0.000929803355111106
0.00101149692286828
0.00105400478620789
0.001068218414241
0.000436097540356398
0.0019934700050947
0.00146979740683685
0.000739549058868865
0.00179612852345295
0.00124800238396641
0.000366211664786879
0.00150086096814651
0.00155833200326435
0.000286086397982004
0.000835293025605744
0.00120993845528952
0.001021835673423
0.000610974467021235
0.000528331447949979
0.00112611800409943
0.000863574966365611
0.00109884161475525
0.000588375854923338
0.000244145870117964
0.0010977182869181
0.0011401006468107
0.00149614524057643
0.000612982500813569
0.000236942163088904
0.000807902123371821
0.00168043224219266
0.00151464963131497
0.00129752803634163
0.000872063218871752
0.000560253769278438
0.00106186569231028
0.00142739810445528
0.00195458078413611
0.00149151815905267
0.000975659269609361
0.000500618676976635
0.000530861999033911
0.00134849596709647
0.00146698431261971
0.00151021034957343
0.00152901774673355
0.00147497097802801
0.000989597718634862
0.000283621321914013
0.000317820903967387
0.000705493843426885
0.00114674770173333
0.0015374687934741
0.00145310811322696
0.0011643183867339
0.000958740550907793
0.000771172434291812
0.000514819376553031
0.000131301543725247
0.000500013951174479
0.000743191603754947
0.000774515012824523
0.000856373226868429
0.000960203345856452
0.00102820423654288
0.0010103615046217
0.00082562971125063
0.000436164194534766
0.000377983746108925
0.000532468623424636
0.00055398755564788
0.000512131223683236
0.00049871112883413
0.00056994511760845
0.000676952701597238
0.00071133408092489
0.0006159482785358
0.000483490301628523
0.000456686262748541
0.000518158282010045
0.000582158821830688
0.000616630433777617
0.000627757341317033
0.000649203794783302
0.00072390523338029
0.000835720294327201
0.000897762402142131
0.000861945158798465
0.000751223119271365
0.000605890642753719
0.00045806183825293
0.000334644954707577
0.000261950156773356
0.000247408064243062
0.000261254741178344
0.000278591846050888
0.000319941339857451
0.000432840036065174
0.000608124352691281
0.000784576944848112
0.000918643725103014
0.0010025199356946
0.00104547938144309
0.00105883906041594
