50 200 9.029498e-06 7.210183e-08 4.009926e-08 1.682097e-02 4.899190e-05 5.812216e-03 5.627158e-01 1.825457e-03 4.042474e-04 5.130340e-05 1.852281e-04 6.922987e-02 1.836484e-03 4.210160e-08 6.589540e-01 
100 200 1.824820e-05 7.509952e-08 3.799796e-08 1.485912e-03 5.385920e-05 4.026350e-04 2.258345e-01 3.808620e-03 1.429647e-03 4.872560e-05 4.463772e-04 2.464401e-01 3.808925e-03 2.100132e-08 4.837898e-01 
150 200 2.644240e-05 7.410417e-08 4.210160e-08 1.127649e-02 5.468150e-05 6.114331e-04 6.942159e-01 5.739511e-03 3.079171e-03 5.457540e-05 6.295902e-04 6.620175e-01 5.752229e-03 3.900495e-08 1.383473e+00 
200 200 3.483490e-05 7.519848e-08 5.309703e-08 5.542843e-03 5.677560e-05 1.027657e-03 9.749588e-01 7.631269e-03 5.364074e-03 5.147270e-05 9.997734e-04 1.075059e+00 7.625353e-03 5.110051e-08 2.078364e+00 
250 200 4.315730e-05 7.509952e-08 2.800371e-08 8.536852e-03 5.494290e-05 1.573845e-03 1.563735e+00 9.498216e-03 8.320743e-03 5.399550e-05 1.618654e-03 1.466623e+00 9.491259e-03 5.909824e-08 3.069563e+00 
300 200 5.181730e-05 7.609488e-08 4.309695e-08 1.223324e-02 5.854030e-05 2.186764e-03 2.255711e+00 1.142159e-02 1.201283e-02 5.673360e-05 2.252329e-03 2.124526e+00 1.140024e-02 5.400507e-08 4.431927e+00 
350 200 6.040500e-05 8.410425e-08 3.500027e-08 1.663721e-02 6.856620e-05 3.119647e-03 2.395682e+00 1.328134e-02 1.615298e-02 6.982900e-05 3.032839e-03 2.978164e+00 1.330616e-02 3.399909e-08 5.439590e+00 
400 200 6.890760e-05 1.000997e-07 3.600144e-08 2.163033e-02 7.922600e-05 4.769364e-03 4.165416e+00 1.519655e-02 2.137528e-02 6.849510e-05 3.739111e-03 3.921262e+00 1.520686e-02 6.009941e-08 8.168827e+00 
450 200 7.675141e-05 7.909839e-08 3.199675e-08 2.762263e-02 7.198120e-05 4.649597e-03 5.391615e+00 1.712649e-02 2.685873e-02 7.592320e-05 4.719763e-03 5.399625e+00 1.711029e-02 4.810281e-08 1.088957e+01 
500 200 8.574080e-05 1.021021e-07 3.509922e-08 3.424609e-02 8.145540e-05 5.838246e-03 6.822843e+00 1.912044e-02 3.317225e-02 7.893600e-05 5.954741e-03 6.993831e+00 1.908858e-02 4.610047e-08 1.393436e+01 
550 200 9.380870e-05 1.042034e-07 2.599554e-08 4.095783e-02 8.776270e-05 7.033016e-03 8.398815e+00 2.111280e-02 3.991153e-02 9.266810e-05 7.222780e-03 7.991138e+00 2.113522e-02 3.399909e-08 1.652762e+01 
600 200 1.032200e-04 8.210191e-08 2.700253e-08 4.863340e-02 9.437580e-05 8.766319e-03 9.648126e+00 2.323456e-02 4.789011e-02 9.549840e-05 8.843264e-03 9.077262e+00 2.323219e-02 5.410402e-08 1.888630e+01 
650 200 1.110977e-04 8.320203e-08 2.500019e-08 6.013953e-02 1.047392e-04 1.865064e-02 1.241809e+01 2.534543e-02 6.084191e-02 9.757750e-05 1.017859e-02 1.217714e+01 2.538371e-02 6.699702e-08 2.479610e+01 
700 200 1.188914e-04 9.419746e-08 5.309703e-08 6.907451e-02 1.030707e-04 1.220524e-02 1.422495e+01 2.759632e-02 6.935751e-02 1.018539e-04 1.874863e-02 1.369535e+01 2.762980e-02 5.110051e-08 2.814525e+01 
750 200 1.283265e-04 7.809722e-08 3.809691e-08 7.605783e-02 1.099750e-04 1.377934e-02 1.534715e+01 2.989774e-02 7.899733e-02 1.069085e-04 1.669449e-02 1.690501e+01 2.988623e-02 6.810296e-08 3.249783e+01 
800 200 1.359677e-04 7.610070e-08 4.310277e-08 8.652842e-02 1.208411e-04 1.596694e-02 1.961661e+01 3.221362e-02 8.949476e-02 1.190026e-04 2.205787e-02 1.966267e+01 3.220795e-02 6.110058e-08 3.955814e+01 
850 200 1.444505e-04 9.619980e-08 3.410387e-08 9.769084e-02 1.102024e-04 1.784100e-02 2.293949e+01 3.452351e-02 1.107075e-01 1.268393e-04 2.813598e-02 2.260227e+01 3.447754e-02 5.810289e-08 4.586554e+01 
900 200 1.521249e-04 9.110081e-08 5.210168e-08 1.102530e-01 1.128161e-02 2.081279e-02 2.499553e+01 3.692976e-02 1.085468e-01 1.244236e-04 2.015612e-02 2.454160e+01 3.688251e-02 7.109484e-08 4.988229e+01 
950 200 1.603513e-04 7.809722e-08 3.610039e-08 1.252060e-01 1.337686e-04 2.242021e-02 2.846601e+01 3.925208e-02 1.241052e-01 1.185501e-02 5.251202e-02 2.782725e+01 3.928407e-02 5.209586e-08 5.670821e+01 
1000 200 1.696441e-04 7.610070e-08 4.299800e-08 1.395610e-01 1.469693e-04 2.515985e-02 2.974908e+01 4.164180e-02 1.389223e-01 1.395091e-04 2.521968e-02 3.052966e+01 4.162854e-02 4.500034e-08 6.069135e+01 
