50 200 9.561014e-05 1.777463e-05 3.445428e-09 5.671705e-05 9.257367e-06 3.424078e-05 1.720382e-02 1.699165e-04 5.607198e-05 9.177427e-06 3.408650e-05 1.717010e-02 1.693772e-04 9.684665e-06 3.503603e-02 
100 200 9.501658e-05 1.777268e-05 3.495254e-09 7.910979e-05 9.165139e-06 6.254500e-05 3.140208e-02 3.436100e-04 7.605593e-05 9.102585e-06 6.363424e-05 3.139508e-02 3.432729e-04 9.644275e-06 6.390628e-02 
150 200 9.539306e-05 1.782057e-05 3.835186e-09 1.193899e-04 9.329976e-06 1.277445e-04 4.733085e-02 5.160895e-04 1.144168e-04 9.258269e-06 1.277962e-04 4.731984e-02 5.155873e-04 9.679777e-06 9.631341e-02 
200 200 9.716950e-05 1.766632e-05 4.075933e-09 1.852054e-04 9.340649e-06 2.273648e-04 7.054993e-02 6.900801e-04 1.875401e-04 9.225618e-06 2.285657e-04 7.054116e-02 6.898291e-04 9.617912e-06 1.434429e-01 
250 200 9.538083e-05 1.769463e-05 4.075933e-09 2.828121e-04 9.275170e-06 3.380024e-04 9.486549e-02 8.619686e-04 2.803572e-04 9.197163e-06 3.386452e-04 9.498703e-02 8.615408e-04 9.696943e-06 1.929573e-01 
300 200 9.490810e-05 1.769731e-05 3.454741e-09 3.671727e-04 9.277656e-06 4.970610e-04 1.242476e-01 1.035884e-03 3.499581e-04 9.202625e-06 4.971492e-04 1.242805e-01 1.037053e-03 9.572160e-06 2.524532e-01 
350 200 9.570720e-05 1.782033e-05 3.485940e-09 5.020599e-04 9.293674e-06 7.046225e-04 1.557537e-01 1.209809e-03 4.982406e-04 9.274151e-06 7.039362e-04 1.557390e-01 1.209815e-03 9.596859e-06 3.164630e-01 
400 200 9.419897e-05 1.769557e-05 3.464986e-09 6.370196e-04 9.210593e-06 9.385279e-04 1.871390e-01 1.384668e-03 6.354207e-04 9.195654e-06 9.389291e-04 1.871059e-01 1.383686e-03 9.464784e-06 3.803031e-01 
450 200 9.542392e-05 1.781535e-05 3.976282e-09 1.512485e-03 9.364405e-06 1.200387e-03 2.228614e-01 1.558153e-03 7.443360e-04 9.246719e-06 1.206402e-03 2.233526e-01 1.558779e-03 9.627718e-06 4.541362e-01 
500 200 9.479383e-05 1.754960e-05 3.485940e-09 9.233517e-04 9.314340e-06 1.448536e-03 2.625048e-01 1.730887e-03 9.148018e-04 9.254610e-06 1.443625e-03 2.624551e-01 1.731052e-03 9.513468e-06 5.332927e-01 
550 200 9.493497e-05 1.779682e-05 3.896188e-09 1.233872e-03 9.253240e-06 1.749218e-03 3.087373e-01 1.904546e-03 1.262112e-03 9.219038e-06 1.748242e-03 3.086956e-01 1.905079e-03 9.523512e-06 6.273769e-01 
600 200 9.505649e-05 1.781810e-05 3.905967e-09 1.430495e-03 9.357955e-06 2.038667e-03 3.556157e-01 2.078107e-03 1.428281e-03 9.331686e-06 2.040155e-03 3.555527e-01 2.078305e-03 9.587989e-06 7.224037e-01 
650 200 9.498257e-05 1.781309e-05 3.495254e-09 1.537368e-03 9.285978e-06 2.474260e-03 4.017373e-01 2.246547e-03 1.506041e-03 9.236314e-06 2.474838e-03 4.016597e-01 2.246634e-03 9.498043e-06 8.160236e-01 
700 200 9.475319e-05 1.759571e-05 3.704801e-09 1.759025e-03 9.298625e-06 2.903770e-03 4.525757e-01 2.424624e-03 1.742464e-03 9.209811e-06 2.902149e-03 4.525698e-01 2.424626e-03 9.478294e-06 9.194427e-01 
750 200 9.514181e-05 1.770045e-05 3.545079e-09 2.287662e-03 9.326507e-06 3.564250e-03 5.132146e-01 2.599033e-03 2.272306e-03 9.215082e-06 3.552925e-03 5.115705e-01 2.596416e-03 9.502395e-06 1.041799e+00 
800 200 9.427842e-05 1.784334e-05 3.705733e-09 2.567966e-03 9.229599e-06 3.930067e-03 5.724425e-01 2.772872e-03 2.591040e-03 9.169144e-06 3.931780e-03 5.723772e-01 2.772329e-03 9.492125e-06 1.163526e+00 
850 200 9.503900e-05 1.755259e-05 3.404915e-09 2.703715e-03 9.302862e-06 4.198069e-03 6.349294e-01 2.943021e-03 2.708364e-03 9.238447e-06 4.186750e-03 6.347527e-01 2.941916e-03 9.569770e-06 1.289505e+00 
900 200 9.584479e-05 1.783054e-05 3.846362e-09 3.114802e-03 9.357453e-06 4.748264e-03 7.069008e-01 3.117420e-03 3.029649e-03 9.327899e-06 4.736717e-03 7.065935e-01 3.115433e-03 9.598382e-06 1.435499e+00 
950 200 9.663805e-05 1.776408e-05 3.545079e-09 3.683004e-03 9.346435e-06 5.525585e-03 7.885622e-01 3.287547e-03 3.681694e-03 9.279917e-06 5.519210e-03 7.883612e-01 3.289020e-03 9.506394e-06 1.602052e+00 
1000 200 9.467131e-05 1.778836e-05 3.824942e-09 4.036975e-03 9.269851e-06 6.118112e-03 8.673654e-01 3.458878e-03 4.032744e-03 9.238032e-06 6.129252e-03 8.670402e-01 3.459568e-03 9.569118e-06 1.761782e+00 
