50 200 6.784386e-03 2.263056e-07 5.909824e-08 4.813193e-04 4.659750e-05 1.793888e-04 6.433398e-02 2.216416e-03 4.627777e-04 4.443830e-05 2.164431e-04 6.595250e-02 2.213399e-03 3.610039e-08 1.429420e-01 
100 200 3.978308e-04 2.062996e-07 3.399909e-08 1.667706e-03 3.970830e-05 3.987822e-04 2.038863e-01 4.617216e-03 1.691796e-03 4.541980e-05 4.317954e-04 2.078353e-01 4.616769e-03 3.309688e-08 4.256402e-01 
150 200 4.001763e-04 4.176982e-07 2.410379e-08 3.668710e-03 4.518540e-05 7.765420e-04 6.072840e-01 6.919208e-03 3.675144e-03 5.017390e-05 7.424631e-04 6.346087e-01 6.914440e-03 4.409812e-08 1.265099e+00 
200 200 4.800755e-04 4.275993e-07 2.399902e-08 6.534397e-03 4.679180e-05 1.161284e-03 7.872358e-01 9.238760e-03 6.472294e-03 4.887090e-05 1.198477e-03 7.828488e-01 9.231061e-03 4.699687e-08 1.604513e+00 
250 200 4.605604e-04 4.436006e-07 2.509914e-08 1.001524e-02 5.084190e-05 1.822774e-03 1.205910e+00 1.150542e-02 1.006948e-02 5.284390e-05 1.876441e-03 1.158321e+00 1.150098e-02 4.600151e-08 2.411600e+00 
300 200 4.433067e-04 5.587994e-07 2.409797e-08 1.434793e-02 5.450140e-05 2.582423e-03 1.724033e+00 1.380220e-02 1.445021e-02 5.836020e-05 2.611184e-03 1.911646e+00 1.380128e-02 5.210168e-08 3.697847e+00 
350 200 5.087703e-04 5.318027e-07 2.399902e-08 1.961579e-02 6.752480e-05 5.020930e-03 2.599507e+00 1.609431e-02 1.973932e-02 6.509620e-05 4.275461e-03 2.583449e+00 1.607378e-02 4.600151e-08 5.264433e+00 
400 200 4.993262e-04 5.537993e-07 4.009926e-08 2.562896e-02 7.156280e-05 6.897906e-03 3.366963e+00 1.835267e-02 2.564338e-02 6.880270e-05 4.980097e-03 3.300607e+00 1.836258e-02 5.509937e-08 6.768092e+00 
450 200 5.137434e-04 4.707021e-07 4.710164e-08 3.251745e-02 7.180210e-05 5.705839e-03 4.513456e+00 2.062358e-02 3.240828e-02 7.497390e-05 7.005267e-03 4.511878e+00 2.065342e-02 5.910406e-08 9.144924e+00 
500 200 5.422781e-04 4.195957e-07 6.610062e-08 4.043560e-02 8.004530e-05 7.039596e-03 5.508848e+00 2.292232e-02 4.003005e-02 8.068510e-05 7.655037e-03 5.441382e+00 2.290960e-02 5.300390e-08 1.109194e+01 
550 200 5.229472e-04 4.405971e-07 3.500027e-08 4.935945e-02 8.536040e-05 1.047476e-02 6.734376e+00 2.516471e-02 5.087154e-02 8.970880e-05 1.701263e-02 6.724495e+00 2.516652e-02 5.610054e-08 1.363763e+01 
600 200 5.287021e-04 5.208014e-07 3.710156e-08 6.160660e-02 9.338510e-05 1.933212e-02 8.330047e+00 2.747561e-02 6.329969e-02 9.633170e-05 2.039468e-02 8.766212e+00 2.746721e-02 5.509937e-08 1.731657e+01 
650 200 5.470899e-04 5.407957e-07 4.010508e-08 7.462936e-02 9.844680e-05 2.065972e-02 1.030904e+01 2.972814e-02 6.788854e-02 9.056200e-05 1.213601e-02 1.000018e+01 2.972624e-02 5.899929e-08 2.054474e+01 
700 200 4.924443e-04 4.826987e-07 3.899913e-08 7.963161e-02 9.964460e-05 1.451812e-02 1.213136e+01 3.200274e-02 8.366168e-02 9.739120e-05 2.335880e-02 1.220761e+01 3.201142e-02 5.110051e-08 2.460487e+01 
750 200 4.859108e-04 4.506961e-07 3.909809e-08 9.244471e-02 1.082865e-04 1.802643e-02 1.441430e+01 3.426864e-02 9.876653e-02 1.106300e-04 3.103360e-02 1.469256e+01 3.429427e-02 5.100155e-08 2.941641e+01 
800 200 4.815201e-04 4.627043e-07 3.110035e-08 1.547412e-01 1.190926e-04 1.868691e-02 1.649979e+01 3.661726e-02 1.023323e-01 1.163315e-04 1.894415e-02 1.653860e+01 3.655964e-02 5.199690e-08 3.340700e+01 
850 200 4.932888e-04 6.560003e-07 3.200257e-08 1.204196e-01 1.069415e-04 2.901164e-02 1.913822e+01 3.879933e-02 1.158290e-01 1.161031e-04 2.159028e-02 1.850108e+01 3.882262e-02 5.009933e-08 3.800451e+01 
900 200 5.009974e-04 4.645961e-07 4.200265e-08 1.311603e-01 1.138188e-04 2.435725e-02 2.120478e+01 4.107860e-02 1.463301e-01 1.203255e-04 3.398397e-02 2.311697e+01 4.112685e-02 6.210175e-08 4.474054e+01 
950 200 5.892088e-04 4.316040e-07 3.709574e-08 1.462779e-01 1.317385e-04 2.700396e-02 2.476151e+01 4.334570e-02 1.458605e-01 1.366699e-04 2.749339e-02 2.512957e+01 4.338236e-02 1.191045e-07 5.032534e+01 
1000 200 5.997686e-04 9.354029e-07 4.899921e-08 1.609873e-01 1.241702e-04 5.723537e-02 3.401665e+01 4.565664e-02 1.679367e-01 1.317174e-04 5.296434e-02 3.465146e+01 4.565528e-02 1.241977e-07 6.919942e+01 
