50 200 1.280817e-04 2.073008e-07 4.009926e-08 1.865781e-03 7.630402e-06 2.836312e-04 2.298412e-02 2.215384e-03 1.837980e-03 7.363001e-06 3.262407e-04 2.282938e-02 2.219735e-03 3.409805e-08 5.471279e-02 
100 200 9.727280e-05 4.296016e-07 3.409805e-08 7.721967e-03 1.295420e-05 1.305411e-03 9.472750e-02 4.613498e-03 7.894549e-03 1.246850e-05 1.314923e-03 9.497394e-02 4.620547e-03 2.299785e-08 2.173091e-01 
150 200 1.019077e-04 4.105968e-07 2.410379e-08 1.753943e-02 1.680010e-05 2.937469e-03 3.239249e-01 6.904999e-03 1.756934e-02 1.743700e-05 2.939977e-03 3.228173e-01 6.900784e-03 3.310270e-08 7.016870e-01 
200 200 1.086748e-04 4.286005e-07 3.409805e-08 3.149243e-02 2.096720e-05 5.222702e-03 3.884963e-01 9.236990e-03 3.149792e-02 2.162120e-05 5.297595e-03 3.880357e-01 9.328923e-03 2.210145e-08 8.687796e-01 
250 200 1.202280e-04 4.036003e-07 2.910383e-08 4.901843e-02 2.480390e-05 9.010164e-03 6.466573e-01 1.151313e-02 4.915856e-02 2.526560e-05 8.856191e-03 6.465541e-01 1.151130e-02 5.500042e-08 1.432469e+00 
300 200 1.276760e-04 4.075991e-07 2.910383e-08 7.088814e-02 2.987850e-05 1.293048e-02 9.733415e-01 1.382862e-02 7.106403e-02 3.129360e-05 1.323053e-02 9.743335e-01 1.381734e-02 6.209593e-08 2.143642e+00 
350 200 1.354447e-04 3.794965e-07 2.500019e-08 9.671156e-02 3.340570e-05 1.661249e-02 1.424754e+00 1.608620e-02 9.671155e-02 3.324350e-05 1.687174e-02 1.420691e+00 1.611389e-02 6.509945e-08 3.104773e+00 
400 200 1.448016e-04 3.975991e-07 2.309680e-08 1.264488e-01 3.924040e-05 2.430894e-02 1.968229e+00 1.837193e-02 1.267467e-01 3.943370e-05 2.419815e-02 1.968920e+00 1.836171e-02 5.410402e-08 4.275827e+00 
450 200 1.544550e-04 4.366972e-07 2.899906e-08 1.603299e-01 4.335160e-05 3.187196e-02 2.648904e+00 2.063012e-02 1.599212e-01 4.412480e-05 2.823960e-02 2.649537e+00 2.063904e-02 5.610054e-08 5.720334e+00 
500 200 1.625741e-04 4.456961e-07 3.310270e-08 1.984601e-01 4.580020e-05 3.887062e-02 3.476375e+00 2.290542e-02 1.982487e-01 4.821870e-05 3.953921e-02 3.479421e+00 2.291523e-02 5.210168e-08 7.477010e+00 
550 200 1.849293e-04 4.325993e-07 2.409797e-08 2.397556e-01 5.184020e-05 4.672966e-02 4.153726e+00 2.519523e-02 2.397355e-01 5.146670e-05 4.772328e-02 4.158081e+00 2.524573e-02 5.210168e-08 8.936500e+00 
600 200 1.811326e-04 4.597008e-07 2.399902e-08 2.857238e-01 6.010050e-05 5.723490e-02 5.228246e+00 2.749862e-02 2.860668e-01 5.567390e-05 5.808364e-02 5.228414e+00 2.756682e-02 4.909816e-08 1.119915e+01 
650 200 1.953137e-04 4.265981e-07 2.409797e-08 3.351573e-01 6.014850e-05 6.666539e-02 6.711835e+00 2.977927e-02 3.348621e-01 6.071240e-05 6.500422e-02 6.713371e+00 2.978201e-02 4.809699e-08 1.428679e+01 
700 200 2.019035e-04 4.336995e-07 2.399902e-08 3.889738e-01 6.396120e-05 7.683969e-02 8.128910e+00 3.206744e-02 3.890842e-01 6.257540e-05 7.844306e-02 8.140669e+00 3.206642e-02 5.710172e-08 1.726740e+01 
750 200 2.143615e-04 4.476984e-07 2.400484e-08 4.463046e-01 6.888830e-05 8.536601e-02 9.647771e+00 3.427628e-02 4.464238e-01 6.992850e-05 9.020991e-02 9.648596e+00 3.431715e-02 4.810281e-08 2.043364e+01 
800 200 2.252906e-04 3.914989e-07 3.610039e-08 5.081163e-01 7.358660e-05 9.878458e-02 1.145032e+01 3.655236e-02 5.085175e-01 7.107600e-05 9.950182e-02 1.144187e+01 3.662378e-02 6.310293e-08 2.418068e+01 
850 200 2.397787e-04 4.706962e-07 2.510496e-08 5.759274e-01 7.478060e-05 1.230059e-01 1.355648e+01 3.886520e-02 5.742790e-01 7.629070e-05 1.213425e-01 1.354516e+01 3.885439e-02 3.510504e-08 2.857432e+01 
900 200 2.373680e-04 3.615045e-07 2.409797e-08 6.453171e-01 8.070030e-05 1.347480e-01 1.575683e+01 4.109144e-02 6.445592e-01 7.918210e-05 1.361327e-01 1.575011e+01 4.112823e-02 5.509937e-08 3.315034e+01 
950 200 2.479628e-04 3.764988e-07 3.100140e-08 7.178240e-01 8.583500e-05 1.555417e-01 1.765864e+01 4.334261e-02 7.167737e-01 8.762770e-05 1.561193e-01 1.765823e+01 4.335063e-02 3.299792e-08 3.715026e+01 
1000 200 2.562322e-04 3.664987e-07 3.710156e-08 7.949446e-01 8.822160e-05 1.716996e-01 2.048415e+01 4.574563e-02 7.939466e-01 8.835480e-05 1.680032e-01 2.048642e+01 4.579907e-02 4.710164e-08 4.299117e+01 
