50 200 6.094822e-03 2.233020e-07 3.709574e-08 8.197266e-03 6.841500e-05 1.155428e-02 5.106140e-01 2.215684e-03 3.631976e-04 6.802640e-05 1.560207e-04 1.005523e-01 2.220408e-03 3.500027e-08 6.421215e-01 
100 200 6.077704e-04 4.948000e-07 3.299792e-08 1.266190e-03 6.834900e-05 5.251291e-04 3.128495e-01 4.618709e-03 1.282250e-03 6.684470e-05 4.721101e-04 2.785962e-01 4.621687e-03 3.210152e-08 6.049869e-01 
150 200 6.952759e-04 4.678033e-07 3.399909e-08 2.743935e-03 7.141250e-05 7.109573e-04 8.108706e-01 6.907424e-03 2.842723e-03 7.487960e-05 6.215169e-04 2.822027e+01 6.911862e-03 2.210145e-08 2.905273e+01 
200 200 3.164386e-02 1.662498e-06 4.909816e-08 3.133928e-02 2.426006e-03 8.112618e-03 1.752160e+01 7.647724e-03 4.666764e-03 5.601160e-05 8.839543e-04 3.681165e+00 7.657330e-03 6.710179e-08 2.129722e+01 
250 200 5.486422e-04 9.804964e-07 4.910398e-08 7.472329e-03 6.420070e-05 1.402957e-03 1.915445e+00 1.152361e-02 7.709105e-03 6.734740e-05 1.515549e-03 1.686186e+00 1.150732e-02 6.509945e-08 3.643456e+00 
300 200 6.709907e-04 4.947011e-07 2.610032e-08 1.082598e-02 7.402140e-05 2.133367e-03 3.115014e+00 1.380020e-02 1.074180e-02 7.726830e-05 2.168960e-03 3.188760e+00 1.378296e-02 3.710156e-08 6.358070e+00 
350 200 6.454136e-04 4.908012e-07 2.599554e-08 1.460097e-02 7.968890e-05 2.883607e-03 4.124589e+00 1.609186e-02 1.480597e-02 7.611430e-05 2.798871e-03 4.125100e+00 1.610530e-02 1.099543e-08 8.317791e+00 
400 200 1.043045e-02 8.061994e-07 4.100148e-08 1.921432e-02 8.262720e-05 3.666153e-03 5.534797e+00 1.842676e-02 1.920981e-02 8.099270e-05 3.756020e-03 5.587194e+00 1.842332e-02 3.199675e-08 1.121530e+01 
450 200 6.395152e-04 4.557020e-07 3.610039e-08 2.373159e-02 9.008830e-05 4.608451e-03 7.246201e+00 2.064430e-02 2.359632e-02 8.365770e-05 6.988388e-03 7.032316e+00 2.064461e-02 2.099550e-08 1.437956e+01 
500 200 1.236071e-03 5.008013e-07 2.909801e-08 2.995696e-02 8.944940e-05 7.685095e-03 8.608492e+00 2.290345e-02 2.915555e-02 9.663100e-05 9.362896e-03 8.745342e+00 2.289613e-02 1.500011e-08 1.747723e+01 
550 200 6.856831e-04 4.786998e-07 3.710156e-08 3.620871e-02 1.019089e-04 1.185904e-02 9.952675e+00 2.358758e-02 3.631949e-02 1.027712e-04 1.155872e-02 9.340979e+00 2.251581e-02 7.509952e-08 1.943662e+01 
600 200 7.803488e-03 1.934898e-06 5.010515e-08 4.162177e-02 1.039260e-04 8.829225e-03 1.175649e+01 2.317120e-02 4.085024e-02 1.063716e-04 9.182203e-03 2.675692e+01 2.317905e-02 2.009911e-08 3.866832e+01 
650 200 6.344962e-04 6.860006e-07 5.009933e-08 5.000151e-02 1.038439e-04 1.209816e-02 2.122058e+01 2.531061e-02 5.156539e-02 1.101912e-04 1.345114e-02 1.907406e+01 2.537623e-02 1.199660e-08 4.047331e+01 
700 200 8.899428e-03 9.845011e-07 5.710172e-08 5.692538e-02 1.144055e-04 1.380888e-02 2.493083e+01 2.760277e-02 1.119920e-01 8.301026e-03 1.461220e-02 2.251087e+01 2.752661e-02 4.810281e-08 4.771149e+01 
750 200 7.016029e-04 7.461000e-07 4.709582e-08 6.739216e-02 1.253619e-04 1.777561e-02 2.776012e+01 2.982810e-02 6.904330e-02 1.263243e-04 1.983601e-02 3.112533e+01 2.982981e-02 1.399894e-08 5.912013e+01 
800 200 7.562523e-04 7.360999e-07 4.909816e-08 7.623479e-02 1.309602e-04 1.932271e-02 2.902083e+01 3.218817e-02 7.423334e-02 1.276312e-04 2.114776e-02 3.085616e+01 3.225891e-02 4.710164e-08 6.013340e+01 
850 200 6.488422e-04 8.622999e-07 5.210168e-08 8.407849e-02 1.105698e-04 2.339814e-02 3.652093e+01 3.448400e-02 8.964153e-02 1.217275e-04 2.314107e-02 3.422215e+01 3.446698e-02 4.509930e-08 7.103318e+01 
900 200 6.798775e-04 7.831026e-07 4.810281e-08 9.370316e-02 1.158797e-04 2.647493e-02 4.061050e+01 3.683119e-02 1.011068e-01 1.275291e-04 2.665395e-02 4.918687e+01 3.688605e-02 9.119976e-08 9.011996e+01 
950 200 2.492197e-02 9.383017e-07 6.509945e-08 9.505667e-02 1.299387e-04 3.353586e-02 7.159024e+01 3.918557e-02 1.650961e-01 1.453138e-04 3.504078e-02 7.982512e+01 3.914086e-02 8.409843e-08 1.518476e+02 
1000 200 2.948541e-02 1.038599e-06 6.509945e-08 2.250538e-01 1.419442e-02 6.297285e-02 7.489142e+01 4.059872e-02 2.135072e-01 1.421870e-02 6.694285e-02 1.112994e+02 4.068465e-02 2.500019e-08 1.868985e+02 
