50 200 2.539351e-02 2.653804e-07 5.108304e-08 5.357934e-04 2.740198e-05 1.340625e-04 4.357825e-02 2.158415e-03 5.225807e-04 2.801390e-05 1.627204e-04 4.399698e-02 2.119308e-03 5.108304e-08 1.186696e-01 
100 200 2.765946e-04 3.864989e-07 3.110617e-08 2.013680e-03 2.754829e-05 3.805532e-04 1.410265e-01 4.358389e-03 2.012868e-03 2.755923e-05 4.292009e-04 1.483101e-01 4.166153e-03 5.410984e-08 3.030407e-01 
150 200 3.283964e-04 2.303161e-07 4.102476e-08 4.484101e-03 3.463584e-05 7.678278e-04 4.664756e-01 5.849261e-03 4.433219e-03 3.077998e-05 7.524869e-04 3.935496e-01 5.754288e-03 3.213063e-08 8.824755e-01 
200 200 2.742814e-04 4.597008e-07 3.096648e-08 8.024250e-03 3.670189e-05 1.501780e-03 5.232616e-01 9.260721e-03 8.034594e-03 3.444050e-05 1.358867e-03 5.262861e-01 9.183627e-03 4.610047e-08 1.087275e+00 
250 200 3.202462e-04 4.317146e-07 4.000030e-08 1.247660e-02 4.051561e-05 2.139141e-03 7.717376e-01 1.130510e-02 1.250426e-02 3.778851e-05 2.149998e-03 7.688734e-01 1.134488e-02 4.009344e-08 1.592942e+00 
300 200 2.854190e-04 4.426111e-07 2.509914e-08 1.798540e-02 4.409901e-05 2.969484e-03 1.168953e+00 1.327064e-02 1.803233e-02 4.635141e-05 3.050094e-03 1.171246e+00 1.330585e-02 5.811453e-08 2.409209e+00 
350 200 3.454827e-04 7.600989e-07 3.613532e-08 2.444461e-02 5.939282e-05 4.005127e-03 1.582882e+00 1.521581e-02 2.443623e-02 5.378248e-05 4.046073e-03 1.580750e+00 1.511902e-02 4.600734e-08 3.251377e+00 
400 200 3.513515e-04 4.677102e-07 3.608875e-08 3.197878e-02 5.758321e-05 5.290787e-03 2.090289e+00 1.675092e-02 3.209642e-02 5.845241e-05 5.231805e-03 2.068574e+00 1.685153e-02 4.707836e-08 4.267549e+00 
450 200 3.251483e-04 4.606787e-07 4.209578e-08 4.041603e-02 6.678691e-05 6.752777e-03 2.646117e+00 1.803980e-02 4.058001e-02 6.074691e-05 7.020616e-03 2.796905e+00 1.789429e-02 6.509945e-08 5.574198e+00 
500 200 4.123528e-04 4.846603e-07 4.107133e-08 5.019459e-02 7.046540e-05 8.291895e-03 3.381170e+00 1.943861e-02 5.007098e-02 6.547691e-05 8.342871e-03 3.290805e+00 1.948989e-02 5.406328e-08 6.828368e+00 
550 200 3.178034e-04 4.837755e-07 2.495944e-08 6.066996e-02 7.007481e-05 1.025764e-02 3.996416e+00 2.121773e-02 6.074118e-02 7.030619e-05 1.015998e-02 3.945662e+00 2.116827e-02 6.509945e-08 8.126771e+00 
600 200 3.226095e-04 4.336238e-07 2.710149e-08 7.386532e-02 7.936577e-05 1.261758e-02 4.826803e+00 2.326311e-02 7.195849e-02 7.468369e-05 1.214832e-02 4.876556e+00 2.327027e-02 5.313195e-08 9.920977e+00 
650 200 3.363223e-04 6.389804e-07 2.500601e-08 8.504303e-02 7.970897e-05 1.480193e-02 5.729886e+00 2.544292e-02 8.575422e-02 8.114940e-05 1.490605e-02 5.753297e+00 2.542174e-02 3.506429e-08 1.173507e+01 
700 200 3.477421e-04 7.271301e-07 3.110617e-08 9.939160e-02 8.169822e-05 1.735734e-02 6.918225e+00 2.769046e-02 9.924862e-02 8.240230e-05 1.698815e-02 6.874412e+00 2.769680e-02 4.810281e-08 1.408154e+01 
750 200 3.521708e-04 6.930903e-07 2.500601e-08 1.138266e-01 9.330558e-05 1.968459e-02 8.214682e+00 2.996852e-02 1.134919e-01 9.263963e-05 1.924605e-02 8.152030e+00 3.000176e-02 4.507601e-08 1.669349e+01 
800 200 3.527166e-04 4.336704e-07 4.009344e-08 1.369380e-01 9.875200e-05 2.176198e-02 9.280205e+00 3.232430e-02 1.299831e-01 9.644139e-05 2.234690e-02 9.160296e+00 3.232963e-02 6.812625e-08 1.881675e+01 
850 200 3.604175e-04 4.687347e-07 2.798624e-08 1.455542e-01 9.328164e-05 2.441108e-02 1.013008e+01 3.460593e-02 1.451320e-01 9.593652e-05 2.446414e-02 1.017466e+01 3.463502e-02 5.611219e-08 2.071411e+01 
900 200 3.678387e-04 5.798880e-07 4.009344e-08 1.633348e-01 9.695012e-05 2.716432e-02 1.151469e+01 3.698566e-02 1.629235e-01 9.984751e-05 2.769514e-02 1.159772e+01 3.691945e-02 6.509945e-08 2.356802e+01 
950 200 3.827371e-04 5.026814e-07 3.613532e-08 1.851323e-01 1.162139e-04 3.052663e-02 1.275346e+01 3.933221e-02 1.821308e-01 1.102780e-04 3.078964e-02 1.300615e+01 3.933702e-02 6.109476e-08 2.626749e+01 
1000 200 3.833560e-04 5.167909e-07 2.500601e-08 2.021044e-01 1.165355e-04 3.373009e-02 1.497467e+01 4.170096e-02 2.017252e-01 1.166377e-04 3.487595e-02 1.500404e+01 4.168679e-02 5.210750e-08 3.053517e+01 
