50 200 2.066980e-05 1.923006e-07 4.110043e-08 1.431302e-02 3.884803e-06 2.000005e-03 1.824058e-02 2.221032e-03 1.437424e-02 3.830699e-06 1.979461e-03 1.822151e-02 2.224458e-03 4.909816e-08 7.361332e-02 
100 200 3.097110e-05 3.756024e-07 4.409812e-08 6.062546e-02 8.220196e-06 9.924120e-03 1.215133e-01 4.633881e-03 6.104659e-02 8.184102e-06 9.842911e-03 1.213964e-01 4.630129e-03 2.000015e-08 3.936768e-01 
150 200 3.987940e-05 3.714988e-07 2.810266e-08 1.392419e-01 1.186270e-05 2.262066e-02 5.089127e-01 6.925086e-03 1.387812e-01 1.165830e-05 2.251110e-02 5.080925e-01 6.922625e-03 5.309703e-08 1.354090e+00 
200 200 4.825480e-05 3.716035e-07 3.909809e-08 2.479820e-01 1.504940e-05 4.090582e-02 9.202407e-01 9.285135e-03 2.488093e-01 1.499730e-05 4.102842e-02 9.212263e-01 9.279888e-03 5.500042e-08 2.438855e+00 
250 200 5.758370e-05 3.645022e-07 4.100148e-08 3.900109e-01 1.762630e-05 6.401721e-02 1.762359e+00 1.153810e-02 3.902182e-01 1.905430e-05 6.429415e-02 1.764341e+00 1.154934e-02 2.299785e-08 4.458443e+00 
300 200 6.619460e-05 3.745023e-07 5.299808e-08 5.643288e-01 2.157010e-05 9.293500e-02 3.023979e+00 1.382816e-02 5.653558e-01 2.240130e-05 9.300261e-02 3.024027e+00 1.381030e-02 5.009933e-08 7.391395e+00 
350 200 7.432660e-05 3.894966e-07 3.909809e-08 7.678965e-01 2.482400e-05 1.263362e-01 4.800511e+00 1.613154e-02 7.708411e-01 2.405880e-05 1.265394e-01 4.800878e+00 1.612017e-02 1.200242e-08 1.142540e+01 
400 200 8.330300e-05 5.018024e-07 4.209578e-08 1.008641e+00 2.746690e-05 1.653480e-01 7.187865e+00 1.842977e-02 1.010697e+00 2.894810e-05 1.658725e-01 7.189750e+00 1.838980e-02 6.409828e-08 1.676515e+01 
450 200 9.098140e-05 4.207017e-07 4.099566e-08 1.277292e+00 3.070370e-05 2.092553e-01 1.021846e+01 2.063638e-02 1.274592e+00 3.059650e-05 2.094105e-01 1.023872e+01 2.067589e-02 5.110051e-08 2.346922e+01 
500 200 1.003717e-04 4.116038e-07 4.710164e-08 1.580856e+00 3.395170e-05 2.603028e-01 1.396461e+01 2.299594e-02 1.577963e+00 3.376530e-05 2.601867e-01 1.398911e+01 2.297622e-02 5.509937e-08 3.167919e+01 
550 200 1.083545e-04 5.066977e-07 6.100163e-08 1.916430e+00 3.715430e-05 3.146939e-01 1.831841e+01 2.523479e-02 1.914893e+00 3.779040e-05 3.154103e-01 1.831792e+01 2.523400e-02 4.899921e-08 4.114843e+01 
600 200 1.165208e-04 3.966037e-07 4.710164e-08 2.276716e+00 4.054250e-05 3.751924e-01 2.388965e+01 2.752326e-02 2.277560e+00 4.095010e-05 3.761324e-01 2.390504e+01 2.754205e-02 3.899913e-08 5.315558e+01 
650 200 1.251907e-04 3.885012e-07 4.099566e-08 2.672721e+00 4.474370e-05 4.408526e-01 3.036153e+01 2.981216e-02 2.677281e+00 4.363210e-05 4.403298e-01 3.037165e+01 2.980557e-02 3.610039e-08 6.702421e+01 
700 200 1.339097e-04 4.367030e-07 6.710179e-08 3.098970e+00 4.700510e-05 5.104974e-01 3.770164e+01 3.209743e-02 3.107972e+00 4.760000e-05 5.145806e-01 3.800449e+01 3.209259e-02 3.399909e-08 8.300259e+01 
750 200 1.430084e-04 3.545021e-07 3.699679e-08 3.561773e+00 5.116930e-05 5.895750e-01 4.728394e+01 3.432954e-02 3.565931e+00 5.037320e-05 5.917438e-01 4.751675e+01 3.441335e-02 1.909793e-08 1.031787e+02 
800 200 1.544525e-04 7.790979e-07 3.800378e-08 4.063734e+00 5.347180e-05 6.756158e-01 5.826223e+01 3.664895e-02 4.073629e+00 5.362700e-05 6.804755e-01 5.845070e+01 3.663869e-02 6.509945e-08 1.262800e+02 
850 200 1.603441e-04 3.524998e-07 3.909809e-08 4.587339e+00 5.767400e-05 7.596049e-01 6.965753e+01 3.889186e-02 4.584906e+00 5.739060e-05 7.624363e-01 7.003926e+01 3.886475e-02 5.610054e-08 1.504691e+02 
900 200 1.717081e-04 3.584952e-07 4.210160e-08 5.153026e+00 6.135050e-05 8.526165e-01 8.032800e+01 4.120297e-02 5.131884e+00 6.071060e-05 8.503108e-01 7.946512e+01 4.120682e-02 4.809699e-08 1.718637e+02 
950 200 1.807196e-04 3.896013e-07 4.000030e-08 5.729026e+00 6.330640e-05 9.456586e-01 9.636710e+01 4.343658e-02 5.726347e+00 6.299990e-05 9.433356e-01 9.224830e+01 4.351736e-02 5.709589e-08 2.020471e+02 
1000 200 1.847054e-04 3.475987e-07 6.210175e-08 6.361459e+00 6.750960e-05 1.043877e+00 1.084308e+02 4.566743e-02 6.344884e+00 6.757480e-05 1.042793e+00 1.083964e+02 4.564627e-02 5.409820e-08 2.317118e+02 
