50 200 2.792896e-04 1.871958e-07 5.299808e-08 6.564501e-04 1.780650e-05 1.069856e-04 2.943778e-02 2.215433e-03 6.432124e-04 1.663280e-05 1.304686e-04 2.925075e-02 2.210868e-03 5.210168e-08 6.497367e-02 
100 200 1.730882e-04 2.253975e-07 4.399917e-08 2.650047e-03 1.792580e-05 4.506752e-04 1.046362e-01 4.608370e-03 2.659092e-03 1.987670e-05 4.545911e-04 1.043569e-01 4.610893e-03 5.009933e-08 2.246480e-01 
150 200 1.747597e-04 4.456961e-07 3.909809e-08 5.894572e-03 2.446450e-05 9.731856e-04 3.169035e-01 6.908041e-03 5.977496e-03 2.472890e-05 9.573130e-04 3.171305e-01 6.909685e-03 5.310285e-08 6.618935e-01 
200 200 1.822469e-04 4.426052e-07 4.700269e-08 1.066303e-02 2.786460e-05 1.716962e-03 3.821046e-01 9.241664e-03 1.061578e-02 2.829930e-05 1.699309e-03 3.826166e-01 9.243681e-03 5.110051e-08 8.081592e-01 
250 200 1.889588e-04 4.286005e-07 2.610032e-08 1.648297e-02 3.249150e-05 2.729171e-03 5.850050e-01 1.149720e-02 1.656710e-02 3.332970e-05 2.714340e-03 5.856555e-01 1.150379e-02 6.209593e-08 1.232428e+00 
300 200 1.969007e-04 4.747009e-07 5.509937e-08 2.378859e-02 3.746890e-05 3.875197e-03 8.473444e-01 1.381262e-02 2.386344e-02 3.880490e-05 3.873411e-03 8.469294e-01 1.380628e-02 5.409820e-08 1.777585e+00 
350 200 2.037038e-04 4.426984e-07 3.799796e-08 3.237199e-02 4.237020e-05 5.285790e-03 1.181141e+00 1.607423e-02 3.238700e-02 4.438020e-05 5.274170e-03 1.182073e+00 1.607717e-02 4.510512e-08 2.470992e+00 
400 200 2.060994e-04 5.026988e-07 3.909809e-08 4.227707e-02 4.667560e-05 6.935228e-03 1.562526e+00 1.835197e-02 4.240816e-02 4.842220e-05 6.955374e-03 1.563759e+00 1.835757e-02 5.599577e-08 3.261890e+00 
450 200 2.120791e-04 4.636997e-07 3.909809e-08 5.356913e-02 5.111020e-05 8.786138e-03 2.044326e+00 2.061379e-02 5.357484e-02 5.262440e-05 8.769142e-03 2.044117e+00 2.061688e-02 5.110051e-08 4.254707e+00 
500 200 2.310034e-04 4.697009e-07 3.899913e-08 6.624531e-02 5.580010e-05 1.085155e-02 2.641968e+00 2.291996e-02 6.628063e-02 5.700000e-05 1.069673e-02 2.640518e+00 2.291183e-02 3.810273e-08 5.482754e+00 
550 200 2.273490e-04 5.167967e-07 4.710164e-08 8.018647e-02 5.977310e-05 1.317061e-02 3.277117e+00 2.518036e-02 8.030846e-02 6.328940e-05 1.308568e-02 3.277710e+00 2.516279e-02 5.909824e-08 6.792289e+00 
600 200 2.313581e-04 4.186993e-07 4.509930e-08 9.578698e-02 6.713220e-05 1.548704e-02 4.039130e+00 2.746051e-02 9.559503e-02 6.764890e-05 1.551060e-02 4.037936e+00 2.745522e-02 5.810289e-08 8.354747e+00 
650 200 2.367051e-04 3.886002e-07 4.910398e-08 1.122671e-01 7.023580e-05 1.828511e-02 4.892895e+00 2.973610e-02 1.121493e-01 7.102900e-05 1.845837e-02 4.889859e+00 2.971318e-02 5.899929e-08 1.010376e+01 
700 200 2.496884e-04 3.996014e-07 3.899913e-08 1.299867e-01 7.506300e-05 2.131847e-02 5.866652e+00 3.199493e-02 1.299582e-01 7.378800e-05 2.135218e-02 5.862915e+00 3.200850e-02 5.309703e-08 1.209660e+01 
750 200 2.562733e-04 4.747009e-07 4.799804e-08 1.493958e-01 8.203140e-05 2.444547e-02 6.846728e+00 3.422342e-02 1.497366e-01 8.016180e-05 2.434636e-02 6.836058e+00 3.423766e-02 6.110058e-08 1.409961e+01 
800 200 2.653392e-04 4.325993e-07 5.200272e-08 1.698650e-01 8.561380e-05 2.783916e-02 7.893971e+00 3.660273e-02 1.699454e-01 8.447000e-05 2.799919e-02 7.880257e+00 3.655403e-02 5.210168e-08 1.624349e+01 
850 200 2.654110e-04 5.198002e-07 4.100148e-08 1.919648e-01 8.507590e-05 3.167761e-02 8.757122e+00 3.879597e-02 1.922281e-01 8.680050e-05 3.143772e-02 8.763708e+00 3.878734e-02 5.110051e-08 1.804618e+01 
900 200 2.741742e-04 3.915979e-07 3.910391e-08 2.154839e-01 8.924120e-05 3.549567e-02 9.982823e+00 4.106842e-02 2.147750e-01 9.318210e-05 3.539991e-02 9.976148e+00 4.104924e-02 5.610054e-08 2.054272e+01 
950 200 2.936812e-04 4.586997e-07 6.710179e-08 2.391679e-01 9.813950e-05 3.941115e-02 1.104232e+01 4.331503e-02 2.395817e-01 9.701780e-05 3.942752e-02 1.104827e+01 4.331445e-02 5.709589e-08 2.273531e+01 
1000 200 2.883541e-04 3.645022e-07 3.910391e-08 2.659714e-01 1.022105e-04 4.364822e-02 1.249596e+01 4.561892e-02 2.657436e-01 1.007233e-04 4.351551e-02 1.249143e+01 4.567860e-02 5.209586e-08 2.569808e+01 
