50 200 2.162690e-04 1.982786e-07 2.603047e-08 9.676752e-04 1.124782e-05 1.604667e-04 2.521564e-02 2.215077e-03 9.453049e-04 1.136893e-05 1.868530e-04 2.521215e-02 2.232996e-03 3.003515e-08 5.738405e-02 
100 200 1.465559e-04 2.213288e-07 2.612360e-08 3.965907e-03 1.579751e-05 6.000181e-04 9.503284e-02 4.620722e-03 3.928589e-03 1.670090e-05 6.055495e-04 9.506041e-02 4.631549e-03 2.998859e-08 2.086391e-01 
150 200 1.411909e-04 4.305970e-07 2.710149e-08 8.852979e-03 2.214513e-05 1.379969e-03 3.078888e-01 6.931787e-03 8.911821e-03 2.097026e-05 1.433867e-03 3.081692e-01 6.914244e-03 2.398156e-08 6.506851e-01 
200 200 1.452650e-04 4.245900e-07 2.509914e-08 1.580864e-02 2.501430e-05 2.590977e-03 3.798521e-01 9.255946e-03 1.586913e-02 2.533477e-05 2.589694e-03 3.806777e-01 9.255109e-03 5.210750e-08 8.161159e-01 
250 200 1.564657e-04 3.946014e-07 2.500601e-08 2.471874e-02 2.902341e-05 3.997205e-03 5.943196e-01 1.152391e-02 2.480158e-02 2.997783e-05 3.999144e-03 5.937473e-01 1.151833e-02 5.308539e-08 1.268862e+00 
300 200 1.617035e-04 4.217029e-07 4.209578e-08 3.576715e-02 3.465381e-05 5.790759e-03 8.669423e-01 1.381579e-02 3.580596e-02 3.510141e-05 5.815522e-03 8.678128e-01 1.380845e-02 6.710179e-08 1.845811e+00 
350 200 1.686779e-04 4.316214e-07 3.110617e-08 4.859745e-02 3.661471e-05 7.934142e-03 1.279236e+00 1.609885e-02 4.869663e-02 3.945190e-05 7.913416e-03 1.278148e+00 1.611215e-02 4.111789e-08 2.703002e+00 
400 200 1.751486e-04 4.136935e-07 2.998859e-08 6.370662e-02 4.444038e-05 1.036716e-02 1.765845e+00 1.841142e-02 6.377173e-02 4.333770e-05 1.037658e-02 1.764610e+00 1.838390e-02 5.206093e-08 3.715754e+00 
450 200 1.843984e-04 4.696660e-07 3.702007e-08 8.063665e-02 4.645442e-05 1.314719e-02 2.343499e+00 2.064829e-02 8.061197e-02 4.796367e-05 1.312231e-02 2.344540e+00 2.064422e-02 4.097819e-08 4.917147e+00 
500 200 1.879669e-04 5.308073e-07 2.998859e-08 9.995163e-02 5.196664e-05 1.629606e-02 3.063843e+00 2.296339e-02 9.950152e-02 5.233218e-05 1.612961e-02 3.063712e+00 2.293353e-02 5.308539e-08 6.405645e+00 
550 200 1.952828e-04 4.686881e-07 3.799796e-08 1.207132e-01 5.768118e-05 1.975984e-02 3.732267e+00 2.519485e-02 1.204139e-01 5.854652e-05 1.956484e-02 3.727334e+00 2.519291e-02 6.519258e-08 7.790773e+00 
600 200 2.032005e-04 7.010065e-07 2.696179e-08 1.436046e-01 6.260448e-05 2.338424e-02 4.621718e+00 2.753065e-02 1.440206e-01 6.327946e-05 2.354191e-02 4.621580e+00 2.750064e-02 4.712492e-08 9.633229e+00 
650 200 2.158945e-04 4.006084e-07 2.998859e-08 1.686705e-01 6.500813e-05 2.746354e-02 5.671710e+00 2.975709e-02 1.682901e-01 6.521740e-05 2.751834e-02 5.664378e+00 2.983440e-02 4.312024e-08 1.178799e+01 
700 200 2.269420e-04 4.176050e-07 4.009344e-08 1.958025e-01 7.053143e-05 3.210893e-02 6.757873e+00 3.204355e-02 1.958538e-01 6.961301e-05 3.209911e-02 6.771854e+00 3.202983e-02 4.707836e-08 1.405005e+01 
750 200 2.298906e-04 4.407018e-07 4.000030e-08 2.239645e-01 7.683481e-05 3.674083e-02 7.945933e+00 3.429770e-02 2.246771e-01 7.569119e-05 3.660329e-02 7.961296e+00 3.427532e-02 4.698522e-08 1.649819e+01 
800 200 2.367107e-04 3.765337e-07 2.500601e-08 2.566602e-01 7.872107e-05 4.179160e-02 9.265623e+00 3.657926e-02 2.556813e-01 7.925960e-05 4.148456e-02 9.256968e+00 3.657969e-02 4.698522e-08 1.919179e+01 
850 200 2.404987e-04 4.567206e-07 2.998859e-08 2.879807e-01 8.243229e-05 4.734076e-02 1.067092e+01 3.883648e-02 2.888760e-01 8.178926e-05 4.704136e-02 1.067185e+01 3.883091e-02 4.810281e-08 2.209211e+01 
900 200 2.523784e-04 5.809125e-07 2.500601e-08 3.230609e-01 8.627214e-05 5.306692e-02 1.226403e+01 4.111669e-02 3.236426e-01 8.895206e-05 5.293787e-02 1.226315e+01 4.110454e-02 5.313195e-08 2.536256e+01 
950 200 3.261629e-04 4.056375e-07 5.098991e-08 3.600423e-01 9.366209e-05 5.902613e-02 1.358672e+01 4.338279e-02 3.599260e-01 9.689289e-05 5.896214e-02 1.360942e+01 4.340042e-02 5.313195e-08 2.812142e+01 
1000 200 2.581161e-04 5.307607e-07 2.500601e-08 3.989040e-01 9.441520e-05 6.543868e-02 1.555635e+01 4.567689e-02 3.996608e-01 9.625289e-05 6.517397e-02 1.519266e+01 4.565260e-02 6.812625e-08 3.176999e+01 
